100 7425
0 42 19126
0 51 2035
0 52 -94
0 26 20836
0 11 1440
0 59 1770
0 38 9535
0 57 8402
0 48 4805
0 4 15830
0 47 2844
0 76 7347
0 27 11228
0 61 22245
0 6 8181
0 87 19959
0 28 126
0 83 21255
0 98 7098
0 22 17436
0 50 14550
0 60 15393
0 56 3283
0 40 16410
0 88 13008
0 80 10221
0 46 16752
0 1 16748
0 68 18548
0 86 13749
0 71 19385
0 64 22248
0 67 16849
0 62 3271
0 12 21318
0 32 9170
0 89 10366
0 45 12581
0 92 15173
0 65 12592
0 16 1630
0 63 9092
0 30 10399
0 94 7123
0 97 15912
0 23 5199
0 3 10715
0 69 7591
0 31 2463
0 41 15548
0 74 6843
0 93 10411
0 18 10275
0 77 19758
0 20 8877
0 58 2361
0 91 22041
0 53 5491
0 95 11960
0 2 4614
0 79 10840
0 75 10348
0 14 7723
0 9 16842
0 49 20273
0 55 10664
0 13 16625
0 25 15266
0 24 7493
0 66 17523
0 73 9552
0 96 7782
0 99 14116
0 72 15646
0 90 17384
0 70 20840
0 7 4173
0 43 535
0 36 8053
0 34 19767
0 21 12972
0 39 18640
1 23 16164
1 34 21290
1 25 7818
1 28 728
1 13 8704
1 63 17350
1 41 10645
1 99 2979
1 8 7607
1 14 369
1 26 10254
1 70 13619
1 52 4085
1 43 8604
1 80 20265
1 16 19514
1 89 1727
1 83 12561
1 72 10203
1 86 20290
1 75 17308
1 33 5048
1 88 21148
1 94 8550
1 62 9418
1 85 8165
1 92 373
1 68 9214
1 73 9902
1 61 14516
1 55 20852
1 40 11020
1 95 780
1 9 21180
1 39 15751
1 98 5108
1 5 12221
1 60 7388
1 2 13098
1 3 7190
1 90 15330
1 31 11909
1 65 14142
1 10 8108
1 81 13095
1 67 8616
1 49 517
1 53 14622
1 58 16930
1 21 21267
1 77 19865
1 15 5584
1 11 20813
1 56 1439
1 79 21408
1 18 12238
1 22 3238
1 48 10698
1 66 7062
1 71 21642
1 87 1533
1 7 1935
1 29 21197
1 84 8991
1 35 14575
2 21 12229
2 59 16276
2 78 13814
2 96 18778
2 32 6609
2 83 4245
2 0 15709
2 7 2289
2 51 5071
2 68 14165
2 61 11548
2 11 5983
2 9 21375
2 12 19477
2 28 2698
2 19 1278
2 95 13904
2 67 3356
2 92 10215
2 70 13271
2 42 10211
2 16 11674
2 44 7036
2 73 10241
2 47 8160
2 35 3067
2 49 6154
2 46 18792
2 99 15838
2 93 15505
2 6 13006
2 30 18925
2 18 11592
2 22 10049
2 89 12063
2 64 6616
2 33 19651
2 43 15238
2 40 13371
2 91 10144
2 69 20039
2 36 11628
2 25 8625
2 8 20342
2 62 18434
2 3 21121
2 14 5877
2 48 22230
2 34 20438
2 81 7717
2 52 7641
2 20 10739
2 1 15325
2 85 653
2 56 17421
2 60 15616
2 41 2282
2 24 5050
2 84 6174
2 38 2259
2 98 659
2 58 8404
2 97 2884
2 74 17259
2 39 9231
2 88 14694
2 65 14337
2 90 11134
2 57 16010
2 63 973
2 26 12685
2 82 19859
2 45 224
3 77 972
3 5 16925
3 16 5073
3 51 4802
3 47 6585
3 34 18522
3 93 4626
3 14 18145
3 82 8572
3 84 8841
3 74 17978
3 7 16644
3 44 15744
3 9 17994
3 65 7057
3 71 2887
3 85 5308
3 10 19135
3 63 17429
3 28 12358
3 92 1836
3 50 16599
3 90 7843
3 19 2922
3 56 20797
3 49 5476
3 69 3231
3 59 5059
3 52 16016
3 33 21379
3 12 3286
3 72 20306
3 60 2035
3 76 19639
3 96 7146
3 78 14564
3 46 14975
3 53 21338
3 27 1429
3 37 15771
3 99 11160
3 4 13766
3 55 4068
3 38 14619
3 18 9465
3 48 21217
3 31 1454
3 20 7209
3 21 18740
3 35 14092
3 41 7081
3 91 17252
3 36 6568
3 43 3285
3 25 21843
3 6 11719
3 26 10659
3 87 13913
3 54 5912
3 73 18928
3 29 20235
3 32 12383
3 8 21758
3 98 10810
3 42 9661
3 75 289
3 23 15582
3 45 7781
3 11 3016
3 97 19330
3 66 22086
3 61 21977
3 68 4486
3 1 5230
3 95 18295
3 79 4254
3 24 19351
4 56 17175
4 16 20022
4 65 5343
4 89 12889
4 43 2148
4 39 6293
4 88 12600
4 5 3189
4 24 8231
4 20 3771
4 0 155
4 84 19108
4 29 21243
4 95 9531
4 15 6598
4 41 17867
4 85 16147
4 93 3540
4 87 17443
4 68 21896
4 33 5290
4 36 16788
4 32 352
4 73 7934
4 79 9780
4 37 19949
4 12 9327
4 75 4345
4 70 4928
4 74 9601
4 3 2673
4 82 8641
4 90 4102
4 23 15260
4 22 10414
4 72 15710
4 98 3070
4 35 20820
4 91 11971
4 34 2586
4 59 2675
4 8 20220
4 81 16882
4 69 18643
4 86 11454
4 38 12539
4 25 7417
4 7 10693
4 18 627
4 17 8497
4 67 415
4 2 3651
4 63 21072
4 48 20172
4 51 841
4 53 11629
4 45 6049
4 62 2049
4 94 2240
4 49 10493
4 44 8276
4 96 9010
4 58 15510
4 80 16484
4 83 6248
4 76 5940
4 50 1243
4 14 19567
5 91 18381
5 22 17556
5 34 3065
5 96 4118
5 51 4864
5 85 5596
5 9 10392
5 82 3897
5 40 12547
5 80 7420
5 3 14560
5 7 13445
5 47 20691
5 17 3560
5 79 12144
5 76 22077
5 89 1746
5 39 19182
5 2 9740
5 45 13919
5 44 9353
5 21 4652
5 26 2903
5 27 21
5 99 19544
5 70 1036
5 60 14270
5 1 12158
5 67 6503
5 77 20099
5 41 3277
5 65 20533
5 25 7051
5 64 3918
5 74 20856
5 55 17415
5 75 17152
5 8 15038
5 32 13129
5 90 1443
5 0 1140
5 15 3646
5 94 4285
5 97 6127
5 49 4273
5 14 7171
5 73 4655
5 29 4130
5 86 19121
5 23 8695
5 62 7708
5 24 15656
5 68 19506
5 31 17629
5 18 798
5 19 5948
5 33 9949
5 43 1744
5 52 7692
5 6 11926
5 69 19528
5 92 5916
5 66 16215
5 78 9353
5 71 12639
5 83 7653
5 20 19597
5 98 4586
5 28 5243
5 48 3246
5 10 21406
5 37 18696
6 56 7410
6 43 19680
6 84 16435
6 25 19601
6 4 11386
6 32 12232
6 85 14995
6 50 20661
6 96 4790
6 95 13613
6 55 20404
6 69 3409
6 33 636
6 97 3859
6 61 2024
6 51 16401
6 3 8670
6 86 7998
6 77 3375
6 26 9546
6 45 10139
6 11 17268
6 59 9116
6 28 17368
6 14 15821
6 20 11803
6 8 7295
6 82 3523
6 60 2807
6 79 6179
6 83 1644
6 39 7073
6 66 19692
6 93 4675
6 30 13574
6 94 21520
6 5 19673
6 98 17494
6 44 21204
6 58 8228
6 64 18144
6 48 17149
6 18 7320
6 40 17022
6 73 14001
6 68 19147
6 41 7283
6 63 18014
6 23 20642
6 49 1455
6 27 9364
6 71 14786
6 75 4044
6 81 7891
6 31 14904
6 22 17986
6 90 12688
6 53 17493
6 17 14348
6 7 8568
6 62 12841
6 38 7663
6 34 20174
6 10 1032
6 47 7323
6 65 9709
6 99 143
7 67 6481
7 11 3511
7 59 899
7 15 8409
7 17 6211
7 55 18619
7 26 4410
7 43 20067
7 77 16438
7 56 20404
7 35 2113
7 61 9938
7 92 3533
7 91 6658
7 96 8198
7 21 4925
7 4 19533
7 14 18718
7 10 9604
7 65 13848
7 81 19060
7 8 11119
7 85 18220
7 95 8563
7 9 17213
7 16 4749
7 20 8402
7 33 7669
7 70 11334
7 97 16753
7 3 5300
7 6 12411
7 37 13450
7 48 8027
7 25 19826
7 57 7561
7 58 19774
7 32 6298
7 63 1914
7 90 15557
7 31 21548
7 60 7500
7 94 1238
7 84 2401
7 62 2989
7 78 13877
7 52 16908
7 88 6545
7 80 3653
7 27 18896
7 22 3281
7 38 9938
7 98 17780
7 87 17205
7 76 9639
7 23 15615
7 28 2966
7 5 5199
7 54 5513
7 0 4445
7 69 21392
7 44 17587
7 29 2558
7 36 20605
7 75 2706
7 89 13126
7 1 3116
7 18 15282
7 71 7029
7 79 15049
7 2 20169
7 12 3939
7 50 8165
7 73 19177
7 13 20039
7 68 10410
8 56 1680
8 42 21837
8 80 1916
8 68 12778
8 60 13321
8 32 10062
8 36 21949
8 51 4262
8 16 2670
8 59 923
8 47 9491
8 3 14750
8 7 13342
8 46 21040
8 94 19867
8 72 463
8 90 7593
8 78 16973
8 52 22004
8 39 16745
8 79 4395
8 0 2120
8 45 3114
8 50 10618
8 96 2815
8 35 17995
8 22 18358
8 28 15487
8 13 20656
8 92 8938
8 21 13337
8 77 8541
8 93 862
8 5 18960
8 12 10072
8 11 11699
8 30 3481
8 88 3997
8 49 19892
8 14 13660
8 20 20528
8 43 9367
8 87 14988
8 76 6236
8 55 4591
8 17 586
8 61 19279
8 62 16412
8 9 7035
8 95 13418
8 54 1945
8 23 6842
8 6 4669
8 37 5930
8 33 14400
8 38 4051
8 18 21016
8 64 1363
8 19 15343
8 34 17704
8 71 686
8 10 17039
8 15 15974
8 70 7914
8 73 2887
8 67 6387
8 27 11694
8 40 9248
8 25 758
8 84 1974
8 63 5421
8 48 15814
8 85 17597
8 83 17796
8 24 14801
8 86 17117
9 94 1788
9 34 179
9 5 15696
9 72 4692
9 83 11535
9 60 10551
9 12 11689
9 63 5138
9 48 9494
9 90 282
9 51 14149
9 14 14754
9 37 13703
9 54 10305
9 32 18612
9 1 1869
9 19 15388
9 24 1705
9 36 5045
9 78 2973
9 73 16518
9 35 21752
9 58 14688
9 42 13205
9 31 5618
9 71 21209
9 6 13468
9 82 6729
9 33 16513
9 2 13798
9 57 21669
9 65 4897
9 93 12303
9 46 12481
9 92 9600
9 30 15485
9 61 1942
9 21 14421
9 49 17157
9 41 1805
9 7 7955
9 55 19326
9 99 12680
9 86 15319
9 15 20303
9 77 3607
9 44 18472
9 17 17503
9 29 15992
9 88 2834
9 68 2919
9 50 15343
9 10 12245
9 22 9935
9 53 22012
9 18 17315
9 67 10227
9 56 20816
9 28 3654
9 13 7093
9 40 14858
9 76 18588
9 20 18745
9 27 17323
9 85 20394
9 91 2848
9 69 22058
9 81 10923
9 4 20744
9 70 18074
9 43 1156
9 97 21609
9 26 15497
10 62 15253
10 96 20005
10 61 20342
10 9 18898
10 76 11077
10 2 13818
10 63 13294
10 6 16406
10 47 3621
10 3 2345
10 87 4990
10 58 11803
10 32 15900
10 66 15210
10 36 9524
10 60 5471
10 99 20861
10 34 19164
10 19 131
10 57 13971
10 44 768
10 50 11793
10 67 13907
10 0 8069
10 54 7298
10 77 15214
10 24 21531
10 18 22145
10 78 7945
10 81 16947
10 8 1687
10 33 21304
10 17 14680
10 31 560
10 5 19100
10 86 22092
10 74 14862
10 98 19445
10 49 2908
10 39 13072
10 40 15988
10 51 5508
10 35 18673
10 72 22000
10 29 3750
10 25 5699
10 13 13353
10 37 7331
10 4 6469
10 48 20246
10 97 13753
10 84 3361
10 94 16786
10 69 5412
10 82 5714
10 89 13837
10 83 1294
10 20 13611
10 73 3790
10 93 9421
10 90 14897
10 15 18526
10 1 18503
10 85 17238
10 16 3761
10 88 11132
10 11 3337
10 79 5745
10 95 3801
10 41 19812
10 21 22222
10 45 4960
10 56 14922
10 64 20923
11 80 2858
11 26 1182
11 53 5232
11 69 506
11 97 5426
11 82 14300
11 77 21820
11 13 17932
11 39 1022
11 93 7074
11 30 20757
11 3 14331
11 67 21357
11 57 18784
11 78 4646
11 4 17249
11 98 14870
11 21 6394
11 27 17097
11 25 22200
11 31 4158
11 15 18888
11 5 9814
11 65 3466
11 10 21606
11 46 3408
11 60 19255
11 59 15460
11 40 1949
11 9 21670
11 95 22086
11 54 4018
11 96 21345
11 73 191
11 62 8433
11 66 1440
11 2 3763
11 92 15210
11 32 12835
11 68 21724
11 50 452
11 76 8991
11 90 1058
11 36 2687
11 14 4823
11 33 12716
11 70 10499
11 72 15439
11 37 1227
11 23 10431
11 1 9050
11 87 11496
11 79 4031
11 89 12893
11 16 9052
11 20 5333
11 51 12168
11 83 8728
11 41 799
11 71 21241
11 74 657
11 99 13679
11 17 7999
11 8 10479
11 63 14926
11 28 3121
11 0 8326
11 19 3021
11 81 13490
11 56 225
11 86 6375
12 62 14572
12 98 14269
12 5 7962
12 23 310
12 0 17292
12 61 19649
12 73 17826
12 14 3084
12 99 1622
12 88 14267
12 64 8400
12 28 15488
12 16 4462
12 33 15684
12 74 14016
12 92 2669
12 32 4903
12 49 16817
12 34 643
12 58 1929
12 45 12500
12 50 169
12 39 20007
12 31 7017
12 8 21210
12 63 109
12 70 15471
12 51 7623
12 81 9482
12 54 14266
12 78 10140
12 17 18870
12 40 7815
12 72 12652
12 46 1665
12 21 16539
12 86 20412
12 1 15316
12 84 9277
12 36 12659
12 52 21485
12 79 19576
12 20 2445
12 44 15172
12 4 3612
12 94 6896
12 75 16171
12 93 2223
12 97 2919
12 43 20029
12 7 7259
12 41 11768
12 90 8681
12 30 15390
12 82 19059
12 38 2428
12 60 8616
12 95 15106
12 15 6888
12 87 21526
12 48 11815
12 96 14787
12 2 21318
12 57 17226
12 89 11637
12 18 5671
12 42 10240
12 55 7500
12 26 13726
12 53 7623
12 13 6588
12 27 14332
13 88 166
13 15 6602
13 84 2690
13 70 6510
13 64 19714
13 54 12089
13 69 12875
13 80 8194
13 49 8453
13 20 4825
13 16 2394
13 5 8765
13 57 1918
13 2 18680
13 72 18813
13 35 9096
13 89 18033
13 29 11324
13 14 20129
13 23 6628
13 83 382
13 46 7313
13 7 14755
13 63 12471
13 75 4036
13 58 6247
13 21 6004
13 52 10212
13 81 17382
13 40 18730
13 31 13683
13 1 3312
13 95 19262
13 90 5238
13 96 17111
13 45 1905
13 9 9363
13 3 15631
13 22 18753
13 87 5621
13 74 13726
13 27 17244
13 98 4571
13 33 7957
13 8 12570
13 60 15125
13 38 1446
13 25 7952
13 66 11283
13 24 7981
13 34 10969
13 44 5079
13 42 13326
13 97 13557
13 32 11690
13 48 6268
13 10 16525
13 93 10459
13 39 3784
13 51 165
13 94 15746
13 43 4711
13 62 16111
13 56 14976
13 99 10410
13 4 16827
13 17 4607
13 55 11977
13 53 9046
13 47 4260
13 92 6831
13 61 6335
13 50 21649
13 11 18821
14 89 16359
14 53 10367
14 94 7096
14 49 15316
14 34 14649
14 41 20618
14 56 11824
14 50 11048
14 3 13255
14 15 4641
14 80 14498
14 52 1442
14 35 5169
14 40 745
14 17 16181
14 63 6893
14 39 13483
14 12 20148
14 76 5976
14 10 4029
14 48 13127
14 11 10599
14 84 10544
14 31 7755
14 82 15738
14 99 11009
14 75 1917
14 81 20366
14 57 10381
14 2 21153
14 51 21808
14 69 12826
14 72 20599
14 91 4387
14 27 14716
14 68 22250
14 13 20735
14 42 12924
14 44 3899
14 90 11805
14 32 11786
14 74 20620
14 47 1250
14 70 15883
14 58 9542
14 54 20977
14 7 11652
14 78 765
14 29 11532
14 24 126
14 18 592
14 96 10245
14 16 3575
14 62 12169
14 22 18101
14 77 19750
14 21 15485
14 9 18418
14 93 5730
14 65 21000
14 61 21725
14 28 7610
14 55 4909
14 43 10796
14 92 5889
14 64 16536
14 46 14811
14 19 17360
14 60 9697
14 97 19097
14 79 1121
14 88 13279
14 38 18029
14 67 21862
15 86 4383
15 2 6578
15 47 3231
15 1 2587
15 33 11894
15 49 7436
15 5 14717
15 36 21867
15 92 11541
15 57 9343
15 71 20051
15 74 16591
15 44 862
15 39 10027
15 75 4662
15 6 14990
15 81 16337
15 52 12389
15 48 7956
15 32 1260
15 84 12650
15 70 3778
15 59 12514
15 13 16091
15 42 10739
15 77 12199
15 54 7744
15 91 9383
15 21 14648
15 65 3011
15 90 4857
15 82 21660
15 10 4469
15 51 3139
15 73 17118
15 63 14537
15 4 17831
15 64 7765
15 41 8792
15 37 13537
15 31 1046
15 56 16144
15 9 2870
15 26 8452
15 79 2204
15 11 494
15 35 4723
15 55 6311
15 18 18509
15 62 17414
15 96 13422
15 12 17049
15 83 7807
15 58 16255
15 97 13711
15 53 15460
15 69 11748
15 67 13805
15 85 5176
15 28 6644
15 38 2063
15 0 3787
15 98 13841
15 34 614
15 93 3753
15 89 14498
15 19 4077
15 50 914
15 45 21404
15 27 19910
15 61 1861
15 43 16367
16 47 10544
16 86 10313
16 48 978
16 29 10572
16 73 4006
16 18 9352
16 91 5816
16 6 21379
16 83 326
16 53 19047
16 12 20792
16 20 22160
16 9 2694
16 7 7104
16 63 14882
16 0 16552
16 68 1963
16 94 19446
16 36 9811
16 19 11169
16 34 373
16 55 14367
16 26 9901
16 61 16740
16 5 16914
16 56 2915
16 45 12916
16 42 13668
16 52 17159
16 50 13181
16 67 14792
16 13 8568
16 38 6286
16 28 9380
16 71 16441
16 24 17711
16 95 8310
16 14 11824
16 8 4180
16 44 16918
16 92 14667
16 98 14906
16 17 10441
16 75 11213
16 93 1975
16 23 2884
16 21 16326
16 74 22206
16 41 17380
16 43 16210
16 49 8891
16 62 19225
16 80 16474
16 2 2640
16 69 4082
16 25 17306
16 90 4636
16 32 6603
16 58 6044
16 39 16259
16 11 5651
16 35 8379
16 37 14450
16 10 19136
16 82 8370
16 30 8939
16 89 19040
16 3 21328
16 66 18459
16 59 5967
16 1 15828
16 65 7847
16 96 10118
16 57 14
16 97 10053
16 79 20893
16 99 5719
16 4 5064
16 88 21129
16 77 5404
16 64 4371
17 62 11796
17 52 5814
17 16 2657
17 92 7628
17 48 17803
17 11 7080
17 81 9094
17 44 3926
17 97 11600
17 4 4186
17 25 21075
17 0 2341
17 15 3489
17 34 20936
17 63 2891
17 53 7887
17 77 14597
17 56 11924
17 35 28
17 59 2474
17 20 881
17 36 4733
17 19 12534
17 6 3917
17 54 20405
17 41 8180
17 8 490
17 94 613
17 46 4533
17 64 8043
17 10 954
17 72 2853
17 58 21153
17 49 7777
17 66 5236
17 42 3902
17 93 1975
17 2 9269
17 86 20240
17 13 3619
17 80 17416
17 90 11908
17 47 14439
17 40 6487
17 68 16840
17 23 8562
17 22 9629
17 12 12415
17 21 11333
17 32 21542
17 91 7319
17 33 7389
17 57 18301
17 84 21583
17 98 14950
17 31 6673
17 9 5104
17 78 3879
17 96 14958
17 95 8316
17 24 4849
17 73 6408
17 65 9582
17 51 19601
17 74 2464
17 67 14988
17 87 8691
17 7 2298
17 75 17052
17 43 21257
17 1 11572
17 88 299
17 18 19845
17 61 10729
17 82 8820
17 45 7679
18 71 4793
18 8 40
18 3 8629
18 47 19622
18 19 8734
18 4 13347
18 40 11820
18 81 14144
18 55 11914
18 75 2507
18 28 21158
18 69 3991
18 62 8130
18 57 15427
18 21 11910
18 2 14881
18 78 20973
18 42 13382
18 93 19378
18 0 10358
18 22 20185
18 16 5543
18 9 1782
18 67 11230
18 87 16243
18 44 14744
18 20 1897
18 36 17349
18 12 199
18 59 14139
18 26 7712
18 83 15532
18 72 21232
18 41 7930
18 96 14154
18 25 4989
18 10 15488
18 34 19564
18 13 -57
18 54 12061
18 80 7504
18 89 20268
18 91 20744
18 51 18253
18 15 9289
18 27 11803
18 65 11142
18 61 1076
18 64 4677
18 97 9226
18 33 3632
18 84 14001
18 29 5084
18 73 19205
18 6 3476
18 45 6070
18 35 7396
18 23 2177
18 11 14562
18 38 17076
18 90 17474
18 32 5056
18 30 3434
18 77 14745
18 39 18820
19 52 5416
19 22 20593
19 36 6988
19 20 13308
19 57 18290
19 94 8118
19 2 3920
19 26 10242
19 48 411
19 95 3105
19 73 13873
19 64 21312
19 69 22125
19 5 21902
19 68 5795
19 14 16686
19 27 5197
19 91 21990
19 4 10426
19 79 1376
19 25 14109
19 93 3720
19 88 19916
19 87 1974
19 3 19684
19 77 6850
19 33 13864
19 83 15056
19 8 3344
19 11 8621
19 61 5718
19 35 21626
19 34 18178
19 99 17632
19 54 8962
19 46 15328
19 17 16960
19 62 15875
19 41 1263
19 6 14135
19 13 13979
19 78 15059
19 44 5649
19 70 3922
19 63 610
19 37 6082
19 47 18504
19 81 9836
19 50 6599
19 98 15938
19 32 2812
19 43 2439
19 15 7710
19 67 9965
19 59 16883
19 9 18896
19 51 762
19 55 7701
19 10 19561
19 97 9393
19 82 16701
19 45 22228
19 60 582
19 56 464
19 1 19466
19 75 16797
19 72 11313
19 38 14220
19 23 13154
19 65 3660
19 96 17332
19 74 3500
19 40 10345
20 58 13385
20 77 1472
20 1 11491
20 91 14758
20 54 11846
20 99 5513
20 40 8890
20 90 7021
20 48 18860
20 14 5143
20 51 16360
20 52 8156
20 44 6480
20 6 6540
20 66 3298
20 42 10156
20 37 10125
20 25 16424
20 18 18485
20 78 14436
20 81 13671
20 47 20369
20 10 19805
20 72 9351
20 11 2580
20 56 15035
20 0 3861
20 61 16350
20 5 21816
20 38 1998
20 13 2402
20 17 12038
20 19 1787
20 95 22264
20 26 11298
20 21 18143
20 49 12592
20 84 3947
20 68 12416
20 79 4726
20 73 2348
20 3 15832
20 50 9887
20 7 11894
20 87 8000
20 29 19685
20 76 2281
20 16 20919
20 22 11867
20 39 16850
20 24 6583
20 74 11904
20 65 3193
20 4 2847
20 15 4903
20 2 2873
20 33 7500
20 34 15053
20 89 11592
20 57 16147
20 53 18400
20 8 18777
20 80 2888
20 93 1345
20 28 19605
20 71 14761
20 88 567
20 69 2182
21 53 20979
21 71 21658
21 91 14982
21 48 1975
21 5 22170
21 44 7639
21 40 11047
21 97 20232
21 29 15546
21 90 4736
21 13 11625
21 68 20061
21 28 3981
21 51 17157
21 23 8432
21 52 7638
21 14 55
21 32 11635
21 58 15586
21 27 2540
21 18 4915
21 66 3200
21 60 3876
21 84 -15
21 36 1825
21 19 19068
21 62 14425
21 85 11682
21 47 3780
21 83 17139
21 45 4889
21 10 17781
21 73 20842
21 86 15961
21 31 15054
21 75 14081
21 35 4191
21 82 16349
21 93 9180
21 22 10019
21 17 3937
21 34 16574
21 11 17619
21 8 20367
21 33 16536
21 38 602
21 41 20306
21 88 19612
21 2 10293
21 49 16437
21 25 14911
21 92 15464
21 94 10154
21 67 7207
21 50 2680
21 95 16078
21 77 3818
21 16 911
21 69 12036
21 20 5563
21 98 1888
21 9 21359
21 0 1483
21 7 1125
21 63 9710
21 87 20547
21 46 7431
21 56 15551
21 74 18378
21 78 15448
22 40 19353
22 75 13519
22 15 12795
22 98 6815
22 6 17765
22 3 19349
22 90 21907
22 4 12559
22 0 2465
22 24 9413
22 99 259
22 14 8762
22 66 13695
22 54 21105
22 41 19734
22 26 18327
22 97 173
22 21 19306
22 27 6308
22 18 12651
22 33 17622
22 86 924
22 96 14173
22 52 4756
22 43 13366
22 78 1476
22 55 22038
22 29 21751
22 39 9934
22 80 17282
22 7 20527
22 81 3862
22 9 13145
22 31 18882
22 91 19502
22 74 7329
22 85 5887
22 5 5681
22 53 14225
22 73 19346
22 16 1419
22 25 20528
22 95 21043
22 82 19427
22 68 18064
22 46 14421
22 47 11283
22 2 6615
22 77 20833
22 67 17213
22 69 514
22 94 20151
22 56 16559
22 63 9229
22 87 15124
22 44 5775
22 79 8835
22 13 15327
22 57 22006
22 49 13300
22 10 9537
22 37 4860
22 12 9286
22 50 18139
22 92 7227
22 88 11195
22 8 14353
23 71 10837
23 31 4577
23 86 2663
23 65 16675
23 12 17564
23 96 16190
23 42 5387
23 93 19742
23 56 21062
23 51 9834
23 21 8566
23 98 13700
23 60 13855
23 66 20612
23 73 19139
23 88 14389
23 36 21940
23 57 8682
23 37 21630
23 24 18846
23 99 9624
23 55 11946
23 3 9329
23 22 21645
23 74 180
23 97 18874
23 40 22217
23 35 8209
23 94 14194
23 13 7500
23 67 3225
23 52 11918
23 18 5401
23 48 1060
23 63 1641
23 26 12641
23 17 4625
23 8 16906
23 16 21322
23 0 13494
23 75 19439
23 58 8558
23 92 6434
23 32 6933
23 47 15533
23 44 15373
23 70 22039
23 45 13073
23 82 8838
23 91 11110
23 90 1812
23 83 10682
23 19 17538
23 28 6968
23 77 10804
23 4 2002
23 76 -17
23 1 14601
23 61 3605
23 25 10955
23 54 21398
23 33 10887
23 79 21772
23 41 15165
23 30 6923
23 2 8184
23 27 14707
24 93 11549
24 38 2564
24 12 19099
24 23 9237
24 76 8589
24 0 3066
24 53 11784
24 5 10313
24 82 4406
24 54 18683
24 31 19345
24 67 8008
24 34 17509
24 8 10498
24 98 19512
24 50 886
24 44 11132
24 26 2270
24 71 18782
24 85 19492
24 86 10145
24 48 11721
24 21 8652
24 46 15219
24 29 21985
24 72 15029
24 89 20999
24 79 8653
24 17 12056
24 40 13277
24 7 7746
24 30 18126
24 37 3876
24 13 16281
24 55 4794
24 42 3867
24 33 9120
24 41 9988
24 69 20555
24 25 7444
24 94 21304
24 57 777
24 95 22075
24 92 19823
24 99 10898
24 64 3711
24 45 7006
24 28 11775
24 16 21068
24 63 8542
24 27 8687
24 59 15525
24 43 20301
24 96 20776
24 2 8660
24 3 4557
24 66 3313
24 32 3729
24 52 11500
24 75 16054
24 47 706
24 90 2804
24 80 9595
24 22 9489
24 73 11819
24 36 2860
24 78 13985
24 6 2593
24 10 19772
24 65 4817
24 88 100
24 62 19891
24 4 13295
24 35 7884
25 85 3784
25 40 21718
25 69 7456
25 55 7970
25 39 20462
25 51 5247
25 2 1030
25 44 92
25 45 13210
25 47 3552
25 68 4887
25 37 20561
25 76 20553
25 77 15420
25 29 13809
25 43 114
25 31 17557
25 16 18924
25 73 5296
25 75 1687
25 94 12937
25 24 19771
25 33 1206
25 19 9902
25 63 11073
25 59 14856
25 22 400
25 9 12016
25 21 13625
25 48 1579
25 50 7276
25 8 13224
25 79 12199
25 99 18975
25 89 5091
25 30 8044
25 83 16883
25 86 20839
25 34 20931
25 92 9790
25 3 17586
25 91 552
25 5 22114
25 74 10548
25 82 2374
25 96 20163
25 36 4166
25 1 2192
25 14 22053
25 62 21034
25 17 8961
25 90 13891
25 81 2842
25 60 21075
25 23 14354
25 49 20515
25 42 14335
25 93 1254
25 10 1991
25 67 2024
25 88 9300
25 71 17638
25 20 8477
25 15 11823
25 46 20041
25 84 9793
25 56 790
25 57 1322
25 4 5705
25 6 20707
25 28 -17
25 78 12058
25 11 18109
25 53 12986
25 38 19873
26 57 5365
26 96 21216
26 35 13289
26 21 14932
26 62 4391
26 20 21139
26 2 11085
26 58 20119
26 4 4089
26 93 21888
26 47 11792
26 59 8129
26 17 6701
26 53 21282
26 23 265
26 61 10837
26 41 14197
26 5 5898
26 18 1095
26 73 11562
26 90 10243
26 14 10741
26 6 9607
26 48 12631
26 7 20612
26 16 3357
26 43 11369
26 60 6556
26 78 9939
26 55 19875
26 56 3516
26 71 15204
26 31 3871
26 45 11757
26 94 19712
26 82 1285
26 46 12468
26 81 9882
26 1 16775
26 32 19894
26 29 6506
26 64 10940
26 91 2115
26 38 1372
26 19 7310
26 30 21617
26 52 16052
26 85 16374
26 97 7863
26 86 4781
26 9 13326
26 69 7188
26 65 13313
26 37 6717
26 84 15781
26 10 9483
26 66 7827
26 98 16680
26 67 6451
26 72 399
26 8 10130
26 0 16861
26 24 6254
26 49 7497
26 54 17973
26 74 14847
26 75 805
26 15 15222
26 99 12836
26 63 17992
26 39 10310
26 51 20790
26 80 8773
26 44 20576
26 88 443
26 40 9227
27 8 7975
27 37 6319
27 63 8987
27 41 5547
27 10 3986
27 36 18170
27 49 20810
27 50 62
27 56 16910
27 76 17215
27 19 12418
27 68 17459
27 72 20094
27 87 6070
27 83 8046
27 96 17738
27 73 5591
27 38 5936
27 32 18600
27 99 10404
27 3 8698
27 78 5191
27 93 1708
27 7 11207
27 0 11967
27 14 3826
27 46 4446
27 18 14125
27 9 10334
27 97 17156
27 92 21723
27 58 1423
27 26 14785
27 43 13954
27 91 9650
27 94 6585
27 23 6727
27 17 11656
27 16 14745
27 1 12097
27 11 10762
27 81 5688
27 80 6719
27 79 12533
27 71 18265
27 74 7265
27 31 1068
27 55 11553
27 35 17496
27 70 17886
27 24 3133
27 67 226
27 33 525
27 77 4214
27 39 6936
27 65 5783
27 95 14022
27 28 10519
27 6 11708
27 53 3350
27 22 18345
27 90 19840
27 44 16086
27 66 14448
27 4 4069
27 25 11923
27 42 11056
27 20 4592
27 64 18629
27 69 5292
27 15 8992
27 57 10871
27 54 3342
27 88 7482
27 84 22009
27 62 17532
27 75 383
27 34 6974
28 62 16236
28 45 9019
28 72 1976
28 26 5218
28 89 4425
28 78 7540
28 58 5685
28 17 19367
28 75 10228
28 99 8309
28 70 1975
28 50 3038
28 37 15831
28 32 11550
28 22 2736
28 25 20033
28 91 1329
28 36 1913
28 6 11618
28 56 4710
28 51 15100
28 88 13521
28 3 15920
28 64 17242
28 82 15522
28 39 12855
28 67 13012
28 15 18617
28 27 21704
28 65 18150
28 94 19736
28 80 19722
28 73 6633
28 34 17524
28 55 2754
28 96 12590
28 74 4560
28 14 3310
28 59 9096
28 16 15797
28 90 3623
28 21 5986
28 4 8449
28 40 9465
28 23 309
28 48 8529
28 31 2691
28 92 1785
28 10 15145
28 97 4332
28 12 10691
28 8 20885
28 1 21383
28 84 13832
28 24 3919
28 19 3023
28 60 15014
28 61 20897
28 13 9498
28 20 5495
28 33 766
28 0 10332
28 9 19203
28 86 5813
28 76 20466
28 69 19881
28 71 1394
28 5 627
28 95 12825
28 66 5730
28 77 240
28 29 6570
28 43 19897
28 41 2012
28 30 12649
28 63 14935
29 56 20188
29 63 2666
29 80 6773
29 20 21155
29 13 9876
29 82 16003
29 90 8307
29 21 15591
29 31 10897
29 12 19096
29 76 11943
29 73 8559
29 0 13943
29 81 13389
29 33 21746
29 68 8014
29 35 16522
29 36 16784
29 75 16334
29 47 15980
29 16 16893
29 42 5720
29 37 2355
29 71 15239
29 10 1643
29 15 5965
29 69 10626
29 74 3105
29 5 5676
29 54 11915
29 28 15285
29 1 18332
29 57 9432
29 55 14249
29 70 7613
29 83 13752
29 58 796
29 86 6941
29 94 327
29 52 22227
29 41 8345
29 62 10004
29 34 1909
29 53 21364
29 96 18288
29 64 5029
29 49 -77
29 65 17164
29 17 7578
29 89 260
29 24 13836
29 43 16873
29 99 3063
29 23 13420
29 48 19608
29 88 17960
29 79 15596
29 30 3188
29 84 21360
29 18 13631
29 7 7929
29 26 14723
29 19 5914
29 40 9687
29 3 2653
29 25 3821
29 61 15292
29 66 20127
29 44 11469
29 60 11265
29 78 8457
29 2 17436
30 66 2481
30 88 13575
30 54 3582
30 59 12159
30 18 15140
30 27 8807
30 13 5207
30 83 17567
30 89 16909
30 2 9913
30 25 6118
30 43 15697
30 8 13474
30 45 15222
30 99 8653
30 62 1003
30 28 1320
30 32 12101
30 44 908
30 94 1017
30 71 15200
30 3 9022
30 55 19281
30 60 11960
30 95 2228
30 51 14151
30 36 9174
30 17 11954
30 47 3117
30 52 17563
30 6 19977
30 22 2911
30 29 19684
30 31 20548
30 16 3646
30 92 7398
30 75 6392
30 77 2104
30 74 15540
30 69 19697
30 26 17490
30 70 8037
30 65 6417
30 14 15582
30 9 3990
30 90 2655
30 73 446
30 84 385
30 49 10295
30 50 17425
30 24 10532
30 11 22256
30 82 13037
30 7 10851
30 85 10163
30 15 5164
30 67 4580
30 72 20667
30 5 17059
30 93 3412
30 96 15597
30 38 1189
30 56 20942
30 21 249
30 41 19221
30 58 4544
30 97 15994
30 1 2811
30 91 5753
30 87 7422
30 64 10592
30 4 21522
30 48 7790
30 63 16690
31 30 3927
31 42 10077
31 91 18927
31 37 20985
31 79 18943
31 61 16456
31 60 5990
31 84 6556
31 98 6128
31 71 9734
31 39 757
31 21 4521
31 20 15857
31 94 13756
31 10 12437
31 26 1483
31 34 866
31 4 15666
31 16 4267
31 95 6611
31 28 6805
31 5 18674
31 99 4861
31 0 3071
31 46 16807
31 58 6551
31 82 11728
31 73 12228
31 81 18322
31 18 14273
31 67 4627
31 55 15499
31 93 50
31 75 20616
31 27 14660
31 77 17349
31 11 8074
31 7 6637
31 49 8972
31 33 2038
31 32 13390
31 9 1499
31 12 12062
31 54 14393
31 80 4989
31 53 6615
31 38 5653
31 96 15265
31 97 3253
31 90 8959
31 51 12560
31 36 4683
31 41 21363
31 50 13885
31 45 6808
31 25 19869
31 92 14579
31 52 10004
31 43 7235
31 69 754
31 29 13981
31 35 17997
31 24 3697
31 57 19546
31 47 4237
31 1 20696
31 6 16055
31 68 1861
31 65 13521
31 74 13083
31 70 10458
31 78 2304
31 3 7201
31 40 236
31 86 162
32 39 18801
32 74 18358
32 2 3236
32 54 22116
32 73 22120
32 7 20032
32 67 17237
32 86 11106
32 56 10269
32 28 8759
32 10 7886
32 42 16683
32 61 10318
32 68 880
32 79 3132
32 15 20970
32 88 20816
32 58 20236
32 38 10379
32 96 1373
32 77 18521
32 23 1001
32 97 20490
32 6 12863
32 18 15503
32 19 1660
32 59 17573
32 1 5328
32 85 20085
32 76 1568
32 66 18117
32 91 18448
32 84 7979
32 33 7871
32 60 7115
32 20 8407
32 83 3496
32 36 20491
32 46 7642
32 27 11140
32 71 16971
32 44 10314
32 16 4351
32 12 13340
32 90 21606
32 24 11137
32 13 552
32 3 12218
32 43 12068
32 34 13467
32 53 2882
32 87 1733
32 92 3286
32 50 19762
32 4 16451
32 30 10573
32 94 6062
32 72 7862
32 48 3576
32 89 4215
32 49 2250
32 93 18857
32 31 15477
32 69 17838
32 22 168
32 95 8106
32 51 13556
32 75 8632
32 99 13040
32 45 21739
32 9 12962
32 35 8256
32 70 11164
32 47 2588
32 5 18493
32 80 4169
32 40 10129
32 98 6964
32 78 8798
32 11 8465
32 52 2166
32 37 1418
32 63 15339
32 25 20683
32 29 6520
33 22 13113
33 30 1331
33 84 18054
33 71 7523
33 67 9920
33 56 1588
33 41 2228
33 21 13461
33 18 19082
33 60 19207
33 47 17290
33 89 12714
33 92 9501
33 87 15266
33 40 15789
33 54 4748
33 39 13063
33 93 3951
33 5 12256
33 52 9122
33 19 5826
33 0 252
33 27 4369
33 61 12914
33 94 1050
33 49 11773
33 3 15105
33 99 19361
33 16 16126
33 24 20414
33 72 1714
33 51 1163
33 98 4776
33 59 10029
33 77 1866
33 65 18180
33 90 11656
33 70 12881
33 37 14911
33 76 8380
33 36 19460
33 23 11398
33 48 1415
33 75 5980
33 81 18091
33 44 19419
33 1 5010
33 79 11606
33 83 10134
33 80 -66
33 85 10388
33 45 11400
33 17 911
33 25 18344
33 95 5441
33 26 20480
33 50 7695
33 78 11401
33 64 11210
33 96 4301
33 13 10082
33 82 17229
33 58 2326
33 46 12497
33 66 21911
33 8 10714
33 6 17308
33 91 9366
33 42 7539
33 11 5862
33 9 11382
33 14 19159
33 15 19699
33 97 19324
34 21 12167
34 70 12070
34 31 10809
34 75 12495
34 71 20510
34 44 1536
34 68 3340
34 25 6809
34 18 10441
34 23 15192
34 40 7766
34 94 14877
34 84 7721
34 16 22172
34 91 7455
34 66 19436
34 15 18169
34 29 8180
34 74 21819
34 22 11782
34 77 16571
34 8 19424
34 92 12665
34 99 4940
34 2 21669
34 96 22100
34 49 17397
34 63 10273
34 45 21285
34 79 6582
34 88 8320
34 52 21206
34 78 16760
34 87 1596
34 11 13444
34 54 21640
34 83 16428
34 6 19897
34 35 21878
34 90 20956
34 24 17983
34 93 14646
34 65 21826
34 9 5373
34 13 2050
34 89 19770
34 67 3942
34 17 1977
34 38 20348
34 86 991
34 5 11710
34 50 18510
34 42 18705
34 47 2911
34 4 22067
34 85 19999
34 39 933
34 43 11161
34 27 12279
34 53 11590
34 46 22016
34 37 1542
34 41 8324
34 36 2873
34 14 12167
34 64 18347
34 97 2578
34 48 17378
35 41 21273
35 58 10528
35 97 3339
35 20 2242
35 60 16518
35 67 8511
35 24 12529
35 11 15406
35 3 1951
35 83 8833
35 9 20801
35 46 8505
35 66 14238
35 62 14432
35 61 14513
35 5 16257
35 84 4166
35 71 9842
35 78 2909
35 49 16735
35 25 10714
35 39 15464
35 45 11613
35 37 8076
35 27 5098
35 12 7903
35 81 10537
35 91 15162
35 51 6350
35 17 1324
35 7 17641
35 26 14433
35 73 1090
35 21 21042
35 93 15492
35 32 6042
35 94 14760
35 54 12218
35 38 12162
35 57 16036
35 85 1057
35 19 8446
35 47 17676
35 98 19607
35 30 541
35 18 19645
35 43 12960
35 0 2724
35 92 13018
35 86 11709
35 82 6732
35 68 17383
35 53 21202
35 70 16202
35 64 12439
35 13 7588
35 36 19674
35 31 4983
35 55 11663
35 59 3520
35 29 9606
35 79 21781
35 33 4883
35 50 9599
35 69 6337
35 72 12259
35 48 21007
35 90 1101
35 14 19221
35 10 9612
35 16 8418
35 56 1351
35 42 4196
36 82 17823
36 6 16365
36 89 3991
36 85 4166
36 96 20862
36 28 12188
36 73 13492
36 59 7646
36 64 17877
36 50 6819
36 60 14243
36 69 2230
36 25 18529
36 92 15178
36 45 12300
36 34 5409
36 42 11734
36 62 11996
36 79 18762
36 13 21811
36 17 11023
36 22 1270
36 11 11403
36 12 6952
36 80 1568
36 16 19940
36 99 20463
36 23 857
36 74 17989
36 66 10881
36 20 15083
36 44 10362
36 56 10357
36 21 16336
36 57 134
36 70 11092
36 38 13838
36 46 953
36 15 7862
36 53 21238
36 9 2157
36 30 3807
36 94 840
36 1 11423
36 39 19951
36 33 14344
36 61 17333
36 67 6709
36 32 11590
36 14 21317
36 43 2380
36 86 13902
36 63 19755
36 4 4272
36 93 10339
36 18 6233
36 77 20282
36 95 19982
36 35 20416
36 41 8401
36 98 5676
36 7 12353
36 81 6758
36 68 19280
36 47 19977
36 49 11508
36 83 10769
36 3 6519
36 97 7774
36 58 12376
36 52 3351
36 8 19610
36 87 22230
36 10 15599
36 55 10656
36 91 2603
36 90 18430
36 78 11682
36 65 21134
37 51 8427
37 14 2271
37 62 10145
37 75 15924
37 10 22182
37 7 7559
37 25 15881
37 41 12910
37 89 2747
37 24 5912
37 5 17467
37 91 8187
37 17 14829
37 47 19126
37 21 3479
37 74 14652
37 98 8862
37 49 11447
37 26 14084
37 79 19485
37 69 21999
37 78 18701
37 38 14042
37 44 14253
37 55 15029
37 50 7933
37 63 14529
37 97 13471
37 19 8375
37 1 18088
37 34 22057
37 31 5443
37 80 10465
37 94 4257
37 15 6654
37 9 11969
37 18 17584
37 35 697
37 59 14727
37 76 6550
37 16 18903
37 70 9261
37 95 7601
37 27 22273
37 42 16307
37 0 9309
37 64 7788
37 93 1151
37 85 21801
37 13 2016
37 11 20579
37 4 19161
37 61 7034
37 2 11305
37 39 15198
37 72 15270
37 23 4612
37 36 12418
37 84 196
37 52 21736
37 32 9143
37 6 11747
37 77 3066
37 71 19989
37 53 16360
37 68 8634
37 33 21558
37 73 1506
38 96 1996
38 49 11578
38 43 9350
38 8 18087
38 3 13825
38 79 956
38 26 10678
38 81 21088
38 71 10064
38 91 16142
38 87 7197
38 95 1635
38 9 6928
38 59 18569
38 83 4805
38 28 2752
38 25 17474
38 78 5591
38 50 17324
38 55 1718
38 15 14894
38 64 15197
38 56 19935
38 58 10925
38 7 10101
38 30 5691
38 62 13416
38 53 6456
38 76 9496
38 46 13467
38 66 22051
38 16 8480
38 17 17730
38 24 8246
38 10 19644
38 31 17944
38 20 20598
38 80 10449
38 23 7346
38 77 724
38 89 9186
38 69 15289
38 6 6954
38 54 18908
38 52 913
38 90 5620
38 35 10720
38 5 11981
38 99 21135
38 12 18910
38 86 21628
38 85 17363
38 74 16125
38 57 2905
38 27 4140
38 51 15401
38 92 13876
38 37 10730
38 65 1713
38 14 19047
38 94 7662
38 68 21530
38 40 19210
38 18 16847
38 84 15994
38 97 10692
38 29 19118
38 60 173
38 67 2207
38 2 9321
38 48 15144
38 73 4888
38 22 8971
38 98 4185
39 81 21761
39 47 4662
39 34 22013
39 23 20324
39 24 6083
39 85 2628
39 50 19052
39 54 5358
39 44 8778
39 53 11774
39 41 5714
39 49 19400
39 55 15275
39 26 19276
39 90 20762
39 19 8579
39 78 19889
39 82 17935
39 18 96
39 63 6979
39 64 7924
39 40 13482
39 86 6696
39 89 5395
39 73 19104
39 46 6695
39 95 14153
39 74 5355
39 60 2047
39 66 18930
39 70 12483
39 28 2649
39 3 2815
39 21 471
39 92 21250
39 37 6136
39 11 10478
39 88 3789
39 77 3359
39 79 7788
39 16 1432
39 10 16563
39 32 18935
39 1 17356
39 69 15098
39 51 1262
39 93 4815
39 71 8073
39 84 4852
39 6 16308
39 8 9486
39 48 4462
39 25 4173
39 36 18518
39 94 977
39 27 11131
39 72 607
39 5 5165
39 58 8470
39 96 15921
39 20 6477
39 42 8698
39 65 5990
39 33 920
39 17 7254
39 76 21790
39 61 16734
39 83 7985
39 29 6891
39 80 21099
39 43 7443
39 57 10325
39 97 12624
39 87 12650
39 56 7992
39 31 10615
39 52 17859
39 98 11411
39 13 7570
39 0 15685
40 69 9257
40 39 11151
40 33 9213
40 2 2881
40 51 13605
40 99 5433
40 70 12539
40 16 21477
40 58 9569
40 80 14293
40 84 184
40 26 11223
40 36 11834
40 81 12231
40 5 11800
40 55 1421
40 12 19254
40 83 6177
40 25 1825
40 57 13536
40 35 13308
40 1 2347
40 14 -81
40 11 4225
40 71 7408
40 66 3076
40 31 19100
40 0 16953
40 85 6069
40 79 1726
40 91 10302
40 53 15588
40 94 16617
40 65 18049
40 61 16101
40 24 20996
40 15 17416
40 95 3766
40 72 255
40 41 8020
40 90 20767
40 50 2302
40 49 -44
40 17 15811
40 19 9831
40 77 1754
40 43 5915
40 22 14938
40 63 15026
40 86 4430
40 10 3797
40 88 906
40 20 1950
40 78 5940
40 30 20609
40 76 3592
40 89 2341
40 9 689
40 97 4929
40 18 21777
40 54 18582
40 44 6958
40 29 7371
40 37 16320
40 6 10924
40 13 21938
40 45 10139
40 8 20180
40 4 11424
40 74 15053
40 21 10859
40 67 6468
40 62 15700
40 56 15808
40 68 1933
40 3 20581
40 98 4573
40 32 12413
40 34 19181
40 59 13955
41 25 16517
41 15 6772
41 10 8020
41 83 5539
41 19 5802
41 54 9714
41 87 1469
41 60 15854
41 7 5216
41 37 6640
41 70 22062
41 8 7261
41 97 2639
41 91 21952
41 12 13022
41 73 5407
41 67 18663
41 78 16076
41 52 18680
41 18 19727
41 81 10262
41 22 1737
41 93 17014
41 24 8476
41 13 21902
41 34 21514
41 45 11356
41 17 18228
41 94 16204
41 66 7241
41 65 14381
41 2 11355
41 58 16335
41 85 7263
41 49 3651
41 98 9824
41 47 13196
41 3 18351
41 80 13238
41 48 12154
41 96 5694
41 88 3134
41 16 8511
41 53 12031
41 14 3268
41 29 19606
41 28 20894
41 86 1728
41 43 21447
41 9 2851
41 90 3767
41 69 18868
41 55 95
41 61 13487
41 51 4893
41 63 10613
41 59 2432
41 84 13363
41 64 13425
41 1 4397
41 92 18798
41 32 9878
41 71 5585
41 99 11824
41 35 10102
41 40 5143
41 20 4784
41 39 6592
41 76 13300
41 46 9017
41 44 11323
41 30 5660
41 57 10141
41 68 13469
41 62 3479
41 74 9709
41 89 8703
41 38 13217
42 60 5089
42 54 12049
42 27 5347
42 28 21198
42 92 18504
42 71 13377
42 80 17180
42 1 15082
42 53 17673
42 56 20946
42 17 15559
42 34 11356
42 43 13147
42 25 9878
42 96 9274
42 22 12372
42 99 3086
42 69 13269
42 44 16828
42 76 727
42 57 12828
42 93 5368
42 21 8267
42 8 4687
42 91 11837
42 32 10632
42 9 19898
42 63 17965
42 15 21833
42 46 15739
42 78 8119
42 24 21104
42 51 6267
42 31 13052
42 95 3743
42 13 17844
42 0 5048
42 29 11113
42 3 3959
42 86 2575
42 70 1060
42 18 15438
42 39 21143
42 30 17896
42 5 10323
42 88 16905
42 52 15753
42 19 18576
42 40 12171
42 94 17223
42 66 17374
42 98 19349
42 10 16584
42 67 454
42 89 3970
42 26 5072
42 62 12016
42 77 12112
42 59 8253
42 72 13053
42 82 15413
42 11 5506
42 33 1061
42 35 6800
42 79 15998
42 12 7962
42 45 9713
42 41 8917
42 84 6081
42 73 21175
42 38 1738
43 56 15722
43 64 18269
43 59 18809
43 20 17627
43 48 9592
43 3 6369
43 9 2499
43 69 7233
43 1 5566
43 5 20342
43 82 635
43 11 12383
43 97 13672
43 77 20182
43 13 10389
43 80 4355
43 88 10114
43 96 7850
43 21 12107
43 4 5184
43 55 11644
43 0 18224
43 65 17060
43 6 1728
43 99 456
43 27 19531
43 93 1861
43 16 3823
43 72 3131
43 46 18678
43 26 14767
43 94 5891
43 87 1403
43 62 3469
43 23 262
43 57 10470
43 54 4716
43 40 8889
43 89 17155
43 18 18259
43 29 12660
43 66 15879
43 34 17399
43 53 21511
43 35 8698
43 61 4729
43 73 21970
43 31 9121
43 74 9488
43 91 21262
43 50 15254
43 78 1794
43 90 3394
43 60 20198
43 52 20992
43 15 17246
43 2 648
43 81 12739
43 67 8154
43 44 12583
43 79 2528
43 76 4905
43 75 20251
43 84 3061
43 92 9368
43 33 4853
43 19 6967
43 95 10886
43 45 11747
43 28 13104
43 12 20299
44 18 6345
44 87 1495
44 19 3400
44 12 16526
44 91 1475
44 60 15861
44 48 15317
44 72 11102
44 85 15320
44 0 4438
44 43 1530
44 93 10250
44 71 18330
44 50 11744
44 3 11294
44 7 20231
44 52 22113
44 78 15799
44 4 3415
44 63 1614
44 56 10186
44 16 4080
44 69 19800
44 22 6787
44 83 3337
44 46 14357
44 86 7171
44 96 13050
44 5 620
44 23 11397
44 45 3269
44 84 19477
44 47 -70
44 20 11910
44 70 19516
44 51 17701
44 33 21207
44 53 8214
44 25 10781
44 24 7542
44 41 18931
44 28 5193
44 54 11520
44 13 21624
44 89 1843
44 30 8518
44 76 1302
44 10 10019
44 17 1764
44 35 10374
44 42 3014
44 9 9253
44 82 2208
44 31 20146
44 97 3819
44 21 17358
44 80 3784
44 6 5951
44 65 22126
44 68 2290
44 81 17418
44 39 6547
44 90 15372
44 26 6352
44 61 15819
44 79 13200
44 64 5745
44 11 12158
45 62 7089
45 36 16600
45 19 2618
45 93 3547
45 58 15990
45 33 10018
45 42 21878
45 88 21554
45 50 3622
45 1 15355
45 86 15361
45 63 8331
45 10 20889
45 31 3437
45 46 18974
45 59 13352
45 80 7807
45 79 8964
45 61 9350
45 7 5691
45 82 11424
45 70 6193
45 11 9958
45 54 21971
45 83 16835
45 34 5523
45 3 18800
45 38 15476
45 98 14998
45 96 5018
45 13 12410
45 51 6245
45 85 228
45 35 20155
45 27 10523
45 39 2969
45 25 10677
45 92 11920
45 55 2145
45 94 12403
45 97 19923
45 47 18228
45 44 7197
45 77 3686
45 9 6890
45 8 4707
45 91 15320
45 40 2923
45 4 17147
45 12 9386
45 71 10009
45 68 13214
45 2 2435
45 65 12439
45 72 4657
45 0 7879
45 74 2252
45 95 21191
45 22 11733
45 29 4180
45 60 288
45 43 16224
45 37 10964
45 78 1366
45 23 3608
45 81 9132
45 64 9876
45 18 7488
45 30 4478
45 89 3897
45 49 15816
45 6 4070
45 75 20052
45 67 3806
45 87 17712
45 56 2363
45 15 13350
46 5 13815
46 50 3377
46 66 21860
46 4 9469
46 20 12382
46 72 3390
46 33 4520
46 99 12936
46 39 21221
46 15 6830
46 48 10192
46 81 7299
46 11 6230
46 17 11791
46 55 10417
46 87 5477
46 64 2594
46 60 18540
46 35 4976
46 80 8548
46 82 12352
46 42 18575
46 70 12939
46 25 21746
46 8 6657
46 78 16452
46 71 5294
46 1 8924
46 73 3190
46 47 10237
46 95 21938
46 13 8916
46 23 6142
46 40 6472
46 24 1809
46 91 14537
46 61 21648
46 31 8387
46 18 22041
46 57 20095
46 83 13834
46 65 17786
46 53 7042
46 97 17810
46 41 16797
46 43 14478
46 52 10466
46 0 4497
46 67 7244
46 77 7803
46 32 5176
46 84 13872
46 21 7235
46 85 22240
46 6 7701
46 28 18861
46 74 13187
46 34 3149
46 3 19255
46 38 4863
46 86 12593
46 44 14852
46 88 8541
46 29 7406
46 27 15885
46 96 2889
46 89 17714
46 76 10618
46 49 3716
46 36 2276
46 37 893
46 63 15270
46 75 10782
46 98 19242
46 10 1621
46 12 11525
46 56 10270
46 68 10934
46 62 13353
46 45 10932
46 19 6864
47 15 20968
47 60 8960
47 36 15344
47 65 12129
47 68 18847
47 39 3699
47 99 20638
47 94 16360
47 29 12593
47 63 3228
47 80 7930
47 8 15616
47 37 20885
47 87 15933
47 88 17226
47 30 16591
47 86 20843
47 74 17397
47 44 17514
47 48 9292
47 12 13007
47 57 3112
47 82 1731
47 77 21438
47 51 11419
47 95 8176
47 93 8888
47 56 2778
47 17 8172
47 81 21407
47 16 18358
47 61 5293
47 54 3623
47 73 5772
47 64 17906
47 78 21231
47 5 311
47 45 17118
47 55 18750
47 11 4783
47 98 6002
47 6 6587
47 21 10439
47 50 18422
47 66 13993
47 70 21445
47 0 9427
47 18 8305
47 46 3343
47 7 13471
47 79 7670
47 14 10625
47 1 10933
47 9 16912
47 13 11235
47 40 11078
47 97 20455
47 96 343
47 91 11294
47 71 10874
47 52 6328
47 67 13760
47 3 5424
47 38 677
48 38 17796
48 19 5413
48 31 1349
48 25 9811
48 53 7671
48 40 16589
48 80 19234
48 85 20811
48 70 20074
48 65 18781
48 42 -19
48 7 15365
48 66 6324
48 86 8957
48 2 4928
48 29 5302
48 49 7452
48 55 19945
48 18 8783
48 34 5066
48 44 21631
48 13 16783
48 59 3630
48 37 5457
48 12 15590
48 33 16599
48 89 12147
48 91 12187
48 78 15094
48 64 6225
48 27 11034
48 24 1181
48 21 7626
48 57 5852
48 76 21621
48 17 20282
48 93 4724
48 15 16432
48 63 3742
48 95 7367
48 5 19746
48 54 6841
48 71 12104
48 30 19368
48 16 21746
48 94 8386
48 67 19829
48 77 7077
48 0 5058
48 79 6619
48 84 19143
48 3 18991
48 4 7087
48 22 13034
48 23 14864
48 1 1059
48 8 14404
48 46 8555
48 68 18451
48 36 18569
48 81 18920
48 74 6892
48 99 21273
48 50 5906
48 90 11709
48 10 20144
48 88 10700
48 51 21276
48 98 7904
48 41 9325
48 26 3426
48 62 9178
48 87 11
48 28 1792
48 73 3149
48 9 3144
48 32 8965
48 52 9408
49 53 9945
49 62 2238
49 38 3441
49 68 14025
49 90 4324
49 27 3299
49 0 12964
49 73 15949
49 44 1258
49 12 17744
49 5 17399
49 43 11498
49 67 16792
49 35 942
49 72 9574
49 46 4859
49 52 15216
49 74 12865
49 57 11321
49 58 6098
49 91 11248
49 60 21852
49 15 15249
49 19 20931
49 81 9796
49 48 6304
49 51 12599
49 8 1178
49 50 16369
49 33 11073
49 70 13505
49 36 13558
49 80 10258
49 18 17951
49 63 8212
49 41 10707
49 97 5569
49 25 8114
49 32 5096
49 22 5088
49 85 11944
49 20 4383
49 95 5784
49 94 14818
49 13 18315
49 16 17675
49 76 2560
49 2 20727
49 83 21383
49 42 11297
49 34 78
49 14 822
49 40 3883
49 78 1165
49 3 15181
49 26 6051
49 1 3940
49 28 10499
49 10 15631
49 88 20843
49 37 10416
49 54 7414
49 7 8799
49 79 14528
49 96 16443
49 21 9788
49 56 4962
49 77 21823
49 6 1209
49 47 1863
49 17 9034
49 65 16823
49 92 17419
49 66 20470
49 82 5465
49 69 16145
49 64 9532
49 86 14875
50 1 1562
50 42 8567
50 45 12857
50 67 20756
50 90 17963
50 21 12970
50 25 14980
50 30 3894
50 20 12119
50 52 16851
50 77 11522
50 94 2199
50 38 10022
50 27 15050
50 78 9814
50 13 2750
50 88 16624
50 23 15879
50 80 17668
50 2 18484
50 39 464
50 63 6376
50 91 3495
50 4 1143
50 15 17754
50 59 20913
50 46 5673
50 19 18190
50 73 7649
50 98 19305
50 53 8306
50 87 13929
50 68 4996
50 55 6124
50 97 11691
50 35 10591
50 28 9758
50 18 2100
50 36 12996
50 61 16405
50 86 16252
50 71 4634
50 31 6105
50 48 6179
50 9 15155
50 24 21236
50 43 16617
50 99 10405
50 66 17117
50 11 2656
50 49 2794
50 8 2557
50 84 20994
50 7 22194
50 16 17226
50 5 15991
50 96 8718
50 56 15814
50 79 14546
50 85 11959
50 29 13029
50 83 944
50 82 3290
50 6 5286
50 75 18126
50 69 20221
50 65 21159
51 61 3153
51 7 9964
51 15 16655
51 44 8384
51 71 2984
51 50 11649
51 10 12200
51 98 9870
51 68 1363
51 48 15305
51 91 22047
51 31 15679
51 65 22137
51 24 11127
51 97 995
51 42 20185
51 57 2939
51 49 18578
51 99 15245
51 11 12809
51 45 7433
51 78 1455
51 27 14886
51 79 433
51 37 7913
51 84 10849
51 52 16547
51 85 2241
51 88 22131
51 28 14466
51 26 22261
51 0 16963
51 33 7273
51 23 16691
51 63 16761
51 34 6723
51 96 409
51 76 19168
51 12 15234
51 9 18799
51 20 21376
51 16 10396
51 64 14568
51 95 3923
51 5 2817
51 82 7614
51 83 7726
51 77 6158
51 38 10231
51 22 18955
51 30 21260
51 80 9747
51 70 5422
51 41 17789
51 1 11720
51 60 9406
51 2 17459
51 32 5085
51 47 10426
51 53 672
51 18 17730
51 3 17251
51 87 6735
51 19 3968
51 36 20904
51 21 7372
51 40 3312
51 54 15156
51 13 20884
51 39 1607
51 90 4753
51 75 21284
51 29 17981
51 67 8920
51 4 2922
51 86 11045
51 81 3352
51 69 1957
51 14 10677
52 97 16082
52 5 12932
52 73 4726
52 98 5294
52 96 9839
52 23 13336
52 20 19244
52 34 17813
52 85 21889
52 92 3232
52 51 20110
52 84 22099
52 8 8242
52 66 12866
52 79 16968
52 32 18899
52 80 2104
52 91 13177
52 69 7226
52 6 12120
52 24 17823
52 31 3291
52 87 15447
52 93 13558
52 65 8210
52 77 6511
52 53 18029
52 81 15224
52 47 16724
52 11 6249
52 48 18967
52 88 16879
52 76 6848
52 4 3394
52 67 16998
52 14 8920
52 9 5278
52 13 19072
52 94 9228
52 22 8201
52 61 6972
52 78 915
52 71 10048
52 70 12548
52 68 556
52 33 6295
52 90 5711
52 18 1516
52 38 13817
52 28 6459
52 46 20114
52 59 1645
52 75 6036
52 29 7207
52 55 11194
52 39 21611
52 60 6439
52 26 19316
52 99 7214
52 0 2561
52 35 10890
52 27 12288
52 25 9625
52 74 12752
52 3 3773
52 36 6556
52 42 14166
52 15 13638
52 16 10130
53 25 3313
53 31 18129
53 13 7393
53 18 21210
53 67 5018
53 41 2721
53 46 8484
53 88 3654
53 68 5818
53 73 19581
53 43 1456
53 95 5526
53 48 679
53 74 19444
53 4 9981
53 27 1526
53 49 5764
53 51 8846
53 86 10918
53 77 13439
53 76 9222
53 84 8331
53 42 18938
53 58 8672
53 8 9666
53 26 -90
53 35 147
53 78 16758
53 96 17340
53 30 20310
53 89 19312
53 97 3238
53 21 19531
53 45 11927
53 99 2166
53 82 8365
53 17 11561
53 39 15421
53 34 18528
53 29 7075
53 5 8016
53 37 2483
53 90 4837
53 24 20489
53 69 2378
53 33 14933
53 40 19143
53 44 15942
53 75 18813
53 57 3704
53 59 2410
53 72 15515
53 23 7706
53 32 1269
53 14 14088
53 93 13321
53 6 7740
53 1 1887
53 79 10971
53 19 16555
53 36 6003
53 54 3874
53 47 7212
53 85 7283
53 11 13393
53 62 6997
53 3 12950
53 66 20460
53 28 586
53 56 2563
53 81 3034
53 87 12994
53 12 19924
53 83 18234
53 70 15894
53 80 22138
54 78 21074
54 6 13490
54 75 10665
54 63 20273
54 91 17266
54 30 5555
54 69 6720
54 77 4514
54 83 16377
54 24 6162
54 79 1406
54 96 17485
54 29 8866
54 99 22007
54 55 5784
54 38 10410
54 26 8358
54 89 17954
54 31 19534
54 44 875
54 17 22047
54 33 14715
54 28 21339
54 47 15387
54 85 2959
54 20 6645
54 86 9973
54 73 13454
54 15 2478
54 64 13016
54 21 20702
54 13 7195
54 23 1669
54 36 13301
54 27 9198
54 61 2377
54 94 19416
54 16 14385
54 35 4586
54 43 14594
54 18 15108
54 48 19870
54 59 18408
54 58 4654
54 8 2856
54 67 14554
54 53 10347
54 34 13256
54 66 21926
54 5 20894
54 76 8633
54 70 15831
54 40 12973
54 11 14665
54 41 4824
54 98 883
54 42 11678
54 56 18304
54 95 21294
54 2 14785
54 12 8960
54 0 17
54 80 12315
54 68 5797
54 9 1858
54 97 15047
54 74 6388
54 37 19880
54 72 12122
54 25 279
54 62 12689
54 65 13481
54 60 9865
54 22 16503
54 82 3054
54 92 13857
54 4 5468
55 24 2883
55 89 1175
55 47 15187
55 42 11922
55 87 11227
55 9 20071
55 68 19075
55 40 15324
55 36 583
55 34 9951
55 97 3644
55 57 10748
55 61 18669
55 91 20069
55 51 4527
55 38 20525
55 58 10081
55 95 5805
55 27 5234
55 21 11360
55 65 16312
55 45 17402
55 88 6198
55 63 969
55 17 18027
55 64 14441
55 10 3499
55 83 5162
55 2 21159
55 43 11238
55 12 15013
55 53 5674
55 8 6062
55 30 13428
55 33 8905
55 60 17130
55 4 15857
55 84 9977
55 31 8132
55 59 18745
55 25 5108
55 85 19231
55 79 8928
55 98 13057
55 54 8125
55 44 12979
55 14 7055
55 1 6400
55 41 4334
55 50 10774
55 35 11029
55 49 4921
55 82 20951
55 70 8150
55 81 4398
55 69 20928
55 71 20803
55 56 15407
55 29 20176
55 6 7094
55 23 9803
55 22 6680
55 3 18481
55 11 10336
55 37 5342
55 78 21792
55 96 21895
55 80 14944
55 73 8922
55 26 991
55 90 4745
55 52 19609
55 92 6560
55 75 11961
55 0 22085
55 46 14570
55 7 5616
55 99 7997
55 76 15948
55 74 13216
55 86 6590
55 77 8455
55 28 16963
55 67 3809
55 94 1142
56 82 6493
56 44 14041
56 90 14262
56 5 11565
56 33 10746
56 62 7734
56 50 7732
56 38 3673
56 41 20023
56 6 134
56 61 3598
56 69 20931
56 88 9451
56 3 21174
56 45 12349
56 52 8072
56 99 9788
56 47 14334
56 54 1994
56 58 5472
56 65 2441
56 43 5934
56 98 3421
56 16 2860
56 2 1290
56 94 13529
56 25 3310
56 51 15589
56 27 1960
56 81 13103
56 0 11018
56 83 1298
56 7 4143
56 18 15904
56 10 5932
56 71 19420
56 59 18932
56 4 4853
56 48 16805
56 31 16834
56 42 9646
56 49 15823
56 34 8225
56 23 13466
56 66 15459
56 39 15691
56 21 19255
56 29 17829
56 73 20171
56 77 10677
56 37 14078
56 84 2176
56 75 1949
56 97 1162
56 40 5304
56 80 9363
56 86 7729
56 22 7963
56 67 16574
56 36 1871
56 72 1010
56 91 16137
56 74 12668
56 95 6825
56 14 4359
56 9 12809
57 9 21006
57 96 18332
57 99 13202
57 27 3635
57 59 8228
57 32 13383
57 45 10448
57 25 7050
57 31 19270
57 95 19622
57 49 8928
57 82 2806
57 90 4950
57 19 2193
57 67 12072
57 79 18286
57 26 7748
57 4 7681
57 1 8383
57 28 3823
57 65 7803
57 12 19426
57 55 5677
57 72 12571
57 58 2474
57 24 212
57 68 9458
57 70 15524
57 89 7001
57 66 7963
57 34 11710
57 47 12907
57 17 17546
57 13 4194
57 11 6056
57 84 4932
57 52 4780
57 80 13523
57 76 12753
57 85 20754
57 35 14860
57 73 1339
57 29 15234
57 60 6682
57 44 18191
57 81 4728
57 7 13407
57 53 9726
57 93 11685
57 10 11014
57 51 11388
57 62 16030
57 86 16897
57 48 5206
57 36 4475
57 63 4130
57 88 2970
57 39 18668
57 74 1464
57 41 8524
57 20 38
57 22 21645
57 16 11509
57 42 15081
57 23 21665
57 30 19613
57 43 1675
57 91 1093
57 54 3242
57 56 2091
57 71 1942
57 40 16200
57 64 7584
57 77 11065
58 61 22245
58 24 17668
58 88 17093
58 33 19536
58 85 5233
58 39 21035
58 95 6975
58 22 20568
58 75 18368
58 97 14526
58 31 7529
58 52 20652
58 16 2864
58 40 2700
58 94 17054
58 18 15122
58 42 19068
58 36 14050
58 77 12138
58 87 14717
58 23 3983
58 74 12333
58 21 3064
58 6 15663
58 56 3755
58 19 2969
58 84 3080
58 38 6173
58 90 6055
58 70 8000
58 2 3664
58 5 19978
58 48 10282
58 45 21531
58 4 9206
58 54 9283
58 32 2989
58 73 9218
58 9 8829
58 7 7087
58 15 9563
58 53 14976
58 41 16906
58 37 19869
58 99 6934
58 91 11974
58 80 18351
58 62 13906
58 3 1242
58 69 6915
58 13 14831
58 12 5807
58 55 12104
58 49 15357
58 66 9218
58 81 12697
58 60 14976
58 27 7713
58 29 10644
58 51 13874
58 59 4694
58 71 1595
58 10 2756
58 67 15776
58 98 10639
58 89 20469
58 79 14879
58 64 7060
58 43 959
58 8 8897
58 34 21094
58 72 12886
59 4 13602
59 22 22262
59 3 1252
59 9 21010
59 28 12670
59 64 14789
59 35 13484
59 43 4832
59 68 19016
59 54 18917
59 91 7318
59 97 20113
59 52 13093
59 26 12015
59 72 17063
59 47 13794
59 76 10537
59 44 12050
59 60 14419
59 5 15019
59 25 2983
59 34 12146
59 41 22045
59 67 197
59 24 21764
59 50 9247
59 66 18840
59 2 12838
59 20 1439
59 98 17563
59 6 3859
59 75 20206
59 92 13836
59 85 13180
59 57 9381
59 45 11277
59 90 19709
59 23 12016
59 83 21525
59 94 10745
59 14 19831
59 1 2925
59 77 12168
59 8 15019
59 46 15045
59 81 1064
59 19 9095
59 82 16627
59 86 527
59 37 18706
59 93 12280
59 12 6100
59 18 21849
59 55 11736
59 33 331
59 65 22212
59 31 17369
59 7 6848
59 99 5202
59 48 1172
59 42 13712
59 13 21696
59 40 3914
59 69 9322
59 89 14095
59 30 14522
59 58 18495
59 78 2448
59 15 21088
59 71 12877
59 49 8807
59 56 15568
59 80 16652
59 0 10301
59 16 12498
59 11 766
59 87 17704
59 79 2730
59 38 10897
60 41 20793
60 42 21538
60 45 19366
60 37 10222
60 79 7147
60 51 10388
60 62 14726
60 44 19542
60 87 7620
60 53 13023
60 20 17514
60 50 2401
60 96 16606
60 89 11608
60 88 13374
60 67 6935
60 77 7413
60 64 4504
60 46 9500
60 2 12633
60 43 15270
60 12 1999
60 21 18129
60 83 1699
60 9 5401
60 48 21493
60 23 18523
60 11 19415
60 4 5410
60 0 20413
60 70 9235
60 18 1759
60 30 -78
60 54 8573
60 73 18709
60 76 13461
60 80 16985
60 40 9524
60 14 5600
60 7 20521
60 59 960
60 82 19472
60 74 9436
60 17 20085
60 10 13348
60 55 19486
60 81 5614
60 86 11848
60 13 14106
60 38 20785
60 61 11062
60 97 746
60 22 6203
60 24 13724
60 16 16745
60 47 20245
60 91 17373
60 71 22049
60 78 -42
60 32 20174
60 1 14374
60 63 21008
60 93 10472
60 5 3012
60 31 15707
60 27 19525
60 65 2385
60 49 19207
60 3 10229
60 34 17047
60 57 7522
61 25 3823
61 97 16382
61 12 10920
61 87 8151
61 60 13928
61 53 17511
61 67 530
61 37 6888
61 71 11126
61 75 7668
61 99 15819
61 74 9451
61 59 18927
61 0 4911
61 79 1004
61 43 3746
61 19 7428
61 33 16636
61 44 4254
61 96 3105
61 49 3655
61 57 174
61 15 8424
61 73 4741
61 10 13047
61 30 3952
61 34 2431
61 63 7999
61 17 3376
61 72 8625
61 2 8350
61 77 16853
61 21 9187
61 85 11254
61 84 20794
61 29 987
61 14 8807
61 80 14252
61 20 21337
61 54 103
61 56 937
61 6 17832
61 41 672
61 13 649
61 90 4720
61 40 8471
61 98 8797
61 91 13411
61 52 13681
61 81 1933
61 62 8645
61 35 22191
61 86 9261
61 47 15143
61 24 18980
61 31 15097
61 32 2676
61 23 19400
61 9 11887
61 36 5744
61 76 21467
61 93 12527
61 88 19681
61 11 -54
61 8 7296
61 5 10931
61 68 2684
61 58 22211
61 16 7102
61 89 20505
61 55 15174
61 92 8791
61 46 10190
61 65 3491
61 26 6214
61 4 13694
61 3 7027
61 50 5862
61 27 19426
61 7 2445
61 83 1997
61 70 8303
61 28 6521
61 42 16311
62 41 22103
62 71 21850
62 63 10919
62 75 18613
62 7 4507
62 93 14698
62 2 15448
62 47 15185
62 22 2319
62 42 22141
62 81 11914
62 55 12658
62 65 16964
62 52 11156
62 21 11889
62 79 9568
62 80 16331
62 1 12184
62 25 11549
62 23 1211
62 82 12886
62 50 13456
62 36 10348
62 32 5330
62 89 10130
62 77 6793
62 46 3814
62 49 6439
62 88 18290
62 60 14530
62 27 9818
62 69 7137
62 84 4172
62 66 10165
62 10 17312
62 19 21224
62 92 6241
62 33 13502
62 8 15350
62 0 16661
62 31 13629
62 73 17931
62 18 9219
62 38 18756
62 61 5648
62 90 7414
62 87 13506
62 70 1461
62 91 6287
62 56 7609
62 98 5004
62 67 19085
62 94 13216
62 9 5455
62 37 10589
62 45 14493
62 64 6569
62 35 10418
62 96 6049
62 39 17679
62 86 4772
62 40 18562
62 78 3373
62 4 19762
62 72 22190
62 14 2584
62 16 14759
62 3 6487
62 48 3690
62 24 19436
62 74 4656
62 17 4464
62 30 1207
62 15 8167
63 48 16369
63 74 6178
63 85 2821
63 84 172
63 9 12281
63 13 11175
63 78 17323
63 10 8794
63 37 14216
63 1 16183
63 55 984
63 8 18695
63 22 5839
63 38 6945
63 90 22193
63 54 8312
63 24 12084
63 29 3913
63 39 18113
63 68 5717
63 53 10982
63 28 17640
63 45 8037
63 88 2798
63 36 15015
63 19 3711
63 79 5873
63 91 11804
63 30 8270
63 73 14491
63 31 6733
63 80 10193
63 44 17449
63 67 19956
63 0 5725
63 82 11410
63 66 21242
63 64 5236
63 2 9890
63 56 12168
63 23 2174
63 97 558
63 59 11659
63 62 533
63 21 8477
63 35 18773
63 26 5642
63 15 8083
63 27 17763
63 14 16994
63 6 3250
63 93 14540
63 94 6813
63 47 15063
63 42 19045
63 95 2389
63 3 9646
63 12 4523
63 92 9181
63 65 3087
63 75 17143
63 17 21767
63 87 2036
63 20 4790
63 49 14504
63 76 10415
63 60 14788
63 71 2912
63 4 11326
63 18 14087
63 70 11817
63 72 2230
64 23 15098
64 50 1999
64 18 15730
64 34 13781
64 90 7538
64 96 21682
64 53 10691
64 46 4102
64 55 17618
64 61 671
64 77 13278
64 69 20224
64 33 21055
64 4 2463
64 80 15535
64 92 20388
64 47 6416
64 84 1913
64 15 11860
64 43 5770
64 73 16409
64 48 12930
64 62 22084
64 17 6789
64 3 16738
64 68 15980
64 28 21759
64 25 595
64 26 12068
64 72 19372
64 52 6294
64 13 7206
64 87 14867
64 71 18182
64 89 19150
64 49 19371
64 41 15840
64 70 12272
64 99 1398
64 12 20170
64 7 9214
64 24 17591
64 9 15108
64 42 4581
64 81 13969
64 79 2456
64 8 7009
64 10 16127
64 95 19173
64 76 14931
64 20 8381
64 2 8683
64 36 21158
64 11 11359
64 31 11639
64 5 20774
64 6 19625
64 45 16054
64 85 3349
64 86 9913
64 22 7379
64 56 13079
64 97 5976
64 94 1984
64 19 21277
64 38 11849
64 82 8597
64 29 3058
64 75 17425
65 51 5562
65 36 387
65 10 2612
65 18 13659
65 82 8785
65 98 1080
65 31 9943
65 27 9220
65 39 2872
65 16 16359
65 99 22212
65 64 10098
65 6 6806
65 5 16801
65 41 13333
65 84 2481
65 24 17779
65 63 5611
65 96 9778
65 97 13767
65 50 21204
65 95 21000
65 92 8453
65 94 9355
65 47 19644
65 19 8432
65 83 16614
65 43 9808
65 61 16984
65 67 6394
65 21 16696
65 90 1476
65 7 17976
65 3 16742
65 81 7103
65 56 3758
65 52 17765
65 33 6735
65 0 14452
65 12 7528
65 89 3515
65 45 14001
65 57 5103
65 69 4576
65 20 16505
65 13 21562
65 4 17759
65 59 2872
65 71 15352
65 15 17257
65 75 853
65 58 15138
65 44 11595
65 23 18473
65 9 5892
65 22 8601
65 88 1692
65 60 11825
65 29 20621
65 40 19100
65 85 13252
65 87 12901
65 26 4987
65 14 36
65 2 18674
65 8 16445
65 38 -54
66 63 19835
66 11 9133
66 70 17798
66 79 3960
66 5 15176
66 54 20911
66 74 21133
66 15 17316
66 38 8253
66 32 13099
66 89 21062
66 23 11994
66 94 16192
66 71 4736
66 42 18436
66 0 4413
66 85 5148
66 40 3299
66 73 4670
66 83 13242
66 9 18239
66 86 16110
66 2 14888
66 43 1122
66 53 13617
66 14 11840
66 48 2974
66 28 4032
66 90 20964
66 24 11986
66 99 10896
66 96 7560
66 46 19341
66 34 11676
66 35 4704
66 81 5654
66 84 21486
66 10 16473
66 51 12576
66 93 1551
66 82 18850
66 68 13689
66 19 9693
66 77 14830
66 57 2670
66 37 1262
66 4 2770
66 98 18813
66 97 7144
66 52 14730
66 33 19490
66 88 13198
66 72 5124
66 31 11291
66 69 19956
66 45 6190
66 59 14388
66 1 10369
66 20 7630
66 61 19096
66 21 1049
66 17 4420
66 50 5536
66 62 15918
66 91 2556
66 27 433
66 30 19348
66 80 1258
66 29 8756
66 25 4055
67 49 16432
67 53 2490
67 4 7950
67 29 16568
67 94 18300
67 58 10591
67 89 2600
67 1 11177
67 61 7021
67 51 2995
67 93 3950
67 80 17478
67 45 12487
67 31 10102
67 10 18283
67 33 13745
67 72 6087
67 77 22210
67 88 14441
67 43 1441
67 24 2746
67 44 1679
67 37 6066
67 70 8012
67 71 17030
67 78 1803
67 57 14512
67 86 12156
67 59 21913
67 42 14074
67 79 11931
67 2 16908
67 19 22169
67 55 16052
67 64 13171
67 15 4903
67 20 50
67 98 10596
67 60 20736
67 18 8120
67 41 21503
67 95 4399
67 56 631
67 7 17531
67 48 18022
67 81 1006
67 96 18203
67 85 18386
67 0 21483
67 66 13177
67 73 4066
67 84 2534
67 62 1832
67 65 17395
67 50 8826
67 87 2821
67 13 20526
67 28 15065
67 12 4780
67 92 10872
67 82 1265
67 26 17240
67 46 10439
67 32 3763
67 74 360
67 54 7421
67 68 3305
67 40 9978
67 30 4627
67 21 2401
67 99 19828
67 63 4928
67 27 7736
67 90 15220
67 35 193
67 5 4093
67 38 15230
67 34 8719
67 23 1386
67 11 1394
67 17 13887
67 69 5525
67 91 -1
67 22 11926
67 9 3683
67 6 10936
67 52 17712
68 27 6085
68 21 5275
68 88 8635
68 53 8754
68 42 4
68 30 16419
68 25 20049
68 2 12729
68 64 2651
68 82 11670
68 55 10155
68 59 5231
68 4 10920
68 26 13666
68 87 15445
68 44 18173
68 38 3541
68 12 19090
68 15 3773
68 8 13358
68 79 18929
68 29 2406
68 36 10672
68 60 9803
68 5 3366
68 57 8562
68 41 10543
68 92 12139
68 99 15813
68 43 12562
68 28 19314
68 80 3936
68 58 3904
68 71 19967
68 61 3637
68 67 892
68 74 3356
68 52 4789
68 46 20030
68 20 1731
68 51 9680
68 3 15
68 16 17670
68 62 11417
68 83 13807
68 18 11800
68 86 17826
68 33 5029
68 70 5041
68 94 12309
68 1 20664
68 45 17990
68 76 169
68 89 19463
68 54 14938
68 69 21824
68 7 12269
68 72 13183
68 63 4735
68 78 13503
68 23 3195
68 95 21127
68 97 6199
68 84 4842
68 35 5991
68 0 20658
68 14 18022
68 34 3586
68 31 17195
68 56 8614
69 26 18882
69 90 5460
69 35 17901
69 97 8336
69 1 9996
69 65 13871
69 93 9162
69 66 20306
69 36 10902
69 54 9113
69 99 5879
69 39 17102
69 80 3526
69 92 15811
69 32 12964
69 77 17415
69 31 13983
69 46 10054
69 95 21009
69 78 3622
69 17 17620
69 52 16870
69 38 12882
69 48 16337
69 67 6602
69 62 13420
69 28 8674
69 57 4506
69 7 13951
69 12 16187
69 98 17362
69 27 8428
69 9 21630
69 21 9825
69 29 6317
69 56 17183
69 5 1198
69 3 16992
69 2 14450
69 85 20738
69 72 5152
69 16 6995
69 10 19270
69 4 16696
69 68 16455
69 44 17590
69 75 16254
69 61 12434
69 70 16628
69 79 5808
69 53 3095
69 14 6150
69 64 3717
69 19 1775
69 6 7592
69 37 15239
69 0 19276
69 25 18963
69 87 13990
69 82 20690
69 49 18468
69 43 11488
69 88 2787
69 50 765
69 33 3099
69 74 13527
69 40 21308
69 63 10627
69 23 4808
69 76 12019
69 34 20747
69 96 14013
70 51 17388
70 98 16114
70 96 5732
70 24 17927
70 84 9221
70 0 371
70 13 20107
70 90 20409
70 56 12658
70 75 15584
70 33 17272
70 20 37
70 99 19081
70 47 12899
70 65 18402
70 83 17849
70 97 21602
70 18 11828
70 95 18130
70 76 5326
70 93 4782
70 32 752
70 15 3663
70 22 15258
70 17 22036
70 45 18390
70 44 21598
70 80 2450
70 67 21658
70 73 20909
70 49 1522
70 86 2290
70 74 13774
70 71 11178
70 64 17449
70 41 9921
70 59 4976
70 85 1925
70 52 9718
70 29 20859
70 27 5782
70 37 6474
70 4 5880
70 82 11431
70 54 9850
70 21 20340
70 61 13938
70 31 16577
70 92 9555
70 19 10522
70 68 610
70 60 17366
70 91 3033
70 66 11733
70 30 12930
70 10 7392
70 35 17142
70 26 7398
70 12 8480
70 89 12846
70 11 5257
70 72 17795
70 46 19601
70 69 21220
70 7 1333
70 57 6670
70 1 1008
70 28 20567
70 3 7630
70 9 1941
70 39 12937
70 25 20186
70 5 14366
70 40 3072
70 16 10778
70 14 7460
70 88 14680
71 54 12154
71 99 4759
71 8 21214
71 60 10210
71 64 14065
71 31 10388
71 53 14161
71 67 11262
71 37 18194
71 94 19771
71 22 21605
71 24 4799
71 19 16711
71 18 14084
71 97 1566
71 91 13744
71 85 11695
71 21 3004
71 34 16314
71 92 17266
71 5 18212
71 47 17394
71 20 16650
71 63 8987
71 95 11367
71 90 18287
71 74 4252
71 14 534
71 16 14311
71 80 18804
71 83 13060
71 33 6913
71 35 12438
71 70 13406
71 84 5198
71 1 16612
71 52 11780
71 56 20051
71 10 13788
71 62 5007
71 81 1038
71 93 16503
71 72 11082
71 4 14622
71 51 1865
71 68 21003
71 13 20519
71 75 12235
71 98 12541
71 42 17442
71 48 21373
71 76 10557
71 89 19515
71 96 778
71 27 1208
71 30 14015
71 46 2360
71 65 3000
71 36 13037
71 3 6300
71 66 2274
71 7 7886
71 50 13502
71 77 20213
71 28 18669
71 58 5845
71 2 20947
71 78 16001
71 86 21025
71 25 15601
71 38 18640
71 57 15877
71 6 14413
71 61 12710
71 73 20597
71 79 16254
71 9 19710
71 11 2850
72 23 8693
72 65 4990
72 10 8340
72 50 8179
72 52 18913
72 34 11817
72 97 19323
72 51 11573
72 12 2817
72 58 5175
72 3 4480
72 7 3450
72 86 13760
72 39 12027
72 47 17586
72 31 5956
72 96 885
72 4 10342
72 81 12444
72 63 10045
72 1 17058
72 92 13588
72 35 18186
72 28 4934
72 2 1201
72 84 13919
72 59 14918
72 87 18631
72 98 262
72 16 13058
72 54 19866
72 66 9889
72 53 21485
72 94 13729
72 22 18741
72 30 5162
72 91 11513
72 62 6017
72 32 16386
72 70 380
72 55 20392
72 46 15703
72 33 18018
72 41 21299
72 67 9779
72 76 18202
72 71 18380
72 43 7147
72 56 13619
72 18 5061
72 74 17364
72 14 5174
72 80 18275
72 68 7311
72 61 13659
72 77 18951
72 57 7119
72 17 13292
72 44 19758
72 26 14756
72 75 19850
72 88 16671
72 90 9897
72 99 376
72 89 12844
72 6 17887
72 64 7421
72 9 754
72 19 21940
72 48 5032
72 5 6394
72 40 16777
72 79 19490
73 61 8965
73 86 1135
73 68 13468
73 65 9287
73 54 19001
73 78 1371
73 39 1029
73 67 11235
73 41 12431
73 8 11127
73 35 12944
73 58 8151
73 1 17901
73 21 11083
73 90 18524
73 91 21192
73 44 7300
73 80 19018
73 42 21942
73 12 6408
73 83 2984
73 49 12251
73 18 3416
73 70 -12
73 72 5793
73 82 15266
73 47 2413
73 24 1270
73 23 15878
73 46 16077
73 6 3410
73 53 8161
73 62 3496
73 4 8565
73 93 3395
73 71 13707
73 9 11452
73 84 12053
73 11 18314
73 31 5689
73 33 10759
73 66 6649
73 77 18892
73 99 16082
73 22 8187
73 32 19926
73 57 477
73 48 21763
73 19 8959
73 55 2816
73 69 15567
73 88 11167
73 36 15571
73 94 13528
73 63 21352
73 64 4059
73 28 15554
73 3 12704
73 0 2853
73 27 4601
73 34 14754
73 43 11436
73 16 20987
73 75 5424
73 5 5485
73 29 5176
73 60 5677
73 89 3670
73 38 14377
73 17 1752
73 10 5796
73 87 4496
73 30 22165
74 95 17746
74 78 1880
74 16 18878
74 23 2441
74 1 8647
74 68 779
74 12 2957
74 60 17665
74 93 12841
74 2 5016
74 27 2936
74 38 3752
74 4 7243
74 9 18810
74 22 8942
74 18 13919
74 6 8786
74 71 19792
74 94 5921
74 45 11866
74 35 -26
74 86 2956
74 77 6061
74 3 18188
74 90 4415
74 24 9415
74 26 2762
74 14 5415
74 96 13109
74 17 4174
74 52 16227
74 33 9949
74 44 5567
74 11 16146
74 69 21989
74 5 9076
74 58 16933
74 97 295
74 72 15607
74 88 11192
74 91 16248
74 8 8238
74 81 10561
74 7 14589
74 37 8046
74 61 20649
74 80 19638
74 83 10523
74 21 7643
74 42 6550
74 57 18205
74 85 18212
74 65 7598
74 79 2302
74 59 16497
74 76 15955
74 43 19092
74 10 14238
74 84 291
74 56 20378
74 31 5789
74 53 7761
74 46 1440
74 13 7120
74 15 -59
74 70 9941
74 36 15222
74 54 16097
74 40 9902
74 25 14621
74 87 16067
74 30 1712
74 51 10564
74 55 2198
74 28 18108
74 98 20878
74 92 6777
75 67 2396
75 15 15904
75 40 4484
75 72 4533
75 54 14893
75 5 2628
75 82 15535
75 96 16655
75 63 6828
75 18 20779
75 94 5619
75 83 12597
75 32 19384
75 93 6320
75 31 14763
75 62 11457
75 21 15429
75 30 4958
75 1 11221
75 25 933
75 60 20728
75 45 7787
75 85 2054
75 53 10486
75 58 2541
75 29 15976
75 46 161
75 36 10782
75 68 9698
75 2 1349
75 16 13904
75 78 17727
75 19 13639
75 74 1727
75 89 1297
75 44 19302
75 90 3968
75 26 12958
75 24 13960
75 34 6206
75 23 4963
75 7 4723
75 99 7755
75 27 2906
75 69 2754
75 81 19619
75 91 14244
75 22 22221
75 79 18884
75 28 5530
75 77 5661
75 42 18685
75 48 19326
75 9 16091
75 76 1746
75 87 2117
75 57 3817
75 17 18969
75 8 7362
75 97 15058
75 95 16714
75 6 17798
75 56 9462
75 88 12729
75 10 17587
75 52 3432
75 4 13163
75 35 1346
75 84 21359
75 41 12948
75 12 18982
75 49 14449
75 37 2946
75 71 15753
76 65 15577
76 35 21087
76 92 17382
76 70 7507
76 3 9538
76 74 17489
76 66 2015
76 49 14421
76 8 17219
76 95 15873
76 39 610
76 60 13629
76 14 19883
76 57 6255
76 75 14147
76 23 10057
76 5 5593
76 59 18303
76 10 2859
76 89 13224
76 90 5541
76 93 7048
76 27 17827
76 54 9877
76 62 10321
76 33 7155
76 78 9157
76 17 2226
76 91 19537
76 24 5892
76 82 3750
76 58 9680
76 45 14245
76 11 18168
76 30 18865
76 28 21086
76 0 2152
76 19 5991
76 7 5091
76 42 17455
76 51 17539
76 69 1455
76 21 146
76 44 8905
76 26 8003
76 47 12170
76 77 12049
76 37 19093
76 29 17126
76 36 10981
76 34 15444
76 22 13089
76 18 5849
76 43 913
76 68 18872
76 79 14001
76 64 4708
76 15 3993
76 88 925
76 71 18316
76 55 20176
76 38 12657
76 84 17034
76 97 9222
76 32 7778
76 12 8999
76 73 8261
76 80 10063
76 98 7870
77 88 11590
77 59 10558
77 8 6165
77 65 16853
77 71 16004
77 98 12331
77 60 13175
77 6 12800
77 11 20171
77 30 1211
77 1 777
77 48 15280
77 99 1259
77 41 15570
77 82 21459
77 27 9061
77 75 10286
77 17 15182
77 28 11487
77 37 1087
77 9 21183
77 21 4551
77 46 10288
77 35 15616
77 92 11229
77 94 21665
77 31 8287
77 62 5518
77 87 12199
77 49 14886
77 38 13144
77 7 12031
77 50 14234
77 66 8974
77 93 19662
77 76 902
77 19 7047
77 78 8400
77 84 5713
77 25 9355
77 55 16604
77 69 1838
77 53 364
77 39 6329
77 56 558
77 32 8566
77 95 10721
77 81 10057
77 86 21397
77 74 8196
77 52 2585
77 73 2375
77 18 5622
77 12 18729
77 80 1934
77 72 16824
77 33 9124
77 90 16929
77 40 15401
77 47 5428
77 89 10470
77 10 15158
77 61 8280
77 54 18874
77 23 10526
77 68 10185
77 13 13912
77 58 536
77 4 21919
77 20 9966
77 42 505
77 22 19208
77 91 20665
77 45 10693
77 67 13103
77 0 11747
78 88 15864
78 57 15305
78 58 10741
78 93 4430
78 66 7387
78 69 12249
78 74 10094
78 67 12347
78 22 1432
78 59 2737
78 19 12139
78 62 18589
78 81 8164
78 14 9969
78 96 9414
78 26 17155
78 97 9795
78 91 12187
78 40 14442
78 35 12521
78 86 5904
78 85 4799
78 27 12780
78 13 10834
78 31 11057
78 37 10136
78 28 19433
78 8 14874
78 41 13471
78 70 6022
78 54 238
78 98 16056
78 42 16041
78 75 12712
78 60 18215
78 20 11763
78 5 5851
78 90 11496
78 6 -11
78 3 6792
78 38 537
78 10 22079
78 36 13399
78 30 20827
78 24 5353
78 95 11608
78 71 18085
78 51 11900
78 94 11465
78 23 17056
78 2 21562
78 12 22172
78 83 7941
78 87 20422
78 47 21618
78 32 1303
78 44 4443
78 16 1976
78 77 17822
78 64 2966
78 49 18100
78 52 8693
78 29 2742
78 61 13310
78 82 11166
78 79 17420
78 99 14620
79 75 7948
79 31 20712
79 3 10929
79 5 11192
79 64 5922
79 9 4025
79 21 6425
79 58 2107
79 16 6496
79 88 9895
79 11 17196
79 60 4366
79 81 1392
79 40 4734
79 61 13217
79 45 22137
79 95 11502
79 59 2072
79 97 10895
79 36 4857
79 84 11733
79 39 12770
79 89 18155
79 38 3767
79 99 18514
79 63 10954
79 92 21701
79 30 20615
79 27 6265
79 56 16009
79 19 9246
79 50 12224
79 70 122
79 24 2893
79 73 14366
79 7 13673
79 42 15025
79 53 2847
79 54 8708
79 44 7104
79 77 13371
79 74 20985
79 86 18871
79 43 3920
79 80 11662
79 17 14137
79 6 16571
79 55 9474
79 34 16868
79 62 5058
79 85 14564
79 52 20367
79 18 8468
79 93 17729
79 8 19070
79 83 9047
79 32 14251
79 49 2316
79 96 16370
79 90 16106
79 37 9917
79 78 13794
79 35 13675
79 25 12903
79 29 5404
79 28 109
79 1 20734
79 51 1456
79 4 15326
79 48 2339
79 82 20051
79 13 17629
80 47 18713
80 56 3075
80 5 11037
80 27 15935
80 58 11514
80 65 12305
80 60 36
80 25 16518
80 42 17875
80 93 13184
80 6 3293
80 13 14534
80 86 8257
80 95 10665
80 19 9777
80 51 8841
80 24 9073
80 14 3210
80 99 115
80 84 2639
80 32 14198
80 17 8538
80 46 7117
80 70 6929
80 26 4184
80 41 15989
80 45 7274
80 72 19128
80 21 20437
80 66 20704
80 20 6614
80 1 13692
80 69 2443
80 63 12963
80 53 15963
80 0 19631
80 89 21056
80 55 16008
80 98 12103
80 33 14911
80 71 6903
80 87 7300
80 78 9086
80 67 14453
80 97 15649
80 11 3079
80 64 13032
80 92 9768
80 35 9498
80 39 6847
80 36 3270
80 75 8238
80 8 19689
80 30 21408
80 40 9434
80 48 19831
80 77 10396
80 23 7995
80 83 21954
80 31 22135
80 34 15157
80 59 7834
80 18 8753
80 44 2538
80 73 9153
80 3 9842
80 16 18310
80 76 305
80 68 17822
80 4 19487
80 28 18824
81 65 18144
81 28 4205
81 59 14831
81 74 15754
81 38 16763
81 75 1698
81 56 5466
81 0 19426
81 58 13277
81 40 8038
81 62 15044
81 42 12852
81 87 4061
81 45 1408
81 27 15618
81 19 10452
81 72 12842
81 48 734
81 95 2580
81 8 2215
81 69 3650
81 14 12626
81 29 10662
81 80 11851
81 53 4636
81 96 792
81 6 14098
81 30 14082
81 83 20531
81 64 13334
81 4 14197
81 46 10473
81 89 11811
81 36 15391
81 16 19859
81 2 13589
81 88 4781
81 18 19542
81 66 21172
81 60 19971
81 93 16706
81 25 17845
81 49 16402
81 33 15973
81 77 7691
81 10 9304
81 39 11793
81 61 790
81 26 11726
81 70 3800
81 92 20673
81 86 11425
81 23 20117
81 94 14136
81 12 21823
81 63 21611
81 9 14998
81 34 21768
81 32 19521
81 76 14877
81 17 17295
81 21 13338
81 84 1344
81 78 9055
81 5 21576
81 22 3759
81 68 -30
81 20 15456
81 47 4141
81 67 7545
81 3 5469
81 7 7119
81 85 7827
81 99 14979
81 71 141
81 50 7171
81 57 18039
81 98 10250
81 37 19926
81 43 19061
81 15 14281
81 11 14266
81 51 1070
81 52 21908
81 79 20206
82 70 20776
82 40 6976
82 54 9175
82 8 18604
82 31 7152
82 29 13455
82 24 18135
82 93 18679
82 7 19341
82 45 5058
82 41 6067
82 65 12821
82 67 1476
82 73 15344
82 77 12342
82 84 17379
82 27 13963
82 81 18649
82 28 688
82 34 12821
82 23 7600
82 90 19525
82 62 18124
82 2 18333
82 58 8164
82 20 16642
82 4 3262
82 35 6784
82 51 13532
82 87 22194
82 48 5348
82 52 18977
82 17 14581
82 75 21136
82 39 16793
82 56 17920
82 59 110
82 10 7576
82 97 16676
82 71 9057
82 19 15385
82 12 3386
82 9 3912
82 22 20171
82 37 7980
82 6 15407
82 44 752
82 1 10529
82 99 10594
82 86 9799
82 21 10763
82 32 1960
82 74 21069
82 60 19175
82 92 21450
82 0 8257
82 14 -95
82 11 15735
82 72 4743
82 83 2465
82 68 2393
82 47 21812
82 50 542
82 43 11647
82 64 17617
82 91 6328
82 69 20497
82 88 1594
82 26 19908
82 46 10565
82 16 14099
82 25 11100
82 3 2083
82 18 16586
83 31 21352
83 22 5816
83 17 20606
83 19 18188
83 50 5276
83 28 10019
83 82 10582
83 10 1446
83 1 8080
83 16 15485
83 44 19745
83 30 10909
83 77 14501
83 11 7523
83 33 7922
83 53 764
83 75 19801
83 95 21244
83 65 11410
83 51 15564
83 89 21132
83 59 13490
83 68 1184
83 35 10737
83 21 21167
83 86 13322
83 93 19862
83 6 4337
83 12 7018
83 84 22007
83 39 13746
83 4 20605
83 99 19536
83 70 2987
83 26 6092
83 66 14160
83 91 14612
83 5 5927
83 2 18624
83 62 16609
83 52 9103
83 34 17367
83 38 11481
83 58 5526
83 42 3685
83 24 22243
83 32 7740
83 46 3781
83 96 130
83 40 13967
83 15 6600
83 36 20054
83 14 22232
83 43 660
83 25 17023
83 41 1728
83 13 19527
83 87 12944
83 3 10017
83 0 17591
83 90 4649
83 47 21437
83 80 4156
83 8 20928
83 92 7918
83 57 11021
83 29 3623
83 9 5954
83 98 20979
83 69 13412
83 56 17970
83 81 3543
83 64 2777
83 20 15583
83 49 11879
83 71 937
83 78 16353
83 27 8581
83 76 5958
83 72 15749
83 73 12679
83 7 21086
83 54 19557
83 61 326
83 63 3020
83 55 1304
83 85 12419
83 37 6977
83 74 15352
84 82 18248
84 52 11325
84 48 11138
84 38 1464
84 5 7219
84 61 56
84 35 3863
84 37 13794
84 69 12767
84 46 8041
84 26 -15
84 85 16432
84 16 4659
84 88 10894
84 79 5107
84 57 3986
84 71 21787
84 94 7121
84 1 6420
84 50 1312
84 4 7083
84 41 9086
84 21 2565
84 56 16418
84 67 4921
84 89 10633
84 49 11450
84 3 8093
84 66 8506
84 39 14075
84 68 9938
84 33 1462
84 11 2315
84 75 9227
84 8 872
84 96 22239
84 93 15278
84 72 16418
84 0 2413
84 30 7628
84 29 9086
84 23 12753
84 31 3767
84 44 10503
84 54 12795
84 15 1890
84 55 18372
84 2 19011
84 62 10372
84 99 6178
84 98 9987
84 43 20129
84 78 1441
84 86 12820
84 25 4991
84 34 22114
84 87 12813
84 60 4584
84 73 10735
84 19 1270
84 18 4386
84 83 14213
84 91 10474
84 28 15935
84 51 19529
84 97 992
84 12 3523
84 9 11680
84 32 6444
85 73 9314
85 56 3237
85 7 9719
85 66 4192
85 46 4285
85 22 2342
85 13 11762
85 11 13962
85 26 4038
85 39 19315
85 53 3803
85 43 21807
85 50 20760
85 92 11614
85 32 7921
85 87 8093
85 80 20303
85 36 12219
85 93 1104
85 33 17025
85 74 8322
85 45 3259
85 69 541
85 83 7362
85 67 9087
85 86 15838
85 6 19435
85 21 4368
85 99 12862
85 24 6954
85 12 19492
85 81 17082
85 51 5410
85 84 10867
85 25 15233
85 40 4105
85 98 21627
85 97 10231
85 38 10916
85 60 7178
85 1 16854
85 34 4767
85 55 18791
85 79 2651
85 68 19572
85 78 8064
85 88 4083
85 5 17474
85 44 17000
85 4 3302
85 14 6283
85 90 1549
85 58 22274
85 17 3994
85 15 16667
85 76 18044
85 75 3614
85 65 22162
85 77 21771
85 71 5463
85 31 10303
85 82 11061
85 64 21219
85 59 20931
85 37 3107
85 61 19497
85 2 9862
85 41 20394
85 52 11114
85 94 21662
85 19 19575
85 30 1572
85 8 9235
85 70 12833
85 29 19877
85 16 3193
85 49 2436
85 9 8938
86 63 13012
86 9 6618
86 7 8893
86 5 3721
86 72 4815
86 71 2473
86 33 15367
86 38 10027
86 41 8721
86 34 2426
86 88 18975
86 20 2758
86 74 8959
86 25 11188
86 97 10886
86 42 3619
86 27 18171
86 23 10770
86 12 20371
86 49 19740
86 56 19194
86 69 7316
86 46 9930
86 78 14214
86 79 10241
86 0 20459
86 59 11184
86 76 17736
86 47 11259
86 29 172
86 64 13186
86 28 14262
86 94 7112
86 3 11844
86 51 11064
86 2 6365
86 95 13729
86 48 15638
86 91 7136
86 89 1866
86 40 10201
86 19 4517
86 65 4130
86 35 877
86 80 14566
86 17 12746
86 61 5969
86 55 15803
86 6 16461
86 68 7715
86 45 12887
86 93 377
86 75 4066
86 90 5022
86 92 -49
86 30 9326
86 16 14606
86 1 1830
86 36 10199
86 66 16971
86 87 10792
86 57 10912
86 53 16160
86 32 6965
86 50 17095
86 14 9854
86 22 3634
86 73 19566
86 31 4326
86 21 8275
86 62 21614
86 26 7044
86 39 14043
86 15 2949
86 37 2254
86 81 21746
87 1 15194
87 22 7107
87 52 2021
87 81 6578
87 34 326
87 94 7864
87 27 12832
87 30 20353
87 55 17494
87 99 11539
87 0 7375
87 49 7944
87 80 18808
87 83 1519
87 64 10118
87 89 361
87 36 9128
87 53 3171
87 25 14283
87 42 16819
87 29 18758
87 12 17929
87 63 15619
87 28 18913
87 43 14374
87 70 9740
87 47 22158
87 45 5502
87 59 17252
87 32 2331
87 58 19121
87 77 4244
87 56 13917
87 44 1904
87 26 16240
87 40 3764
87 82 947
87 39 3642
87 97 16322
87 62 17522
87 88 17337
87 41 21882
87 14 11463
87 9 6871
87 84 106
87 3 16499
87 2 17373
87 75 13479
87 90 10993
87 54 15628
87 69 18554
87 71 18170
87 21 21818
87 72 22246
87 50 19984
87 61 1615
87 38 17544
87 46 5930
87 24 13941
87 48 15052
87 95 9618
87 33 10131
87 16 9750
87 20 9329
87 35 284
87 4 2881
87 91 6132
87 73 20833
87 68 1203
87 78 18600
87 79 2940
87 37 1029
88 4 7002
88 49 13343
88 54 17623
88 53 11772
88 13 8046
88 29 2591
88 55 11727
88 66 3787
88 30 13002
88 37 2249
88 97 9768
88 72 11245
88 59 18849
88 67 16123
88 70 4245
88 28 11943
88 79 19809
88 90 8075
88 95 15804
88 80 21029
88 31 13385
88 61 8187
88 27 20964
88 73 9720
88 8 14076
88 5 9706
88 86 12591
88 47 4645
88 83 17550
88 16 4553
88 26 4613
88 99 17774
88 63 12359
88 15 20446
88 52 3090
88 33 4550
88 18 15635
88 98 4665
88 34 16709
88 35 14506
88 89 16631
88 3 5275
88 57 20718
88 77 9872
88 20 7842
88 14 14759
88 92 3241
88 96 13953
88 84 18080
88 65 127
88 87 12940
88 78 20979
88 17 5241
88 9 2604
88 51 21486
88 43 9109
88 24 17161
88 94 6185
88 42 2778
88 10 14783
88 36 1951
88 82 1309
88 0 22207
88 69 21478
88 32 19008
88 19 20860
88 56 4409
88 64 21104
88 44 10591
88 91 3192
88 39 3639
88 40 12376
89 42 5231
89 13 11605
89 20 17083
89 33 22081
89 28 1892
89 8 12192
89 91 1142
89 56 18660
89 53 17008
89 87 16609
89 17 16908
89 63 13886
89 22 5173
89 81 18257
89 4 19534
89 9 13125
89 41 5270
89 36 1372
89 58 3009
89 52 4085
89 3 12521
89 60 2020
89 68 10540
89 45 12050
89 25 17986
89 88 7541
89 49 20252
89 18 11331
89 54 14716
89 99 4849
89 29 20809
89 7 10730
89 11 4145
89 79 21971
89 43 15227
89 76 6364
89 44 10081
89 65 18439
89 21 15206
89 46 11075
89 23 13567
89 48 2033
89 27 8153
89 94 1375
89 64 12196
89 67 20651
89 32 10682
89 31 6564
89 98 1636
89 75 8422
89 72 5735
89 84 6148
89 74 13787
89 30 21499
89 82 3530
89 24 16367
89 0 1933
89 14 17644
89 90 16000
89 51 5364
89 35 7047
89 69 5643
89 5 4485
89 71 5233
89 6 5307
89 1 6375
89 57 12250
89 15 22042
89 70 353
89 77 14712
89 80 12473
89 2 19604
89 50 2876
89 16 18636
90 96 11720
90 61 10024
90 15 21332
90 50 9956
90 65 6668
90 8 13774
90 84 2168
90 97 20440
90 26 6678
90 55 20383
90 68 13551
90 91 16192
90 87 16240
90 81 784
90 95 19494
90 17 17308
90 7 3689
90 58 12793
90 21 8030
90 48 21960
90 83 10933
90 37 1304
90 59 10906
90 38 16633
90 29 416
90 19 20066
90 74 6734
90 75 16395
90 20 6715
90 1 20830
90 86 7918
90 36 15750
90 71 365
90 23 14497
90 39 14833
90 14 21114
90 72 5324
90 40 17683
90 89 557
90 52 2972
90 18 20104
90 47 21318
90 63 8952
90 43 6920
90 9 16067
90 93 20417
90 54 11689
90 66 18513
90 12 21945
90 56 1070
90 80 17377
90 6 13258
90 53 5368
90 33 6751
90 79 12038
90 34 14553
90 77 20223
90 76 21055
90 88 4046
90 2 16677
90 16 6712
90 28 5558
90 0 17212
90 64 12109
90 41 14044
90 25 19444
90 57 13329
90 31 4034
90 10 22267
90 85 3252
90 13 4756
90 69 14334
90 62 8387
90 24 10785
90 94 8441
90 22 17973
90 51 17487
90 3 20336
90 99 10750
91 93 5914
91 86 8669
91 92 20531
91 31 16969
91 89 13834
91 83 14097
91 60 2166
91 36 2655
91 12 5969
91 67 5249
91 57 21212
91 20 18094
91 72 834
91 75 2276
91 16 4249
91 96 4734
91 11 2202
91 6 2345
91 13 19002
91 90 9528
91 30 11711
91 43 15411
91 10 6246
91 88 14782
91 46 14346
91 24 8967
91 3 4433
91 79 9360
91 21 1878
91 77 9505
91 9 21320
91 38 963
91 99 19129
91 50 504
91 49 10074
91 73 11385
91 42 6270
91 82 2582
91 74 6411
91 48 10838
91 8 14631
91 76 1636
91 19 1447
91 40 11975
91 1 4931
91 94 17541
91 98 9579
91 87 16092
91 62 12745
91 58 19997
91 47 18375
91 80 3042
91 23 1808
91 55 13593
91 32 1898
91 15 2103
91 85 16765
91 53 11920
91 5 16098
91 61 764
91 66 14347
91 52 10008
91 95 21140
91 28 15157
91 2 6194
91 27 7830
91 65 12169
91 54 3994
91 7 2451
91 45 14008
91 56 5833
91 51 3206
91 59 21047
91 39 2579
91 41 9683
91 78 8148
91 22 4955
91 14 6392
91 81 18806
91 26 8949
91 33 19516
91 25 13435
92 55 21693
92 88 15540
92 27 2895
92 82 1853
92 38 9443
92 68 8388
92 43 5623
92 5 7915
92 0 22005
92 98 3983
92 67 6503
92 56 7698
92 42 11300
92 83 16746
92 21 19842
92 93 2438
92 1 3112
92 71 4090
92 41 3903
92 46 16559
92 39 21297
92 53 18009
92 49 308
92 70 11733
92 30 16965
92 61 17922
92 17 -23
92 33 14255
92 40 -63
92 29 19649
92 10 16355
92 62 15345
92 81 6406
92 52 14280
92 2 11726
92 84 8675
92 22 21531
92 78 18726
92 54 8390
92 37 10554
92 19 16734
92 35 7148
92 8 21587
92 90 15823
92 97 20454
92 12 10605
92 80 9302
92 95 6718
92 11 13178
92 57 3779
92 15 1454
92 96 16268
92 94 19986
92 16 10423
92 69 10627
92 76 7282
92 45 18505
92 87 7470
92 4 4614
92 3 8096
92 31 17308
92 60 4165
92 36 12538
92 89 21322
92 77 9594
92 18 10354
92 64 19784
92 23 17089
92 73 15966
92 48 17058
92 28 12335
92 85 14799
92 79 2366
92 26 10437
92 86 14909
92 75 3571
93 80 15732
93 42 4630
93 70 5399
93 22 3631
93 21 8341
93 10 3936
93 83 19044
93 52 7033
93 15 15601
93 85 2767
93 67 11630
93 39 13952
93 7 8802
93 91 12315
93 66 16834
93 28 6772
93 72 9719
93 36 13769
93 35 18972
93 23 8578
93 58 14458
93 88 3119
93 27 15978
93 55 7047
93 60 22254
93 53 9115
93 46 4025
93 92 5592
93 56 20531
93 59 2091
93 19 2077
93 24 4795
93 51 9287
93 34 7047
93 16 8713
93 76 455
93 14 1973
93 49 3770
93 17 12052
93 74 20679
93 41 21695
93 29 19874
93 13 7798
93 84 17959
93 30 17075
93 64 17655
93 48 223
93 40 17300
93 57 7632
93 44 8043
93 78 12882
93 82 4462
93 97 1472
93 81 14878
93 2 10665
93 96 9655
93 71 20349
93 86 3515
93 0 6237
93 47 11607
93 50 9267
93 54 11227
93 45 3879
93 3 6098
93 20 9137
93 25 9245
93 11 21068
93 98 16516
93 61 7799
93 99 11213
93 6 17480
93 9 11808
93 68 6019
93 63 981
93 18 423
93 32 17591
94 37 8055
94 27 14433
94 77 3079
94 65 3814
94 43 7217
94 29 5323
94 93 4295
94 12 12206
94 13 10537
94 80 22214
94 8 3156
94 36 13867
94 95 4645
94 0 15219
94 59 7556
94 84 15831
94 20 21728
94 50 8519
94 61 17565
94 6 7437
94 88 18423
94 66 13659
94 81 306
94 63 16456
94 11 3181
94 89 7227
94 42 3006
94 70 9420
94 16 2940
94 97 12011
94 18 12117
94 10 4495
94 64 6870
94 3 7087
94 28 4263
94 17 17388
94 45 8611
94 23 14084
94 26 17013
94 34 5292
94 72 1595
94 91 12856
94 62 18337
94 15 14854
94 41 10052
94 58 9567
94 25 20710
94 92 19091
94 82 11945
94 76 12516
94 19 94
94 46 21745
94 83 4155
94 22 1352
94 55 21333
94 44 22157
94 99 10932
94 87 17825
94 14 17271
94 67 7886
94 4 13506
94 54 2933
94 30 11970
94 96 7209
94 38 21127
94 9 11448
94 40 22098
94 60 6613
94 74 4167
94 86 13077
94 53 6894
94 52 15845
94 39 12937
94 57 2879
94 85 5737
94 48 2736
94 2 18311
95 91 21223
95 37 17043
95 85 18546
95 10 3665
95 1 14187
95 12 18700
95 34 19035
95 9 16106
95 3 6650
95 25 16722
95 58 21056
95 31 3309
95 87 10464
95 94 10343
95 26 15002
95 22 16041
95 52 16561
95 38 21503
95 4 19305
95 51 10210
95 5 17769
95 57 12131
95 74 17818
95 2 15317
95 61 -54
95 71 7144
95 27 16745
95 65 10682
95 98 17801
95 67 21373
95 93 12784
95 59 9165
95 0 2175
95 18 10587
95 24 17349
95 56 15143
95 45 1927
95 14 8800
95 54 17721
95 23 11316
95 28 3776
95 86 10826
95 63 11596
95 60 14792
95 30 20719
95 73 9412
95 72 5723
95 83 17354
95 48 2792
95 81 9464
95 97 14383
95 17 19022
95 69 16386
95 41 18575
95 84 13413
95 55 7210
95 78 12411
95 88 14082
95 46 1034
95 77 12718
95 20 14521
95 15 11824
95 70 5882
95 39 10651
95 42 2213
95 16 12226
95 21 8852
95 53 14288
95 82 6728
95 75 13147
95 50 9302
95 66 3589
95 33 13550
95 35 21513
95 32 20095
96 66 21973
96 48 13888
96 17 21115
96 81 2259
96 63 6604
96 7 14794
96 82 19747
96 79 16174
96 57 7271
96 16 19575
96 69 6745
96 65 4374
96 13 20339
96 19 8815
96 4 11980
96 59 603
96 73 20594
96 78 13583
96 10 1569
96 87 609
96 88 19618
96 62 4626
96 0 16565
96 72 21289
96 94 7749
96 97 12148
96 64 9861
96 22 138
96 85 4605
96 95 7784
96 54 15793
96 37 15881
96 83 15915
96 68 7729
96 3 2785
96 38 7481
96 44 60
96 23 16615
96 34 1882
96 61 7122
96 49 16969
96 55 15977
96 27 17182
96 84 21553
96 40 22186
96 31 14895
96 98 22138
96 26 17847
96 28 6162
96 42 16751
96 76 12902
96 52 3468
96 12 6810
96 80 12425
96 46 16554
96 29 649
96 74 12183
96 99 5922
96 14 19620
96 56 17447
96 35 8014
96 75 6737
96 77 460
96 41 11316
96 51 20029
96 89 16931
96 93 21400
96 21 17409
96 39 12395
96 67 1025
96 1 5391
96 86 15491
96 50 19056
96 11 4915
96 6 3295
97 73 14850
97 29 7180
97 68 8293
97 17 4007
97 7 12920
97 43 5321
97 47 18281
97 27 4601
97 92 2920
97 25 17785
97 96 11223
97 33 3274
97 89 15019
97 0 6867
97 49 5094
97 51 10182
97 59 7300
97 88 11661
97 9 2050
97 52 9905
97 16 13307
97 58 6675
97 15 1957
97 83 19533
97 28 11711
97 65 3161
97 81 7030
97 79 14960
97 44 18310
97 74 13662
97 86 1435
97 94 8857
97 32 13364
97 31 19781
97 77 6624
97 85 16188
97 54 2654
97 71 17046
97 53 19472
97 11 2645
97 5 5750
97 38 17638
97 22 14663
97 23 5171
97 40 20007
97 55 433
97 8 6137
97 1 10362
97 78 15007
97 67 14974
97 35 4635
97 60 4016
97 50 6607
97 64 13214
97 70 9097
97 82 10419
97 30 327
97 69 5811
97 62 5139
97 37 1605
97 98 19085
97 34 12428
97 19 2877
97 36 10210
97 45 14588
97 63 18714
97 95 13890
97 56 15886
97 39 9573
97 41 8026
97 57 13368
97 99 18693
97 72 4119
97 46 2467
97 66 11982
97 12 13905
97 26 14746
98 0 4366
98 6 8417
98 95 20112
98 92 2155
98 94 7681
98 18 5944
98 7 21262
98 54 10277
98 81 15774
98 83 14697
98 26 11764
98 43 19928
98 33 16072
98 91 9765
98 41 12424
98 39 11869
98 63 7727
98 13 14189
98 42 4920
98 77 19851
98 48 5279
98 37 3924
98 36 15006
98 99 19752
98 80 16440
98 46 11283
98 67 14170
98 97 14968
98 58 4217
98 29 21935
98 2 12709
98 35 16090
98 87 17315
98 50 11819
98 66 538
98 24 3117
98 16 11108
98 22 8790
98 30 16352
98 73 16244
98 32 1734
98 17 21248
98 78 2505
98 20 22199
98 74 11123
98 76 13004
98 71 16978
98 40 692
98 56 5039
98 4 4081
98 59 11327
98 68 5150
98 28 10523
98 61 5785
98 90 6153
98 72 18299
98 51 7460
98 84 1870
98 96 8689
98 79 17663
98 44 960
98 9 7564
98 21 4367
98 19 9163
98 38 801
98 62 6450
98 82 17963
98 8 18898
98 15 18384
98 60 12312
98 86 14379
98 75 14888
98 69 13648
98 65 20716
98 10 18251
98 14 15921
98 12 7135
99 29 1730
99 65 21268
99 90 17948
99 98 14740
99 95 8502
99 25 12730
99 78 9634
99 76 18165
99 14 15320
99 13 5530
99 15 388
99 67 16015
99 37 926
99 28 7442
99 3 920
99 87 788
99 26 10359
99 49 15480
99 40 8288
99 61 13188
99 10 21053
99 93 7971
99 48 19979
99 20 6057
99 5 3832
99 27 19237
99 36 17273
99 32 2465
99 1 18976
99 64 19739
99 51 17955
99 68 7230
99 70 22019
99 75 10443
99 43 20096
99 41 6041
99 97 19596
99 8 9664
99 9 20393
99 11 17061
99 30 10414
99 38 2094
99 53 8340
99 52 1887
99 44 13560
99 60 10056
99 4 11328
99 73 21620
99 88 13008
99 56 9749
99 77 18200
99 42 21427
99 79 16911
99 39 14923
99 62 2170
99 83 19960
99 34 13657
99 31 3083
99 22 15461
99 0 13057
99 16 7770
99 33 8939
99 82 5274
99 69 14037
99 72 7477
99 58 7680
99 59 8372
99 21 1217
99 63 12760
99 7 9155
99 12 2579
99 86 15703
99 54 3600
99 57 5327
99 24 7336
25
