150 5587
0 101 11418
0 65 6800
0 136 2721
0 76 4696
0 53 13674
0 50 16162
0 13 7586
0 1 265
0 108 3258
0 124 10063
0 125 4374
0 22 5079
0 127 4023
0 90 113
0 91 13134
0 113 9023
0 92 4658
0 77 10634
0 26 355
0 81 9217
0 12 3662
0 85 2143
0 144 802
0 39 13404
0 134 13746
0 94 4174
1 107 16320
1 31 5917
1 129 3222
1 125 3253
1 35 4739
1 29 15467
1 92 10578
1 112 15661
1 94 5177
1 145 8931
1 119 11122
1 60 15810
1 64 15210
1 96 16220
1 12 437
1 25 7733
1 77 15233
1 54 13361
1 4 5645
1 146 13430
1 135 12443
1 32 10312
1 141 15825
1 89 12116
1 49 3577
1 21 15985
1 149 13126
1 123 4552
1 24 13923
1 103 744
1 115 3876
1 101 10094
1 121 6315
1 13 10765
1 110 15141
1 45 7501
1 83 9615
1 137 2987
1 20 3856
1 2 2413
1 76 2525
1 106 9951
1 140 13229
1 23 2401
2 108 3838
2 16 10927
2 60 16001
2 99 9420
2 46 2913
2 100 2522
2 125 6831
2 37 1702
2 10 7335
2 80 11743
2 129 3566
2 55 10942
2 57 12193
2 53 7244
2 3 10962
2 141 3888
2 64 10606
2 112 2242
2 33 7971
2 34 9906
2 19 10495
2 83 7549
2 5 8740
2 39 1934
2 142 13223
2 86 6709
2 47 7669
2 115 12916
2 7 3090
2 133 1400
2 23 6714
2 75 12402
2 38 9116
2 148 6197
2 67 13986
2 144 11825
2 90 15364
2 51 13267
2 63 10320
2 149 10607
2 50 13846
2 118 10901
2 72 16134
2 43 10107
2 11 6699
2 9 974
3 102 12887
3 40 6279
3 68 9122
3 49 5821
3 84 2037
3 95 11998
3 30 11010
3 12 13836
3 141 2495
3 45 2669
3 25 7607
3 138 1589
3 52 10434
3 71 12013
3 101 12977
3 128 16714
3 65 6645
3 7 3850
3 74 6986
3 132 16480
3 137 1834
3 149 1304
3 4 15771
3 144 14798
3 55 5985
3 123 14250
3 139 9607
3 10 13387
3 112 6727
3 42 3233
3 50 2233
3 135 13883
3 16 4633
3 21 7534
4 117 12546
4 119 5177
4 61 10456
4 74 12644
4 93 7241
4 77 4827
4 145 5053
4 10 1977
4 25 7400
4 96 15284
4 108 15119
4 146 12175
4 137 6720
4 78 3287
4 17 6317
4 149 12547
4 9 13133
4 63 15001
4 39 15456
4 59 10749
4 54 683
4 122 9633
4 16 5764
4 67 4816
4 66 16674
4 33 7062
4 98 91
4 7 9766
4 130 12276
4 112 7400
4 38 2534
4 125 8117
4 85 6867
4 81 16549
5 98 4820
5 60 7577
5 3 14014
5 4 7273
5 27 6743
5 77 14083
5 127 8966
5 89 1905
5 83 2664
5 68 4091
5 143 2849
5 91 9121
5 81 13320
5 116 5106
5 141 10798
5 70 14559
5 45 1391
5 146 761
5 82 5706
5 132 12139
5 131 4325
5 29 13822
5 42 1152
5 30 4859
5 128 15399
5 48 16407
5 24 5870
5 96 15546
5 100 5766
5 86 9286
5 88 14027
5 109 9054
5 36 15595
5 136 13036
6 91 4384
6 50 1891
6 13 7507
6 93 2067
6 51 2077
6 110 7823
6 109 8485
6 19 947
6 90 8763
6 84 7643
6 121 12122
6 56 3765
6 7 9435
6 132 8392
6 9 10115
6 148 2719
6 127 13920
6 3 14717
6 145 14951
6 47 8992
6 114 4164
6 116 658
6 111 16351
6 113 11060
6 98 1461
6 100 11284
6 64 16511
6 65 6663
6 142 13190
6 146 16377
6 92 14036
6 4 10048
6 103 9071
6 72 10595
6 35 5734
6 94 2432
6 80 10007
6 95 13788
6 117 2080
6 139 10819
7 96 10791
7 74 5097
7 60 10846
7 53 1352
7 148 9167
7 16 15333
7 102 6132
7 77 5593
7 135 399
7 100 9478
7 108 3262
7 3 2809
7 121 16472
7 88 16595
7 21 3844
7 31 8563
7 72 2051
7 94 1698
7 90 561
7 107 6026
7 84 8607
7 20 9887
7 5 14693
7 125 1342
7 62 2408
7 99 10159
7 92 12604
7 48 5212
7 98 4689
7 149 9666
7 55 350
7 83 4448
7 65 12774
7 136 15691
7 52 13136
7 95 5853
8 104 1915
8 147 10048
8 56 14972
8 109 10016
8 137 9867
8 67 13781
8 118 5927
8 98 233
8 12 7731
8 24 6610
8 10 8803
8 144 14930
8 142 3423
8 13 1913
8 42 5294
8 74 9486
8 134 9404
8 41 14558
8 38 15139
8 127 16235
8 139 2865
8 29 10250
8 60 10040
8 77 9555
8 26 11694
8 53 2903
8 120 9668
8 36 6936
8 47 16130
8 89 14902
8 94 8134
8 146 13402
8 123 15819
8 65 11130
8 91 12525
8 69 4695
9 39 9128
9 118 3184
9 3 7438
9 55 9106
9 37 11934
9 78 5410
9 5 10609
9 10 1527
9 145 10893
9 15 3617
9 112 1512
9 18 681
9 56 16079
9 51 159
9 103 6668
9 62 13460
9 138 301
9 143 16014
9 11 8465
9 129 12337
9 65 12011
9 48 13576
9 127 8626
9 109 4297
9 6 14042
9 72 12458
9 79 10506
9 141 14603
9 92 2220
9 23 7148
9 17 15410
9 74 3431
10 2 6532
10 9 13305
10 35 11990
10 65 6299
10 56 11769
10 128 2180
10 50 260
10 92 15789
10 141 1804
10 112 6949
10 95 6005
10 80 1409
10 147 4215
10 138 1438
10 71 5199
10 52 14123
10 73 14773
10 72 12543
10 49 7638
10 13 10328
10 23 16596
10 139 9590
10 68 16213
10 66 1038
10 79 2635
10 11 404
10 82 4759
10 143 13453
10 53 6844
10 120 1967
10 108 9135
10 131 4352
10 17 2977
10 16 24
11 8 16294
11 126 2404
11 82 12086
11 84 14376
11 103 13790
11 7 1222
11 59 1702
11 39 3109
11 91 16638
11 101 11656
11 131 652
11 124 5497
11 104 1156
11 42 2338
11 142 13458
11 149 10386
11 119 12052
11 87 16624
11 68 8730
11 74 10546
11 29 8946
11 102 6326
11 41 6531
11 44 5997
11 81 12718
11 26 16195
11 129 8619
11 28 11807
11 75 4916
11 71 3366
11 57 13972
11 16 11359
11 64 13443
11 128 11361
11 24 10605
11 97 7064
11 90 15881
11 38 8245
11 55 2861
12 113 15420
12 139 15521
12 48 2545
12 81 14179
12 138 13653
12 37 6486
12 120 4713
12 49 1503
12 23 7852
12 116 9947
12 36 843
12 112 3064
12 25 5899
12 22 9643
12 71 15184
12 21 15818
12 136 741
12 30 6927
12 134 4254
12 115 6273
12 104 9277
12 100 11853
12 47 10473
12 89 14638
12 91 755
12 26 6212
12 119 6936
12 135 14351
12 101 1549
12 8 8300
12 38 5264
12 144 4530
12 14 7975
12 34 6660
12 59 7733
12 68 2470
12 97 3121
12 57 6488
12 95 939
12 94 7875
12 90 9005
12 18 15572
12 19 8407
12 24 7862
12 2 9010
13 74 9356
13 65 9018
13 115 5574
13 29 11074
13 142 2263
13 37 14462
13 52 7480
13 145 9342
13 85 16090
13 63 4272
13 129 7949
13 45 14839
13 134 5653
13 50 13124
13 120 15473
13 21 6512
13 116 7508
13 15 6971
13 66 11391
13 78 14329
13 53 4949
13 32 12221
13 75 9434
13 71 9646
13 19 10454
13 90 14193
13 67 5146
13 60 1235
13 131 7094
14 139 10188
14 115 4695
14 122 3747
14 91 5214
14 49 7300
14 79 4235
14 73 9663
14 66 13931
14 37 2572
14 90 10511
14 121 4093
14 72 10711
14 138 16297
14 136 11437
14 1 3477
14 52 8686
14 23 13929
14 134 12265
14 107 10407
14 48 2681
14 70 3621
14 11 14407
14 124 3246
14 34 15791
14 19 1792
14 142 2675
14 144 15452
14 133 3250
14 35 6609
14 44 3730
14 22 1056
14 85 681
14 112 8662
14 64 15700
14 86 16536
14 42 2905
14 30 11633
14 68 6810
14 102 9526
14 60 14940
14 51 15034
14 3 12317
14 59 15094
14 63 13965
14 43 2693
14 146 2045
14 145 13703
14 97 8081
14 110 4040
14 82 13546
15 2 13414
15 30 10234
15 14 13539
15 120 14887
15 40 3991
15 22 5532
15 4 7848
15 87 2358
15 121 15902
15 124 15580
15 34 8168
15 127 13220
15 37 5206
15 144 903
15 105 1697
15 71 12894
15 133 4764
15 72 2068
15 149 12385
15 132 8019
15 33 14255
15 42 8688
15 99 3841
15 125 1489
15 96 8134
15 83 9816
15 123 6841
15 80 2351
15 95 3195
16 18 14365
16 62 1772
16 8 14244
16 140 12716
16 56 14045
16 148 16187
16 66 14294
16 126 13351
16 117 14819
16 90 14878
16 109 14552
16 86 10366
16 142 1257
16 25 13536
16 41 14853
16 94 12424
16 105 7789
16 125 12196
16 42 14963
16 72 13468
16 95 1996
16 20 3342
16 11 13299
16 99 396
16 58 3827
16 68 14201
16 14 8985
16 57 15566
16 98 15107
16 112 7100
16 3 1237
16 59 3980
16 38 2625
16 131 9515
16 128 7700
16 97 6158
17 35 14679
17 149 7475
17 134 1441
17 132 602
17 99 4496
17 118 14428
17 8 202
17 36 15589
17 9 9458
17 144 9319
17 125 7936
17 142 3269
17 93 9211
17 1 14682
17 138 6336
17 123 8484
17 86 9059
17 60 5706
17 23 11159
17 7 3260
17 33 10620
17 16 13004
17 148 4141
17 84 8818
17 3 14246
17 92 11530
17 15 12203
17 107 10458
17 65 14009
17 124 12043
18 144 7300
18 149 8095
18 52 6101
18 19 14060
18 1 8474
18 95 2330
18 91 15095
18 3 13137
18 125 15693
18 115 1955
18 65 11842
18 86 5832
18 14 4109
18 99 16069
18 105 12318
18 5 2809
18 55 7351
18 35 5516
18 88 8278
18 40 4939
18 7 6272
18 145 1928
18 28 1244
18 61 13002
18 132 880
18 20 13421
18 124 7327
18 139 4706
18 133 15647
18 67 6678
18 134 5621
18 23 1898
18 98 5388
18 9 2580
18 116 14160
18 12 4189
18 142 3417
18 140 13902
18 53 15179
18 147 7933
18 84 6186
18 111 9511
19 148 9153
19 64 1540
19 108 12976
19 143 1773
19 82 905
19 127 7423
19 125 12128
19 3 5786
19 97 16121
19 31 5143
19 38 14240
19 90 3703
19 68 7444
19 5 5804
19 63 7443
19 81 7209
19 89 6018
19 103 6283
19 121 12062
19 75 2388
19 88 13409
19 10 12561
19 24 16339
19 14 16644
19 1 14370
19 101 9217
19 94 10361
19 49 10082
19 139 6950
19 115 6442
19 146 16515
19 95 4953
19 123 880
19 73 9573
19 13 15118
20 134 16045
20 70 1708
20 102 4872
20 56 2049
20 36 16500
20 48 13404
20 81 15831
20 14 14107
20 101 14541
20 126 1772
20 146 16382
20 140 15479
20 11 8344
20 13 4977
20 122 8617
20 139 12885
20 28 4630
20 57 15072
20 62 8487
20 100 3185
20 111 13243
20 127 7812
20 79 653
20 148 2341
20 93 6303
20 98 938
20 6 2820
20 21 16001
20 88 512
20 87 16204
20 47 12946
20 105 15004
20 133 4194
20 22 13889
20 40 14861
20 103 6975
20 12 12044
20 59 261
20 121 7152
20 18 15844
20 143 15126
20 119 6686
20 29 3490
20 80 5558
20 110 14351
21 149 16709
21 80 12649
21 73 12365
21 113 12704
21 99 12012
21 14 6132
21 104 9393
21 81 6384
21 30 13052
21 76 10336
21 67 2798
21 51 2997
21 17 598
21 56 13390
21 98 7092
21 32 16600
21 77 2695
21 68 4251
21 37 1594
21 147 9528
21 93 5927
21 119 4293
21 74 11411
21 52 2378
21 54 2846
21 47 14028
21 134 6601
21 145 8237
21 102 2009
21 97 772
21 133 15089
21 85 9273
21 10 15855
21 28 3754
21 95 13016
21 121 168
21 6 1095
21 22 16040
21 84 11767
22 95 8233
22 111 14503
22 81 14518
22 114 4114
22 78 1992
22 44 13870
22 23 12470
22 145 15871
22 11 14759
22 80 5326
22 92 6262
22 116 5741
22 35 6681
22 60 12330
22 61 15037
22 131 2823
22 9 14203
22 71 608
22 31 9671
22 77 4916
22 120 5384
22 0 4221
22 4 16537
22 2 5042
22 18 2309
22 75 16240
22 49 14151
22 76 5569
22 20 12086
22 96 14715
22 126 12302
23 84 15587
23 112 10396
23 149 4105
23 138 8555
23 104 3001
23 123 928
23 94 6303
23 140 4339
23 40 3432
23 16 2686
23 63 1930
23 62 7272
23 82 10358
23 89 12168
23 14 8525
23 43 11626
23 109 8083
23 119 2771
23 131 860
23 110 15742
23 125 9553
23 73 1944
23 33 1135
23 107 13836
23 90 11126
23 42 2213
23 120 13673
23 142 12579
23 17 5531
23 46 134
23 51 11701
23 37 5841
23 79 8131
23 132 7283
24 65 14928
24 115 8372
24 131 1034
24 62 12525
24 4 4107
24 132 7315
24 139 12975
24 36 5329
24 19 8931
24 51 1599
24 47 12236
24 12 13750
24 64 11650
24 46 4728
24 43 7260
24 111 11131
24 89 4245
24 82 1108
24 10 1821
24 29 742
24 34 3283
24 27 1537
24 2 7434
24 145 11123
24 120 14743
24 92 4840
24 149 13979
24 23 6178
24 75 4854
24 26 2300
24 125 6412
24 133 13996
24 30 11449
24 100 16212
25 122 13778
25 95 4777
25 123 13424
25 91 12214
25 51 1477
25 6 8698
25 79 5229
25 128 4166
25 24 4329
25 12 3406
25 88 10677
25 67 14683
25 18 2856
25 145 7718
25 116 5990
25 27 4022
25 42 8080
25 69 1062
25 39 13381
25 76 6155
25 87 2660
25 78 9330
25 15 1374
25 30 2747
25 19 16333
25 47 15462
25 45 3687
25 36 6095
25 56 9637
25 132 7160
25 5 12956
25 106 1501
25 0 10502
25 52 7622
25 26 3249
25 89 16525
25 74 11512
25 70 2413
25 83 6957
26 42 359
26 45 3020
26 70 5633
26 27 3412
26 131 14085
26 75 5046
26 56 15698
26 130 14016
26 73 9176
26 47 16267
26 94 6584
26 5 14433
26 85 3834
26 149 9892
26 1 2750
26 101 3862
26 137 15399
26 124 11646
26 99 2174
26 115 14014
26 117 5178
26 71 13642
26 103 11044
26 67 15558
26 106 6332
26 55 10826
26 68 4169
26 23 6301
26 109 8626
26 53 4929
26 48 6618
26 95 8491
26 87 14778
26 10 6871
26 121 8482
26 118 12073
26 69 2066
26 19 10357
26 33 11925
26 83 11570
26 129 7916
26 25 11689
26 39 7174
26 112 12777
26 16 8796
26 119 6554
26 28 6935
26 4 4571
26 82 3602
26 15 9158
26 140 2084
26 113 3920
27 104 4286
27 74 16300
27 110 3740
27 66 15606
27 0 5587
27 101 13562
27 33 15117
27 76 3026
27 127 2930
27 105 9600
27 133 14773
27 4 10485
27 71 2738
27 106 16480
27 8 16648
27 47 13999
27 54 3929
27 6 15764
27 23 14453
27 14 170
27 15 12674
27 95 7929
27 85 8750
27 35 4896
27 21 13818
27 12 16329
27 59 4502
27 58 3301
27 139 8137
27 100 1925
27 124 16336
28 115 10236
28 2 6754
28 141 12678
28 145 3253
28 138 14710
28 34 516
28 116 201
28 81 3421
28 123 2285
28 19 848
28 15 5089
28 137 11359
28 49 8972
28 110 15252
28 146 1391
28 14 15380
28 58 169
28 83 6969
28 30 3933
28 48 3897
28 0 15770
28 18 11516
28 17 12467
28 128 7410
28 33 5189
28 8 7558
28 108 3407
28 61 3025
28 47 12081
28 44 13853
28 21 8312
28 121 6636
28 54 11554
28 103 13290
28 50 10846
28 57 3885
28 56 16640
28 142 5312
28 85 3704
28 24 6731
28 78 2497
28 127 16629
29 142 5156
29 122 5867
29 1 3305
29 138 4335
29 4 15944
29 18 12823
29 56 7575
29 116 3975
29 3 13644
29 107 12117
29 61 7338
29 139 12262
29 136 16581
29 100 12705
29 65 2734
29 81 9848
29 49 7677
29 117 4496
29 22 7786
29 119 5705
29 121 278
29 57 8041
29 54 5759
29 131 5592
29 66 9607
29 68 11036
29 70 12595
29 127 6264
29 19 12042
29 120 13765
29 105 2859
29 144 16125
29 63 15256
29 34 9641
29 59 7531
29 7 316
29 91 6303
29 5 15437
29 145 12654
29 46 10356
29 50 6929
29 37 2429
29 67 15028
29 96 3572
29 88 12042
29 60 10019
29 58 9307
29 25 16464
29 0 15873
29 99 3297
29 32 2606
29 16 7355
29 2 8417
29 74 9627
30 148 84
30 109 3434
30 44 7038
30 79 7886
30 57 12575
30 111 10165
30 33 10811
30 85 15127
30 97 14504
30 67 13929
30 133 13199
30 69 11631
30 78 7512
30 66 1495
30 145 15086
30 110 8831
30 10 4083
30 96 7195
30 11 9837
30 5 3978
30 141 9240
30 34 9806
30 71 14492
30 8 4067
30 100 7240
30 128 7353
30 121 5906
30 140 15414
30 51 12199
30 37 5082
30 119 1140
30 91 1439
30 116 270
30 16 6011
30 20 7412
30 43 13289
30 73 6637
30 144 1007
30 132 3655
30 80 14141
30 106 2448
30 32 7704
30 29 14703
30 84 12196
30 54 2978
30 139 15426
31 80 12216
31 14 1044
31 145 4866
31 100 13230
31 93 5373
31 88 13975
31 64 8244
31 54 9571
31 75 8272
31 65 10551
31 8 13561
31 106 11315
31 20 2928
31 22 3641
31 33 12594
31 113 2981
31 48 13684
31 119 2641
31 28 14459
31 132 8103
31 96 5921
31 83 13155
31 102 7815
31 15 370
31 0 6958
31 58 14437
31 37 3728
31 36 952
31 3 1231
31 11 8813
31 112 8864
31 137 636
31 45 3201
31 7 109
31 49 14433
31 108 4313
31 39 16172
31 63 14926
31 123 3150
31 72 15238
31 146 6903
32 145 16253
32 80 1258
32 90 4260
32 63 7518
32 82 5062
32 139 15775
32 98 13571
32 11 1831
32 7 3288
32 70 11572
32 19 6680
32 58 15276
32 16 1909
32 22 5382
32 111 16713
32 138 13240
32 29 6028
32 23 1254
32 24 15340
32 133 7063
32 142 8216
32 64 676
32 65 2018
32 56 11115
32 120 5231
32 52 14411
32 114 16605
32 147 12638
32 49 5473
32 130 8448
32 76 6203
32 59 10386
32 146 5607
32 50 6586
32 71 7680
32 128 16758
32 101 3175
32 33 151
32 60 12033
33 36 7875
33 106 2183
33 68 12330
33 3 2827
33 23 5799
33 121 8627
33 1 7535
33 10 15536
33 147 3416
33 123 12056
33 118 9817
33 111 13244
33 63 13785
33 114 15371
33 98 8508
33 148 12479
33 55 8991
33 62 1424
33 89 9823
33 58 2629
33 66 15056
33 21 4716
33 94 8725
33 16 4078
33 42 15473
33 14 7265
33 38 12555
33 8 14718
33 19 10524
33 103 11318
33 108 14152
33 37 8960
34 83 11189
34 121 13529
34 12 5651
34 43 6950
34 56 15200
34 70 10529
34 42 1655
34 113 5857
34 131 12891
34 125 15924
34 81 11670
34 48 8196
34 78 10801
34 105 11400
34 82 12197
34 14 12311
34 122 9305
34 126 5996
34 142 9751
34 127 10276
34 128 13935
34 27 5473
34 71 2768
34 8 15472
34 85 2566
34 104 8231
34 25 1762
34 54 14480
34 144 4674
34 49 9006
34 149 7439
34 67 15066
34 69 3344
34 91 1834
34 66 5106
34 36 14951
34 28 9828
34 0 10210
34 143 9923
35 25 16520
35 140 9995
35 100 882
35 16 13377
35 129 1800
35 29 15936
35 86 15899
35 81 11524
35 121 6664
35 130 3745
35 127 1395
35 132 6196
35 85 15388
35 99 163
35 60 8998
35 39 5831
35 21 14754
35 105 8796
35 112 15940
35 0 15498
35 23 7761
35 74 16213
35 148 1868
35 146 10879
35 55 936
35 9 16242
35 47 6392
35 109 2831
35 42 2406
35 91 3881
35 26 16520
35 30 2197
35 73 11236
35 93 12625
35 77 9545
35 14 15599
35 95 10244
35 18 9095
36 10 2848
36 43 13675
36 15 8526
36 117 15851
36 66 8808
36 95 12479
36 79 5792
36 8 9689
36 106 16479
36 98 5107
36 58 6396
36 78 11870
36 130 6878
36 17 12929
36 96 13641
36 24 8091
36 18 2320
36 16 12456
36 110 6071
36 141 8532
36 123 14787
36 53 838
36 55 10551
36 23 11353
36 73 2463
36 48 6588
36 25 10296
36 125 5786
36 14 6595
36 93 1814
36 87 7196
36 111 1941
36 62 11382
36 135 16697
36 132 9262
36 11 346
37 115 3092
37 145 136
37 86 10758
37 99 16233
37 78 3364
37 23 5565
37 88 7647
37 138 4162
37 87 2751
37 113 15527
37 92 370
37 17 12298
37 97 8921
37 91 7069
37 98 13106
37 49 11644
37 46 10733
37 9 1135
37 75 4338
37 10 1068
37 38 15361
37 13 1785
37 110 12100
37 69 12817
37 18 10988
37 144 12635
37 107 2790
37 77 7307
37 5 5830
37 25 7426
37 34 10794
37 142 8481
37 33 5754
37 61 9360
37 7 12927
37 11 9126
37 120 8205
37 14 13999
37 68 3844
38 121 3018
38 61 8199
38 16 580
38 3 2857
38 98 9076
38 69 12377
38 13 8769
38 149 15688
38 123 10588
38 11 11923
38 25 3421
38 0 4156
38 107 7705
38 117 16687
38 109 927
38 46 9047
38 127 4475
38 128 12472
38 58 2433
38 95 14908
38 80 11406
38 89 11522
38 4 11942
38 140 3867
38 12 9924
38 47 9195
38 92 11388
38 15 8904
38 26 10075
38 32 119
38 124 8121
38 119 10747
38 75 5018
38 126 8768
38 71 12165
38 103 13541
38 65 11432
38 141 500
38 8 8317
38 27 6658
38 87 7322
38 67 5148
38 145 4949
38 146 234
38 94 16205
39 70 3829
39 149 10345
39 126 13275
39 124 35
39 65 9036
39 47 8285
39 30 9656
39 84 2086
39 118 1502
39 40 9168
39 54 15389
39 145 13551
39 38 3418
39 77 267
39 133 11777
39 120 10531
39 130 12378
39 135 8954
39 139 11116
39 93 2003
39 115 10944
39 14 13846
39 91 6679
39 10 15131
39 100 2589
39 43 6797
39 122 2130
39 21 9162
39 8 6533
39 92 16614
39 85 4869
39 82 6251
39 106 4627
39 55 11953
39 116 8192
40 50 7434
40 141 13536
40 88 2108
40 83 575
40 16 2747
40 149 16627
40 38 10268
40 140 9379
40 80 8042
40 95 8865
40 89 12619
40 94 10410
40 32 1332
40 97 10238
40 26 1280
40 121 1339
40 114 14873
40 126 12841
40 37 15198
40 99 11667
40 74 14104
40 46 15630
40 92 6176
40 118 2209
40 76 6039
40 13 9286
40 90 13571
40 52 10502
40 75 8590
40 17 7753
40 82 1432
40 45 839
40 7 11250
40 81 9051
40 23 391
41 55 651
41 65 8672
41 24 4515
41 73 1344
41 108 12115
41 66 519
41 135 14388
41 145 14700
41 61 12231
41 64 5498
41 143 10298
41 49 16742
41 18 15976
41 109 14431
41 60 15546
41 40 2911
41 142 10832
41 79 8140
41 134 7824
41 32 7287
41 4 8020
41 34 11160
41 58 1016
41 62 1895
41 10 14558
41 0 10519
41 138 6145
41 115 7530
41 84 3749
41 86 10525
41 39 7878
41 23 11881
41 28 10996
41 20 8952
41 53 8710
41 126 12854
41 71 3863
41 122 13389
41 3 10683
41 105 7858
41 50 5764
41 80 6866
41 148 10423
42 68 16160
42 43 10455
42 142 14497
42 99 13215
42 132 10422
42 146 7116
42 104 9931
42 107 10051
42 88 5095
42 22 13318
42 118 10007
42 56 12307
42 125 3913
42 27 10569
42 83 9002
42 85 13765
42 119 12775
42 109 7580
42 12 5046
42 33 3604
42 47 196
42 105 3234
42 82 14909
42 48 11087
42 52 329
42 11 10042
42 35 2261
42 126 5587
42 70 8012
42 98 9033
42 26 13955
42 23 13703
42 54 11446
42 16 13806
43 51 16695
43 119 15942
43 88 4854
43 38 14398
43 134 4676
43 11 12071
43 67 11419
43 97 6947
43 76 11441
43 74 7368
43 65 9879
43 115 11506
43 95 16621
43 23 3043
43 68 3354
43 132 8021
43 128 11682
43 120 2250
43 27 10580
43 6 4191
43 22 15493
43 55 10559
43 116 4475
43 149 13649
43 78 2794
43 87 7911
43 64 1452
43 28 7649
43 90 6113
44 109 10668
44 84 13729
44 85 10360
44 125 9130
44 116 185
44 138 10391
44 71 5050
44 121 3194
44 99 15329
44 62 8450
44 3 12759
44 47 16588
44 103 5353
44 141 12538
44 20 10698
44 32 14596
44 27 6926
44 92 16155
44 45 3998
44 105 6187
44 134 10628
44 120 6209
44 72 16100
44 83 2000
44 63 5031
44 34 13885
44 147 8347
44 13 12440
44 68 1048
44 75 9314
44 88 8476
44 4 8411
44 33 4619
44 96 16744
44 23 4524
44 89 12512
45 35 6100
45 20 15541
45 140 6370
45 95 5359
45 79 3683
45 127 9237
45 106 6480
45 59 3239
45 55 11776
45 119 5580
45 83 925
45 27 1723
45 17 12484
45 1 15163
45 145 9239
45 116 12541
45 8 10589
45 141 2686
45 37 14133
45 73 7851
45 92 2557
45 5 7656
45 122 15578
45 24 10758
45 130 5173
45 133 16321
45 82 8859
45 99 14448
45 42 10301
45 25 12705
45 94 15951
45 88 15290
45 40 2713
45 62 3535
45 70 10966
45 10 11789
45 117 11391
45 132 5643
45 124 7017
45 143 4860
45 78 15564
45 101 5568
46 26 7009
46 31 8462
46 139 11335
46 103 13025
46 43 14101
46 106 10356
46 30 8823
46 78 16347
46 91 5653
46 1 2220
46 121 2667
46 115 8321
46 60 10499
46 40 9405
46 69 1658
46 117 14349
46 15 6479
46 65 528
46 104 888
46 48 13909
46 8 9313
46 130 937
46 137 5164
46 120 6507
46 99 4923
46 125 6768
46 85 15921
46 132 16287
46 66 6854
46 54 12154
46 101 10870
46 21 853
46 9 4974
46 134 642
46 68 9240
46 147 3705
46 142 11834
46 88 8608
46 51 12676
46 22 976
46 80 9651
46 6 7987
46 41 3134
47 6 15440
47 88 16561
47 54 6109
47 138 518
47 79 16109
47 109 6821
47 63 11635
47 13 9554
47 0 9254
47 3 12106
47 118 7381
47 23 5535
47 31 10389
47 94 7317
47 25 16237
47 67 8775
47 29 13882
47 129 6133
47 24 1421
47 85 12913
47 38 11568
47 119 13900
47 69 12392
47 123 2318
47 15 4911
47 59 1430
47 139 8333
47 113 16125
47 83 3519
47 142 14263
47 65 5720
47 121 13505
47 126 2662
47 45 12760
47 135 3848
47 7 8050
47 74 1012
47 39 10828
47 10 13598
47 144 1821
48 35 343
48 140 4136
48 29 14933
48 38 429
48 47 8794
48 65 13793
48 68 10118
48 95 13402
48 39 2162
48 61 5919
48 99 7181
48 113 3787
48 103 506
48 69 9943
48 128 9048
48 102 8327
48 77 9451
48 72 1081
48 127 9830
48 16 1408
48 22 1724
48 11 13381
48 93 11874
48 52 401
48 64 1790
48 58 4181
48 0 13688
48 146 12513
48 67 8818
48 46 13082
48 96 10141
48 143 10048
48 3 11100
48 21 3428
48 5 13566
48 89 8724
49 142 15707
49 102 2928
49 13 11782
49 10 9284
49 98 16481
49 149 2427
49 28 6230
49 29 14709
49 110 12317
49 80 4587
49 130 14832
49 30 9497
49 58 11291
49 65 708
49 129 12862
49 131 5054
49 141 9198
49 90 4427
49 95 1224
49 81 6426
49 74 15058
49 134 598
49 40 13113
49 139 15911
49 72 10529
49 92 11158
49 76 3137
50 9 9733
50 110 3620
50 131 9123
50 93 4416
50 82 5521
50 26 652
50 75 14912
50 56 14939
50 59 5121
50 123 2710
50 48 1883
50 83 1564
50 127 10629
50 94 4584
50 28 10388
50 95 10707
50 6 16064
50 11 5782
50 107 12469
50 34 12996
50 80 1072
50 149 8610
50 141 13449
50 1 11751
50 62 5171
50 55 10840
50 63 3157
50 57 14183
50 90 13963
50 39 8241
50 119 3584
50 146 5141
50 109 4471
50 81 16279
50 145 16701
50 51 669
50 122 5177
50 7 10658
50 53 7873
50 143 4605
50 144 16197
50 60 7379
50 10 7131
50 126 14531
50 41 12211
50 96 10151
50 148 6520
50 115 16408
51 83 10735
51 148 15728
51 69 14802
51 78 9111
51 142 818
51 143 2668
51 93 2324
51 105 15441
51 44 16722
51 27 16334
51 71 14546
51 88 5936
51 132 9476
51 25 6779
51 61 234
51 109 8729
51 145 5380
51 36 12945
51 32 10959
51 99 991
51 85 6180
51 75 8519
51 133 8861
51 103 8670
51 137 5328
51 20 744
51 96 1892
51 140 4425
51 56 11901
51 98 1486
51 46 10980
51 100 14540
51 30 7889
51 41 4075
51 124 489
51 4 6411
51 87 10660
51 24 13121
51 39 3679
52 0 13801
52 67 8265
52 60 13240
52 26 12710
52 104 3047
52 35 16201
52 40 14873
52 93 8278
52 4 11575
52 144 14515
52 13 14138
52 118 512
52 84 2605
52 121 194
52 94 2240
52 76 4860
52 143 14636
52 37 716
52 27 11321
52 14 1025
52 134 5178
52 116 6128
52 10 14600
52 78 2016
52 79 5893
52 137 11616
52 70 6735
52 120 8010
52 117 2480
53 124 531
53 63 3362
53 52 9849
53 76 11578
53 82 13744
53 56 12773
53 69 16018
53 116 3168
53 33 13712
53 83 5421
53 108 8853
53 140 14172
53 64 7104
53 29 5669
53 47 16418
53 48 4247
53 35 2290
53 9 3941
53 146 9503
53 125 8997
53 65 11857
53 58 2280
53 17 1246
53 77 6063
53 57 1892
53 40 8835
53 137 1959
53 24 6049
53 78 1875
53 90 2076
53 92 14771
53 72 11339
53 75 7082
53 128 10324
53 4 3598
53 109 8750
53 133 3310
54 146 3063
54 42 11232
54 126 915
54 129 1770
54 31 4040
54 115 3330
54 144 8556
54 6 3717
54 11 4381
54 62 6645
54 145 16717
54 122 7541
54 23 7022
54 8 10975
54 119 4793
54 102 7826
54 45 5007
54 50 7107
54 24 10660
54 101 4787
54 111 12131
54 104 13085
54 134 15252
54 89 12552
54 83 4890
54 40 3850
54 13 8437
54 79 2264
54 117 9303
54 35 178
54 99 626
54 32 16183
54 148 3421
55 59 12470
55 22 9441
55 122 7407
55 93 10714
55 41 10888
55 116 14283
55 114 6844
55 80 5385
55 130 15435
55 56 13432
55 62 687
55 81 7827
55 26 9045
55 139 4651
55 0 14856
55 135 15149
55 95 15283
55 1 13435
55 134 14823
55 31 4520
55 146 9433
55 42 10169
55 110 13652
55 102 15319
55 129 6862
55 107 5566
55 70 9230
55 138 4864
55 35 12450
55 47 7036
55 17 9327
55 37 2072
55 5 4700
55 148 16085
56 11 12223
56 143 12475
56 47 16292
56 51 3143
56 63 7628
56 76 13005
56 62 12250
56 72 3163
56 61 9924
56 77 11211
56 88 8575
56 103 14811
56 95 15355
56 124 5820
56 130 5315
56 44 6127
56 1 12581
56 80 1032
56 12 10949
56 138 634
56 5 4135
56 27 2510
56 23 10312
56 105 11724
56 4 14954
56 90 1273
56 24 5071
56 18 3654
56 73 7370
56 22 4368
56 98 11048
56 140 16223
56 30 5730
56 50 11074
56 54 14791
56 71 16037
56 32 12817
56 89 10068
56 112 6625
56 25 12855
56 146 11541
56 121 5398
56 113 15251
56 0 2738
56 9 579
56 94 5550
57 20 9724
57 94 5733
57 141 12047
57 127 6387
57 3 11874
57 68 4767
57 56 10015
57 84 8088
57 7 14739
57 17 2712
57 121 5953
57 2 7662
57 22 340
57 12 7940
57 32 16695
57 67 1365
57 29 14537
57 25 8533
57 130 1369
57 54 16541
57 65 13004
57 96 15407
57 47 8749
57 139 177
57 75 3337
57 6 4605
57 9 5766
57 136 7629
57 125 10454
57 23 3887
57 77 2142
57 35 11715
57 31 8961
57 133 1641
57 142 5870
57 109 6353
57 1 13586
57 72 13363
57 100 7558
57 101 11420
58 38 6989
58 62 11851
58 43 2048
58 93 12881
58 141 10506
58 75 7020
58 106 4631
58 145 9926
58 56 2920
58 76 673
58 1 2680
58 104 5334
58 110 7127
58 130 11639
58 134 13026
58 95 11337
58 126 1833
58 79 6765
58 30 6836
58 53 2916
58 63 7006
58 98 6070
58 29 12455
58 125 16378
58 116 11858
58 137 7149
58 82 5829
58 143 10864
58 57 5927
58 12 3453
58 115 12880
58 122 4386
59 113 3024
59 97 4426
59 119 6994
59 26 15294
59 39 16680
59 4 7680
59 85 15799
59 72 13978
59 121 10280
59 38 12751
59 133 8975
59 123 6114
59 29 16518
59 61 13487
59 36 13352
59 125 146
59 126 14164
59 57 7462
59 145 6119
59 71 1955
59 76 10215
59 16 1969
59 80 14818
59 102 9529
59 92 6025
59 148 15953
59 22 9900
59 117 4631
59 84 9250
60 106 9586
60 42 5437
60 21 6695
60 78 5814
60 25 7437
60 72 7697
60 16 15941
60 2 3093
60 119 15306
60 117 14942
60 66 635
60 35 8069
60 87 7344
60 19 13791
60 57 5877
60 24 14005
60 63 15357
60 120 5392
60 8 4580
60 107 12358
60 123 4404
60 94 7027
60 45 16441
60 47 14564
60 9 6628
60 43 2941
60 93 8582
60 148 10899
60 30 7647
60 54 10693
60 7 4799
60 18 13657
60 95 2875
60 37 3915
60 92 16074
60 113 2564
60 71 15237
60 108 7653
60 11 11972
60 13 12880
61 45 13468
61 112 7631
61 29 6191
61 7 10146
61 76 398
61 99 13982
61 118 281
61 97 3327
61 19 14980
61 134 4446
61 0 3400
61 72 1528
61 25 12116
61 69 2046
61 8 10780
61 50 12014
61 30 4940
61 90 4190
61 13 1220
61 94 13447
61 42 10651
61 132 16520
61 73 10853
61 122 13308
61 2 2917
61 10 9556
61 91 175
61 86 5505
61 44 8776
61 88 351
61 105 2701
61 21 11431
61 33 3650
61 26 5055
61 142 749
61 89 4936
61 129 5400
61 136 6449
61 121 14838
61 126 906
61 35 10775
61 81 14955
61 79 8815
62 137 1869
62 22 10801
62 109 4960
62 113 393
62 30 10886
62 28 7893
62 64 7089
62 13 13801
62 126 15662
62 38 4590
62 128 15958
62 78 10654
62 53 16684
62 35 16185
62 131 16123
62 6 3673
62 134 9
62 141 9372
62 63 12807
62 111 10770
62 94 2612
62 80 14927
62 93 2255
62 52 1802
62 97 12573
62 60 5135
63 12 12024
63 6 16691
63 40 12556
63 148 13302
63 62 14932
63 37 12616
63 96 7535
63 69 14966
63 3 2275
63 94 4601
63 41 11924
63 88 5963
63 4 14707
63 67 3952
63 119 15484
63 81 3516
63 46 14884
63 114 6147
63 87 4666
63 13 7764
63 0 10964
63 52 12670
63 38 4636
63 95 9310
63 136 16549
63 57 15328
63 141 2831
63 36 12703
63 59 15854
63 73 3031
63 112 4685
63 34 5697
63 79 6415
63 23 8866
63 60 13129
63 145 16732
63 115 4064
64 94 2633
64 46 9707
64 10 14205
64 12 267
64 47 9609
64 80 15154
64 79 4853
64 7 5906
64 99 13593
64 147 12352
64 81 5196
64 38 2823
64 131 16089
64 18 6469
64 29 4149
64 86 7568
64 137 13199
64 138 8550
64 102 15909
64 98 1230
64 96 14667
64 33 935
64 124 3360
64 107 11120
64 117 14958
64 128 9414
64 26 16211
64 34 15523
64 39 4734
64 116 11386
64 91 14142
64 149 11866
64 84 12403
64 112 12105
64 71 11193
64 110 8640
64 82 10220
64 21 2040
64 144 9523
64 97 6184
64 50 10000
64 109 2644
64 15 13491
64 43 5271
64 114 6257
64 78 8898
64 22 7771
64 35 15669
65 67 93
65 38 11188
65 145 13873
65 35 13083
65 107 16266
65 21 13567
65 59 12227
65 109 4692
65 34 6833
65 148 4633
65 63 11323
65 58 15527
65 112 7260
65 33 13283
65 69 2095
65 97 10424
65 131 15015
65 29 9019
65 42 7955
65 15 1451
65 113 10862
65 147 1162
65 17 13029
65 32 9339
65 53 9880
65 130 6802
65 80 8030
66 42 14670
66 26 1039
66 58 1242
66 71 6669
66 33 2322
66 110 272
66 47 1334
66 24 11440
66 4 6914
66 97 13527
66 34 16133
66 25 3985
66 114 16348
66 92 9923
66 113 7414
66 81 7262
66 137 11372
66 18 9024
66 141 16558
66 43 14117
66 89 9268
66 72 12505
66 131 15765
66 134 6976
66 78 7442
66 140 10233
66 116 1124
66 94 6645
66 118 15941
66 5 76
67 46 815
67 35 8496
67 91 8372
67 92 11756
67 87 8973
67 149 11604
67 81 1713
67 6 9832
67 141 15774
67 71 12002
67 34 13588
67 57 8669
67 80 8783
67 124 11708
67 17 15821
67 63 7548
67 145 1334
67 98 6507
67 52 5980
67 109 2038
67 16 12897
67 12 3758
67 50 6269
67 18 2421
67 95 12285
67 110 3310
67 44 9858
67 127 16442
67 30 12515
67 23 1585
67 79 8199
67 31 15203
67 27 8775
67 139 10820
67 8 14171
67 123 8286
67 78 12914
68 93 12720
68 132 977
68 144 4660
68 25 10194
68 64 11671
68 41 3683
68 148 11494
68 123 8419
68 18 524
68 32 9974
68 100 7163
68 58 14975
68 84 10132
68 37 9394
68 59 531
68 61 9825
68 73 14552
68 69 2794
68 40 3472
68 42 5181
68 53 11580
68 115 1349
68 80 10931
68 126 15688
68 11 12182
68 129 9434
68 95 13851
68 139 10320
68 112 2876
68 82 12697
68 92 4080
68 29 12298
68 50 3156
68 127 9860
68 17 13323
68 108 3736
68 133 4488
69 125 1381
69 42 5681
69 14 11611
69 129 6986
69 5 217
69 30 7891
69 98 11265
69 136 13898
69 107 9314
69 43 9242
69 56 13518
69 149 5854
69 63 10891
69 71 4620
69 112 14586
69 19 5348
69 8 15153
69 105 16498
69 88 4465
69 83 3917
69 67 12621
69 76 3131
69 40 14762
69 31 11875
69 54 775
69 60 16746
69 49 8713
69 18 9428
69 1 2824
69 102 15633
69 17 8752
69 101 7470
69 65 2079
69 126 15958
69 91 10335
70 53 15387
70 103 13255
70 80 13535
70 78 9287
70 64 9183
70 122 13465
70 50 1100
70 51 9978
70 142 10892
70 39 15655
70 145 15775
70 32 14738
70 14 10529
70 143 2455
70 81 4695
70 13 859
70 65 2965
70 121 5445
70 28 9866
70 16 16503
70 26 1664
70 140 4394
70 137 8334
70 2 12884
70 95 11579
70 38 13328
70 83 2239
70 136 1361
71 145 5455
71 16 10658
71 111 4135
71 86 12476
71 75 3689
71 58 1934
71 77 7327
71 103 15488
71 45 11812
71 143 2208
71 73 1798
71 138 12287
71 123 6552
71 34 11847
71 70 3716
71 37 6032
71 108 8937
71 33 4137
71 129 14703
71 144 3946
71 112 13470
71 31 7460
71 99 11396
71 24 5412
71 15 6893
71 18 575
72 11 1736
72 105 9204
72 18 5563
72 129 3297
72 122 2044
72 36 5465
72 144 1936
72 61 8641
72 35 14489
72 145 9437
72 148 16249
72 67 11992
72 20 3422
72 79 10401
72 44 13225
72 38 118
72 84 6807
72 136 3500
72 108 9865
72 139 11376
72 5 15828
72 120 14322
72 1 5145
72 89 5546
72 45 5038
72 26 4489
72 63 3785
72 51 11149
72 34 13798
72 128 2902
72 10 9430
72 49 15811
72 146 6701
72 135 9688
72 47 14892
72 101 247
72 2 13513
72 126 11912
72 55 15066
72 43 7350
72 140 16397
72 25 8562
73 48 9973
73 112 9161
73 47 8667
73 25 12763
73 122 11195
73 57 9255
73 106 432
73 143 293
73 139 16194
73 49 14730
73 35 2416
73 95 145
73 121 15111
73 80 13074
73 69 5651
73 1 7786
73 105 14311
73 133 1895
73 31 4648
73 17 11642
73 0 1197
73 67 1725
73 109 2127
73 118 16739
73 11 637
73 51 14628
73 102 14334
73 14 8244
73 63 7109
73 54 2731
73 104 2302
73 8 12149
73 16 3261
73 44 80
73 123 13411
73 126 848
73 110 6345
73 114 9581
73 21 6850
73 81 14094
73 101 120
73 130 2937
73 79 6686
73 58 6522
74 134 4538
74 1 10288
74 23 2337
74 13 7477
74 137 3173
74 87 10706
74 124 15711
74 2 12175
74 29 4803
74 44 7938
74 91 12807
74 54 16517
74 6 5955
74 140 10581
74 70 1556
74 67 7691
74 139 834
74 4 4136
74 75 5474
74 92 14716
74 145 1232
74 88 7998
74 22 7165
74 130 16654
74 60 8020
74 125 11791
74 138 6190
74 19 2103
74 0 13277
74 61 15375
74 128 13342
74 20 528
74 27 12504
74 96 7862
74 26 9164
74 85 761
74 64 14274
75 64 12532
75 79 12940
75 3 16406
75 36 6215
75 143 60
75 77 13695
75 12 12117
75 39 10915
75 28 7031
75 68 12021
75 7 2180
75 91 4111
75 101 8644
75 60 4804
75 53 5455
75 145 14116
75 17 3239
75 84 15538
75 23 4342
75 139 4901
75 42 8114
75 19 1522
75 140 8654
75 10 13435
75 93 16088
75 51 8705
75 80 8479
75 107 616
75 8 6511
75 52 12070
75 103 6171
75 55 12987
75 82 3024
75 117 8781
75 99 2150
75 81 1591
75 1 7457
75 119 1790
75 124 625
76 100 13064
76 98 4906
76 97 1443
76 82 14098
76 95 14365
76 14 14467
76 138 789
76 58 2751
76 18 2400
76 113 2856
76 20 14884
76 115 10106
76 50 8516
76 111 1300
76 117 1421
76 85 14120
76 17 9927
76 131 11871
76 78 14856
76 43 15562
76 55 1874
76 75 9377
76 74 12493
76 133 8670
76 66 8724
76 110 12948
76 2 6610
76 102 6675
76 84 13447
76 104 8575
76 141 8928
76 38 3428
77 15 7552
77 119 8302
77 42 10097
77 56 9057
77 149 7570
77 101 2662
77 0 11948
77 107 9564
77 137 12327
77 73 984
77 83 555
77 60 15896
77 128 9961
77 140 12594
77 50 8109
77 31 7646
77 147 4880
77 4 14034
77 141 15423
77 121 14512
77 81 3067
77 68 9364
77 80 15807
77 23 11175
77 131 1706
77 100 11080
77 129 3181
77 61 6181
77 86 7951
77 65 1526
77 138 205
77 115 14970
77 45 627
77 52 15613
78 30 16691
78 52 4162
78 42 5760
78 90 16335
78 113 3371
78 2 14810
78 22 14688
78 105 1861
78 4 1470
78 130 12482
78 146 7777
78 86 9282
78 61 741
78 1 2947
78 29 16171
78 92 3168
78 77 6632
78 13 10726
78 70 15881
78 59 6365
78 109 3667
78 101 7803
78 16 11145
78 80 538
78 118 8167
78 14 170
78 44 15933
78 39 5380
78 115 6958
78 81 11188
78 137 6042
78 111 6292
78 47 7289
78 56 9834
78 124 762
78 75 4705
78 114 14747
78 107 6042
78 7 4697
78 133 856
78 136 6570
78 55 12520
78 38 7576
78 128 16133
78 60 9122
78 65 3101
78 139 16122
78 45 13927
78 71 10651
79 136 8919
79 93 4258
79 13 11161
79 135 11223
79 25 15287
79 77 2885
79 1 14531
79 148 539
79 61 7170
79 49 10392
79 36 14966
79 111 327
79 145 15434
79 127 534
79 72 12802
79 119 14046
79 130 6519
79 38 8681
79 98 5149
79 43 15438
79 75 12291
79 141 2203
79 45 1267
79 69 11511
79 118 423
79 134 14057
79 144 11782
79 9 11768
79 106 11353
79 100 13640
79 26 8957
79 5 8980
79 12 2102
79 86 619
79 92 5594
79 113 962
79 16 13190
79 114 3942
79 73 1162
80 10 4711
80 50 15220
80 123 5483
80 41 9713
80 75 5604
80 90 13909
80 118 13071
80 119 5512
80 6 15312
80 114 7744
80 145 6291
80 48 5515
80 128 7352
80 44 2184
80 34 15701
80 33 13982
80 69 6169
80 95 6376
80 37 11871
80 46 721
80 70 8952
80 125 6307
80 54 13424
80 147 6300
80 66 15440
80 25 9876
80 31 11458
80 82 2246
80 101 12878
80 136 15272
80 42 450
80 18 11253
80 4 12716
80 68 1956
80 79 13128
80 8 3803
80 97 59
80 122 8683
80 130 12364
80 131 13862
80 140 8001
80 3 3829
80 63 1982
81 51 5789
81 138 8203
81 134 11853
81 135 14286
81 96 8326
81 67 15214
81 136 6326
81 121 3015
81 38 14034
81 21 2432
81 28 7248
81 71 697
81 65 10890
81 141 4652
81 32 13746
81 94 14561
81 119 13639
81 63 14462
81 114 6115
81 66 9470
81 33 2679
81 50 6607
81 9 12032
81 127 1447
81 89 5998
81 101 15634
81 117 8116
81 37 10453
81 83 11335
81 61 12695
82 8 1182
82 106 5412
82 7 10919
82 143 11973
82 130 8337
82 2 14157
82 141 3196
82 139 11359
82 91 9110
82 73 13430
82 57 11161
82 18 4665
82 88 570
82 117 5587
82 51 3821
82 70 13616
82 46 7430
82 89 13536
82 76 9884
82 126 10538
82 37 10285
82 133 9001
82 12 8036
82 47 11120
82 14 589
82 25 15910
82 0 15131
82 65 514
82 49 13579
82 66 15974
82 56 12080
82 39 8418
82 28 10782
82 149 5391
82 1 16493
82 96 7779
82 114 4303
82 53 7120
82 148 8878
82 16 7510
83 37 11597
83 97 2357
83 91 13555
83 112 2485
83 11 1476
83 108 11813
83 137 2431
83 14 3249
83 48 2874
83 129 2758
83 86 2570
83 12 16457
83 131 14634
83 33 6401
83 26 12421
83 75 5359
83 117 9414
83 6 7565
83 67 2637
83 127 11165
83 23 3991
83 50 8919
83 101 12758
83 107 15277
83 111 16333
83 17 9687
83 136 12278
83 140 12439
83 15 8275
83 38 10955
83 144 13861
83 40 5081
83 88 5581
83 41 2892
83 66 8139
83 20 1923
83 72 3048
83 92 63
83 130 11298
84 5 1578
84 11 16606
84 94 15783
84 62 15032
84 71 12187
84 69 4222
84 0 3337
84 58 10764
84 7 14101
84 21 15923
84 98 14325
84 61 13221
84 135 7951
84 53 2769
84 101 4176
84 31 14634
84 146 6537
84 83 6934
84 86 2214
84 112 4876
84 74 69
84 87 15521
84 70 5629
84 92 9694
84 30 6845
84 138 9726
84 36 6811
84 60 3100
84 88 7922
84 91 15897
84 109 666
84 124 13203
84 126 16160
84 144 1626
84 131 6909
84 102 4154
84 2 12119
85 48 16678
85 80 10190
85 28 13165
85 29 12375
85 9 5378
85 148 14768
85 60 6010
85 14 12213
85 108 4774
85 74 11929
85 110 5630
85 122 8425
85 20 12812
85 107 8556
85 24 12452
85 102 2960
85 10 16443
85 67 6759
85 54 11460
85 30 3116
85 121 11169
85 70 16296
85 134 8048
85 139 3037
85 98 13214
85 106 10635
85 22 5646
85 124 5942
85 37 11164
85 39 7890
85 89 1913
85 84 272
85 77 5107
85 23 15959
85 38 2395
85 100 2066
85 65 2862
85 90 8147
85 104 15088
85 1 10066
85 5 300
85 146 8612
85 46 15287
85 118 4053
85 0 4595
85 13 9099
86 59 12023
86 72 7933
86 75 8384
86 43 10487
86 140 10220
86 88 3231
86 80 9202
86 23 9361
86 29 4482
86 117 16543
86 93 13239
86 73 11246
86 116 12695
86 41 8658
86 70 599
86 110 1250
86 51 11034
86 135 8402
86 87 5851
86 74 14812
86 83 15429
86 67 13367
86 52 15134
86 3 15696
86 44 3871
86 1 2873
86 21 4337
86 81 11744
86 82 15317
86 95 2130
86 126 13755
86 45 14565
86 101 7995
87 111 2272
87 132 5727
87 101 9119
87 112 8963
87 55 16515
87 79 2402
87 96 11261
87 126 12429
87 6 1671
87 33 7984
87 128 2392
87 148 2158
87 44 6510
87 19 4112
87 117 13653
87 139 11212
87 45 15620
87 135 12311
87 74 2663
87 146 15084
87 56 15865
87 86 14396
87 29 13958
87 147 9308
87 31 5839
87 90 10799
87 65 14545
87 9 6720
87 11 2657
87 68 4820
87 54 5463
88 114 2704
88 120 1228
88 145 5072
88 98 16297
88 89 991
88 135 1173
88 102 4234
88 57 519
88 1 9666
88 136 3469
88 117 480
88 116 15763
88 141 8428
88 2 5845
88 54 8253
88 79 16662
88 139 3717
88 37 13963
88 125 11167
88 149 1942
88 6 16642
88 101 10206
88 111 159
88 118 1009
88 40 12171
88 51 8479
88 55 7704
88 142 89
88 20 6339
88 46 10497
88 59 10988
88 16 6094
88 146 8240
88 7 12491
88 13 13050
88 61 9791
88 71 16170
88 100 901
88 73 12006
88 52 16511
88 113 9586
88 108 10741
89 136 532
89 60 8935
89 19 12973
89 83 11887
89 137 13698
89 87 16550
89 54 2257
89 132 13455
89 79 16410
89 7 4721
89 134 4679
89 110 6396
89 67 4926
89 119 13954
89 18 4708
89 69 331
89 11 9773
89 42 8862
89 135 6974
89 112 9417
89 141 4174
89 128 3230
89 144 5465
89 143 16190
89 16 15823
89 94 4661
89 149 11372
89 5 7037
89 48 13201
89 17 15086
89 100 4207
89 93 5220
89 70 8147
89 145 6370
89 103 9053
89 120 12193
89 147 11149
89 56 3543
89 62 11302
89 133 6497
89 72 10532
89 4 558
90 101 8551
90 125 1624
90 145 8194
90 42 957
90 136 6275
90 67 11335
90 120 385
90 52 7589
90 133 12956
90 112 7224
90 98 15557
90 115 16754
90 131 9868
90 81 16531
90 129 279
90 38 9399
90 12 1382
90 5 10279
90 126 9311
90 7 8742
90 39 10362
90 17 14536
90 26 1040
90 130 8425
90 62 14829
90 149 4547
90 28 2407
90 56 3249
90 93 9828
91 10 7132
91 142 5272
91 9 1098
91 37 2856
91 70 6655
91 141 5185
91 129 12165
91 8 3733
91 31 3779
91 47 16315
91 116 14843
91 55 14055
91 25 13845
91 148 3044
91 107 15122
91 58 2415
91 122 11534
91 39 14843
91 98 1377
91 136 14484
91 95 13411
91 13 4470
91 101 13685
91 127 1191
91 56 8398
91 21 13121
91 16 1907
91 7 13097
91 22 9769
91 87 16295
91 35 3781
91 145 2352
91 106 488
91 113 3768
91 73 2656
92 146 8814
92 99 6452
92 136 4559
92 30 3648
92 105 601
92 37 3522
92 111 2108
92 109 13643
92 20 4142
92 102 4342
92 35 669
92 145 7166
92 138 2761
92 121 12056
92 33 1170
92 56 5065
92 120 14336
92 22 15691
92 44 6839
92 9 11092
92 89 9601
92 112 14404
92 8 12911
92 147 4302
92 51 5917
92 71 5217
92 80 4252
92 57 9214
92 93 13033
92 125 1108
92 1 12999
92 16 15491
92 0 6212
92 66 7971
92 140 3391
92 43 987
92 39 8060
92 61 13080
92 144 11574
92 103 7667
93 68 11129
93 47 1484
93 53 8539
93 60 9381
93 6 9443
93 113 10791
93 51 2913
93 143 9117
93 12 11452
93 111 2494
93 72 63
93 5 12009
93 110 4225
93 83 3689
93 50 8322
93 91 16086
93 100 6878
93 136 12093
93 129 12408
93 146 1509
93 22 5461
93 35 9048
93 119 7010
93 121 1994
93 39 16446
93 122 3539
93 123 14663
93 131 1616
93 26 11250
93 29 9237
93 118 7719
93 23 10701
93 94 13749
93 88 12679
93 78 7081
93 3 2489
93 80 16609
93 21 4729
93 25 15689
93 8 1590
93 133 13444
94 62 11156
94 96 5731
94 81 5446
94 54 7143
94 42 12151
94 149 3644
94 9 1592
94 112 11139
94 125 16034
94 41 14806
94 132 5947
94 67 6379
94 103 1160
94 148 9489
94 40 10935
94 122 14785
94 25 696
94 35 5024
94 120 8365
94 117 10412
94 27 15526
94 49 11092
94 139 14015
94 141 11010
94 37 5275
94 66 69
94 20 14720
95 135 10955
95 27 8188
95 84 14295
95 89 12239
95 90 5919
95 133 5970
95 97 16552
95 14 6962
95 101 8106
95 131 4412
95 98 2893
95 36 3547
95 136 15114
95 81 5914
95 140 9122
95 110 13731
95 7 7959
95 61 4694
95 5 16373
95 102 1831
95 129 3658
95 71 11934
95 70 14155
95 100 14245
95 13 2332
95 65 15747
95 23 5784
95 41 15000
95 86 3159
95 130 14078
95 40 2494
95 42 11408
95 60 11570
95 112 4901
95 47 13636
95 56 15737
95 44 14825
95 68 6369
96 42 2645
96 138 1934
96 120 5234
96 71 581
96 44 9283
96 23 9574
96 13 711
96 20 14544
96 137 1304
96 81 1964
96 10 10172
96 61 15056
96 119 4526
96 146 7324
96 66 4546
96 29 2011
96 3 6500
96 65 4286
96 36 16388
96 88 15429
96 11 8398
96 1 8376
96 118 10248
96 25 4859
96 104 15620
96 32 13939
96 35 16613
96 40 10655
96 46 10127
96 68 3691
96 79 1937
96 55 6844
96 134 10457
96 121 6564
96 127 8923
97 148 16175
97 117 9922
97 37 11169
97 92 7377
97 91 16684
97 74 1357
97 105 7166
97 3 1657
97 99 10752
97 2 11008
97 39 809
97 72 3368
97 24 7252
97 130 1989
97 118 13275
97 1 8203
97 0 324
97 75 5115
97 29 16595
97 145 9312
97 26 15024
97 77 7002
97 58 15871
97 48 8973
97 147 8845
97 57 9646
97 34 11320
97 94 12348
97 14 144
97 49 11980
97 137 5588
97 52 1565
97 44 6297
97 100 12298
97 63 11197
97 146 6700
97 83 3634
97 62 507
97 87 14266
97 96 8516
97 60 11467
98 6 584
98 37 4264
98 2 8373
98 61 5515
98 107 10854
98 141 3897
98 134 13919
98 148 981
98 102 766
98 88 15809
98 87 1100
98 54 953
98 58 5705
98 12 3774
98 121 14612
98 55 15407
98 26 13087
98 135 11142
98 53 11553
98 110 11627
98 145 9757
98 136 8596
98 36 4540
98 104 16123
99 105 13584
99 110 14491
99 13 4960
99 123 4686
99 136 11913
99 93 3734
99 62 13974
99 79 14307
99 9 11947
99 57 13633
99 2 11145
99 113 16159
99 64 5475
99 84 1005
99 111 12476
99 74 10389
99 143 5975
99 125 12042
99 50 7702
99 10 2174
99 24 5875
99 129 6137
99 102 13493
99 117 1290
99 142 9090
99 58 2126
99 11 4775
99 120 7834
99 15 9047
99 41 11715
99 7 2607
99 5 2179
99 82 10569
99 30 8737
100 47 15241
100 135 16643
100 61 15260
100 67 8874
100 92 14538
100 138 6178
100 3 4079
100 82 6565
100 106 7280
100 7 13817
100 119 10154
100 46 4719
100 134 7345
100 36 2113
100 40 10931
100 16 6099
100 33 8183
100 37 16189
100 22 3193
100 93 14547
100 24 3918
100 69 13463
100 86 3397
100 55 14656
100 91 10041
100 98 1822
100 147 15374
100 54 3941
100 142 12692
100 53 16679
100 143 2241
100 1 13671
100 45 15690
100 132 175
100 144 11412
100 81 8674
101 5 15028
101 75 8364
101 10 15045
101 17 8336
101 148 16106
101 138 6118
101 85 13793
101 59 11893
101 33 3152
101 149 13327
101 31 11544
101 110 7787
101 84 12277
101 145 6844
101 51 585
101 57 9401
101 93 11409
101 119 5557
101 22 5819
101 112 12401
101 45 12859
101 111 6484
101 37 11383
101 19 9872
101 8 9200
101 88 1846
101 4 1005
101 135 3837
101 107 16697
101 3 11191
101 44 7780
101 146 8709
101 73 9361
101 102 6030
101 76 9003
101 62 3853
101 63 16471
101 35 9040
101 24 10930
101 60 16023
101 132 5701
102 87 14939
102 139 1651
102 10 4430
102 55 4193
102 8 13520
102 101 5066
102 113 10605
102 88 10661
102 115 8330
102 34 2986
102 35 11567
102 51 14924
102 111 7289
102 5 3155
102 13 4917
102 7 11346
102 95 5194
102 47 11342
102 93 10888
102 109 3046
102 58 5596
102 132 2283
102 70 10283
102 100 14006
102 63 5204
102 103 16674
102 71 14277
102 108 7325
102 31 6909
102 41 7396
102 96 12929
102 3 13134
102 27 14842
102 19 2285
102 73 9504
102 43 913
102 17 9432
103 11 11557
103 48 3847
103 6 9746
103 81 2658
103 100 8606
103 47 13886
103 94 4101
103 2 2727
103 65 9620
103 8 10546
103 108 4061
103 18 2581
103 45 6065
103 3 2646
103 105 16318
103 128 2664
103 112 10464
103 98 1953
103 32 4231
103 132 9813
103 145 3013
103 87 7155
103 14 818
103 79 14338
103 23 14498
103 55 5275
103 90 1350
103 111 16007
103 76 853
103 113 4457
103 142 8925
103 138 2229
103 51 8899
103 21 1187
103 131 11097
103 83 1574
103 110 12176
103 104 11962
104 139 8580
104 121 378
104 26 7559
104 45 11242
104 109 10133
104 13 14805
104 32 6307
104 128 16221
104 8 13584
104 135 9943
104 68 9679
104 130 6406
104 34 15784
104 118 15004
104 52 10817
104 132 12202
104 144 11045
104 117 1282
104 2 8171
104 110 1057
104 85 1361
104 143 3659
104 134 6172
104 53 16126
104 87 6499
104 148 7248
104 19 1632
104 51 13353
104 40 4133
104 96 9490
104 127 10586
104 65 11404
104 63 16730
104 33 9213
104 124 7388
104 6 1371
104 136 11542
104 116 5913
104 64 2268
104 0 14582
104 66 6160
104 38 9736
104 84 49
104 10 12905
104 112 11455
104 17 13662
105 66 8811
105 7 269
105 78 13236
105 12 11513
105 90 13415
105 68 14285
105 79 5348
105 24 5063
105 60 16316
105 76 15350
105 5 11388
105 86 4423
105 114 16102
105 88 2522
105 129 10827
105 135 16219
105 147 8992
105 144 13766
105 39 2787
105 125 1757
105 113 16043
105 106 2000
105 32 10952
105 9 8424
105 35 14073
105 93 3568
105 110 12260
105 33 9129
105 138 983
105 132 11847
106 104 5571
106 147 16291
106 37 10630
106 20 5562
106 21 15751
106 55 12120
106 107 10321
106 29 475
106 87 14453
106 120 4194
106 38 15828
106 99 5942
106 84 12486
106 83 8396
106 50 5457
106 92 2191
106 6 14094
106 2 16318
106 56 266
106 14 5765
106 77 5876
106 80 6292
106 13 6275
106 134 13188
106 3 6486
106 45 11446
106 102 10889
106 31 9629
106 18 1085
107 34 12373
107 116 13823
107 70 15456
107 119 9082
107 25 3927
107 55 144
107 115 1014
107 108 9352
107 88 14925
107 57 16475
107 21 7392
107 67 2672
107 0 14022
107 75 7337
107 66 3743
107 131 8465
107 15 11770
107 133 14390
107 139 5976
107 81 14228
107 58 1815
107 53 10981
107 125 4535
107 69 7782
107 48 4573
107 3 1014
107 45 7311
107 18 15924
107 97 3045
107 31 13781
107 14 2924
107 11 7381
107 51 352
107 19 1266
107 71 16504
107 100 12605
107 144 8473
107 102 16328
108 83 103
108 145 10068
108 132 13556
108 60 5275
108 74 5549
108 5 10191
108 35 5042
108 136 9026
108 101 958
108 93 2169
108 65 3582
108 4 1651
108 24 12745
108 118 4792
108 112 8925
108 20 7825
108 3 5246
108 142 14029
108 54 2934
108 90 15343
108 144 5815
108 91 7680
108 44 11267
108 39 10310
108 33 10837
108 49 4781
108 114 2344
108 76 9296
108 30 13459
108 148 11363
108 98 3111
108 16 7659
108 99 14154
108 124 8659
108 55 4200
109 89 1415
109 64 8086
109 134 4116
109 98 11434
109 111 15198
109 94 4554
109 23 2356
109 4 4747
109 132 16039
109 126 2317
109 34 5040
109 102 2997
109 105 13684
109 80 6248
109 17 5910
109 6 8942
109 15 4843
109 38 14817
109 95 1506
109 128 2401
109 55 11442
109 18 11049
109 145 10191
109 37 10426
109 139 9285
109 114 15381
109 123 15525
109 45 13998
109 10 1436
109 13 16111
109 83 5380
109 60 9276
109 85 15936
110 27 12086
110 139 5259
110 141 11696
110 86 4390
110 115 14378
110 140 16193
110 60 10987
110 78 16413
110 81 3309
110 126 16024
110 120 8844
110 5 5874
110 42 3755
110 117 15876
110 131 5664
110 127 7890
110 84 8266
110 136 9908
110 56 16205
110 82 7070
110 108 6304
110 113 2584
110 11 3446
110 132 1178
110 50 16688
110 25 12899
110 41 5557
110 57 7818
110 17 12743
110 122 1535
110 44 14048
110 105 13446
110 2 961
110 130 15528
110 54 14392
110 8 6759
111 81 8414
111 140 1835
111 86 5106
111 144 13825
111 43 5637
111 106 8567
111 33 2176
111 80 16253
111 0 1877
111 21 3416
111 42 6937
111 98 11477
111 3 3669
111 14 14498
111 65 10091
111 9 9237
111 7 4680
111 85 6437
111 52 12655
111 4 12408
111 31 3657
111 75 10994
111 79 91
111 28 3911
111 5 16218
111 115 16685
111 48 16276
111 56 4327
111 1 6220
111 129 6133
111 17 15490
111 71 12305
111 114 10012
111 108 13293
111 34 13961
111 35 9353
111 72 5542
111 134 8773
111 149 5374
112 106 6449
112 24 10025
112 127 8019
112 81 7529
112 63 6879
112 84 14672
112 40 7048
112 70 4291
112 133 1770
112 117 6459
112 61 10525
112 44 1019
112 54 6878
112 2 5667
112 47 10793
112 56 5431
112 110 12862
112 3 8121
112 26 11988
112 34 10109
112 82 13677
112 33 4848
112 101 6986
112 52 10549
112 143 10034
112 48 4489
112 42 4971
112 66 6910
112 134 12019
112 120 5831
112 100 1996
112 146 9421
112 131 2911
112 32 9670
113 86 8505
113 88 10490
113 22 12572
113 142 5805
113 43 692
113 143 2341
113 139 1211
113 37 14188
113 35 10985
113 70 10093
113 145 5755
113 50 5649
113 146 14611
113 57 5897
113 120 1092
113 122 10130
113 144 7047
113 80 13111
113 131 9817
113 12 1872
113 42 2627
113 17 15283
113 92 6580
113 111 14537
113 4 1541
113 147 6173
113 106 8817
113 68 11406
113 2 15074
113 56 8693
113 81 924
113 18 4224
113 21 7890
113 48 13378
113 105 3840
113 28 5476
113 32 14765
113 87 12799
113 110 1583
113 55 6178
114 62 6939
114 147 10950
114 46 9429
114 85 12526
114 132 7901
114 72 4555
114 65 9599
114 92 14022
114 44 8608
114 56 5847
114 144 16038
114 116 10452
114 121 3699
114 60 10689
114 54 13160
114 22 4389
114 7 5968
114 39 3641
114 80 4648
114 12 9428
114 1 5573
114 83 9734
114 130 15976
114 122 11974
114 45 16179
114 75 11141
114 124 14065
114 49 2178
114 57 7668
114 87 11281
114 102 7429
114 101 11623
114 63 798
114 17 12869
114 27 14453
114 117 12437
114 110 10319
114 11 15004
114 58 12580
114 100 10272
114 34 1114
114 88 4347
114 142 7927
114 48 7625
115 131 8067
115 123 3080
115 133 7337
115 22 2088
115 89 8641
115 19 5156
115 94 13146
115 78 4545
115 97 3767
115 105 2355
115 139 13655
115 83 4562
115 109 13020
115 70 15347
115 54 10848
115 138 15350
115 2 319
115 149 16748
115 144 3237
115 45 10215
115 30 12171
115 32 15037
115 35 6809
115 12 12489
115 106 1884
115 53 15660
115 81 9999
115 79 9061
115 20 338
115 125 5486
115 50 12593
115 132 9637
115 77 4
115 27 14758
115 31 15009
116 62 10217
116 48 1721
116 2 1932
116 103 453
116 7 12657
116 50 11772
116 14 7789
116 135 16730
116 57 13775
116 95 10282
116 113 2682
116 30 440
116 129 15737
116 23 13548
116 90 15525
116 120 3701
116 133 10302
116 85 3337
116 28 3305
116 27 9917
116 9 12130
116 94 605
116 76 14892
116 8 12482
116 69 7436
116 25 11577
116 139 11540
116 54 11340
116 141 8695
116 132 11256
116 105 1000
116 83 853
116 40 11925
116 117 3226
117 79 4263
117 137 3066
117 98 9079
117 0 15315
117 103 5088
117 24 13524
117 59 8635
117 40 4019
117 53 7795
117 12 5633
117 11 12994
117 88 4705
117 131 4957
117 60 2093
117 64 5329
117 71 12646
117 72 8996
117 105 13827
117 112 7526
117 49 8945
117 36 3914
117 51 6909
117 83 2424
117 45 10211
117 7 15164
117 143 11438
117 6 16750
117 136 5137
117 58 5159
117 80 7354
117 17 15672
117 81 8587
117 108 5564
117 135 9007
117 127 1752
117 125 4972
117 31 2440
117 68 9205
117 147 14499
117 28 1267
118 116 6522
118 60 14812
118 125 15728
118 74 12866
118 34 7652
118 121 2019
118 18 4677
118 50 4514
118 51 9791
118 148 12621
118 57 4696
118 119 15894
118 86 16382
118 32 5969
118 36 9965
118 103 7291
118 106 13351
118 20 9372
118 134 4130
118 95 9514
118 58 12789
118 129 7375
118 39 11809
118 73 6767
118 64 10776
118 70 14640
118 71 8875
118 138 14944
118 99 13269
118 126 1989
118 141 1025
118 82 2179
118 53 10453
118 62 3064
118 114 6474
118 137 4293
118 4 13557
118 22 15783
118 55 16354
118 56 5695
119 15 15904
119 34 10553
119 43 3176
119 147 1895
119 86 7411
119 59 11685
119 100 15547
119 84 12309
119 117 14427
119 53 10677
119 18 852
119 126 1292
119 6 9798
119 66 11349
119 101 42
119 38 5298
119 80 7230
119 148 11224
119 19 16391
119 42 6937
119 121 1763
119 145 2677
119 24 8009
119 122 8499
119 131 481
119 108 14721
119 30 15592
119 67 16428
119 98 13323
119 71 16596
119 65 7234
119 10 746
119 113 16534
119 33 3225
119 95 4877
119 20 16654
119 142 2846
119 36 10599
119 112 13183
119 31 13049
119 103 2514
119 55 14800
119 123 5316
119 22 7810
119 2 14174
119 25 6214
119 56 15148
120 85 9456
120 15 15560
120 121 16289
120 147 3053
120 108 2791
120 45 6175
120 117 8524
120 81 14354
120 5 10913
120 116 8233
120 107 9311
120 94 10466
120 114 9661
120 113 8429
120 46 5525
120 82 7067
120 72 11020
120 61 3544
120 124 10853
120 11 5589
120 129 2383
120 50 974
120 10 3739
120 18 10781
120 143 1891
120 80 4344
120 84 8080
120 130 7673
120 78 14324
120 29 13653
120 127 4454
120 109 11927
120 103 6320
120 123 13430
120 54 14439
120 144 3886
120 126 7768
120 7 9443
120 119 9278
120 48 8699
121 87 12789
121 82 11861
121 16 13444
121 102 1264
121 67 2078
121 42 4563
121 38 10661
121 8 114
121 114 15388
121 100 4016
121 74 4745
121 130 15884
121 104 214
121 122 16702
121 128 9788
121 5 5312
121 20 9454
121 64 1009
121 58 16150
121 29 7615
121 43 13057
121 55 6639
121 32 13727
121 68 1663
121 112 9126
121 25 624
121 73 7783
121 116 13969
121 147 11724
121 84 2169
122 117 15930
122 53 9879
122 42 14963
122 52 13254
122 93 11081
122 80 13446
122 19 1464
122 100 7011
122 40 14370
122 81 11137
122 18 12219
122 136 6135
122 43 2280
122 48 12755
122 16 10704
122 58 2392
122 103 8608
122 146 13772
122 27 5292
122 95 8754
122 90 9877
122 129 5091
122 110 5443
122 46 12209
122 14 252
122 86 9201
122 145 13158
122 75 304
122 49 8361
122 148 9736
122 77 1500
122 131 11317
122 50 14167
122 89 12815
122 0 14488
122 127 9224
122 47 11079
122 22 6994
122 87 14678
122 35 3176
122 78 11623
122 92 15238
122 116 12108
122 57 14795
122 134 11872
122 85 9822
122 123 8367
122 108 1863
122 99 2045
122 139 13684
123 132 14325
123 113 13963
123 141 4403
123 16 6971
123 115 1360
123 22 16436
123 33 16403
123 131 10635
123 36 1297
123 124 14146
123 81 9327
123 120 14323
123 103 5337
123 23 10712
123 66 1179
123 14 4089
123 96 7286
123 110 9673
123 71 5952
123 67 7676
123 46 6934
123 0 271
123 69 8365
123 145 2361
123 116 2840
123 42 11551
124 111 4295
124 35 11259
124 91 2893
124 61 3323
124 2 9789
124 1 6069
124 20 12057
124 118 3581
124 84 14825
124 140 15312
124 93 8016
124 67 15910
124 15 1877
124 121 14142
124 44 15697
124 4 490
124 55 5130
124 43 9752
124 46 16181
124 80 11677
124 50 8313
124 108 8345
124 22 14470
124 40 11734
124 90 16663
124 100 13869
124 8 7249
124 139 754
124 19 10074
124 16 8910
124 146 12695
124 64 946
124 28 16119
124 31 16124
124 33 11678
124 49 9496
124 103 6812
124 9 11335
124 58 15025
124 17 12798
124 26 15700
124 86 761
125 114 1263
125 45 1618
125 42 724
125 99 2728
125 146 2325
125 139 9809
125 56 14457
125 80 16715
125 130 5698
125 7 5903
125 32 12833
125 85 653
125 140 8279
125 123 5098
125 30 1778
125 127 7142
125 4 9073
125 143 1592
125 101 506
125 33 2608
125 10 14979
125 95 7112
125 16 12650
125 1 5731
125 67 4852
125 43 7561
125 75 8197
125 41 14558
125 100 13963
125 147 43
125 68 1476
125 136 11163
125 8 12215
125 137 14154
125 36 7954
126 28 12874
126 93 1247
126 117 14801
126 84 10854
126 113 12157
126 121 9276
126 6 16330
126 2 1473
126 88 12429
126 4 609
126 149 4127
126 45 1174
126 32 9594
126 78 1743
126 99 12698
126 58 13701
126 68 3965
126 7 9675
126 77 13532
126 138 8729
126 18 1879
126 24 8763
126 23 14311
126 90 719
126 33 7535
126 74 13854
126 81 7351
126 136 11858
126 29 5674
126 127 7738
126 51 3742
126 8 3634
126 11 3480
126 16 1317
126 97 5274
126 123 421
126 49 4405
126 50 14825
126 75 5444
126 31 2634
126 144 5204
126 57 14076
126 5 7410
126 44 7628
126 100 3357
126 116 5792
126 105 2932
126 70 4344
126 13 16598
127 83 7452
127 84 3003
127 23 6169
127 134 4490
127 112 11441
127 132 11598
127 63 4321
127 17 924
127 79 646
127 133 10733
127 51 3549
127 9 16608
127 26 16521
127 61 8562
127 41 4061
127 52 491
127 109 2057
127 99 5236
127 69 7576
127 144 3378
127 29 10265
127 14 2576
127 130 5459
127 121 5912
127 92 5339
127 8 13838
127 21 10525
127 104 5026
127 86 2063
127 101 2020
127 49 10118
127 36 4461
127 129 5992
127 93 7840
127 33 15532
127 80 4902
128 100 9681
128 76 14021
128 144 2734
128 59 916
128 120 7938
128 133 4195
128 143 1642
128 131 12782
128 148 10824
128 75 654
128 22 304
128 105 14759
128 41 2056
128 21 1526
128 90 14240
128 137 9576
128 18 13841
128 92 9803
128 44 15663
128 52 1749
128 119 8395
128 140 13952
128 40 14930
128 19 4637
128 16 7642
128 68 9152
128 55 7746
128 32 5331
128 27 612
128 82 1440
128 7 13076
128 66 10649
128 145 6872
128 0 4616
128 121 1710
129 1 5107
129 89 5959
129 84 220
129 88 3006
129 105 13019
129 41 331
129 91 12376
129 44 12246
129 111 1011
129 115 14825
129 117 9015
129 20 8008
129 119 10684
129 43 8149
129 65 15398
129 120 6877
129 81 11510
129 23 10756
129 22 14457
129 45 16260
129 19 6179
129 29 1715
129 9 14692
129 62 10901
129 48 357
129 107 6512
129 71 489
129 6 5384
129 110 15916
129 34 15571
129 139 16580
129 39 4388
129 49 371
129 106 2594
129 18 1938
129 60 5456
129 72 15123
130 51 8622
130 64 3254
130 147 14510
130 28 3626
130 27 2297
130 149 16213
130 103 4597
130 120 8675
130 48 1280
130 3 14661
130 52 14512
130 5 724
130 59 9308
130 54 6998
130 115 13220
130 123 4332
130 18 12996
130 65 14521
130 34 639
130 72 432
130 24 2486
130 43 12632
130 76 2557
130 114 14331
130 33 16399
130 50 9515
130 10 1430
130 26 8973
130 69 2078
130 15 4976
130 121 7813
130 55 7160
130 93 16669
130 67 584
130 119 2664
130 35 11633
130 105 5601
130 92 1077
130 81 14592
130 17 6188
130 42 2032
130 129 9589
130 56 4084
130 40 1489
130 104 13624
130 45 10313
130 37 8961
130 13 9782
130 73 13787
130 1 12655
130 44 11092
131 90 8691
131 82 6482
131 37 14992
131 135 12489
131 60 3469
131 49 10304
131 73 8625
131 46 12655
131 16 15898
131 6 5051
131 0 6499
131 13 8119
131 31 11178
131 112 14967
131 109 3600
131 134 3567
131 54 452
131 110 16008
131 57 11188
131 67 2061
131 95 14195
131 106 15552
131 111 2693
131 52 3464
131 9 3678
131 124 25
131 147 15952
131 101 2550
131 1 8433
131 98 9149
131 122 16553
131 64 12309
131 93 9965
131 12 12039
131 99 11621
131 62 10835
131 61 8218
131 96 13289
131 100 11207
131 18 12591
131 32 8853
131 107 7335
131 84 10925
131 105 6218
131 59 7901
132 113 16295
132 4 9808
132 22 1269
132 54 13251
132 101 14400
132 27 9490
132 81 9103
132 53 8282
132 122 16022
132 108 4842
132 75 16093
132 56 5854
132 141 15946
132 110 3242
132 118 3188
132 126 7530
132 87 9548
132 114 12786
132 45 14235
132 136 1593
132 97 11434
132 138 3616
132 92 1515
132 79 10737
132 55 16624
132 134 4828
132 143 15788
132 44 16755
132 23 9654
132 65 6836
132 36 13078
132 2 3596
132 116 5643
132 106 5691
132 7 13659
132 107 5014
132 95 7423
132 49 15153
133 2 3296
133 46 3588
133 95 6084
133 138 1643
133 128 11610
133 147 240
133 124 3317
133 40 6678
133 10 9897
133 117 6601
133 125 14436
133 24 8334
133 118 11911
133 62 10059
133 38 87
133 53 2496
133 32 16109
133 135 9897
133 57 13582
133 36 2872
133 55 1956
133 37 16132
133 94 3911
133 79 8698
133 12 787
133 84 6652
133 13 12968
133 80 1639
133 140 12624
133 7 11608
133 106 7504
133 52 3033
133 75 8526
134 76 3931
134 8 12360
134 63 13822
134 103 5398
134 92 468
134 111 7102
134 57 6833
134 17 6055
134 61 8803
134 7 1047
134 60 7490
134 12 7739
134 16 2434
134 127 14646
134 77 11665
134 41 5028
134 95 10848
134 78 13680
134 79 8449
134 27 1706
134 69 12620
134 45 15923
134 58 11931
134 4 3346
134 117 1346
134 110 10333
134 148 1104
134 30 4551
134 94 9270
134 115 12585
134 112 6010
134 35 9128
134 29 987
134 80 8030
134 130 13792
134 81 16691
135 56 11456
135 14 14789
135 100 16423
135 9 15466
135 111 12840
135 0 5661
135 57 9386
135 41 16661
135 17 3817
135 68 15521
135 80 11752
135 141 9294
135 119 9781
135 112 8485
135 58 12331
135 124 8605
135 137 12736
135 145 11354
135 101 13998
135 131 14981
135 128 9313
135 30 224
135 52 16701
135 25 10723
135 140 13445
135 79 8009
135 61 7871
135 103 6013
135 55 3537
135 32 6174
135 40 561
135 133 11336
135 134 2511
135 148 5446
135 121 13596
135 11 3451
135 97 11563
135 12 11701
135 24 2692
136 57 10713
136 129 3659
136 50 6661
136 30 1580
136 128 86
136 134 16476
136 76 10018
136 38 4517
136 52 15890
136 21 2966
136 42 16010
136 75 5347
136 146 14750
136 47 8152
136 11 4621
136 27 12505
136 54 3707
136 95 4387
136 44 10399
136 111 2839
136 117 2183
136 14 11131
136 64 4913
136 67 3146
136 87 5728
136 139 1464
136 19 9533
136 33 1518
136 126 1029
136 35 10817
136 118 7878
136 37 5868
136 79 6120
136 90 1117
136 140 1836
136 34 10020
136 13 3804
136 110 6686
137 4 12231
137 16 2684
137 55 4688
137 54 2315
137 99 7883
137 53 14582
137 103 4745
137 129 10038
137 131 8913
137 120 6147
137 92 13582
137 112 16622
137 87 10322
137 48 8328
137 15 8466
137 49 279
137 33 2066
137 42 12175
137 51 8047
137 37 14682
137 41 5905
137 113 13991
137 46 739
137 27 15320
137 79 16584
137 45 2032
137 121 4767
137 100 2911
137 146 10846
137 149 16750
137 6 16670
137 140 11641
137 14 15647
137 145 2797
137 78 8332
137 134 4878
137 3 6221
137 135 13594
137 73 6411
137 69 13882
137 91 2906
138 149 3015
138 119 8980
138 31 1180
138 55 14167
138 80 2315
138 37 3340
138 100 12791
138 19 12261
138 142 9266
138 3 13713
138 99 4448
138 65 2857
138 126 4919
138 148 6146
138 70 1226
138 147 2328
138 87 7021
138 28 12893
138 93 983
138 82 10596
138 75 4181
138 49 15845
138 120 16147
138 22 10925
138 109 14063
138 33 3959
138 105 16354
138 83 13377
138 13 10156
138 17 2444
139 11 13908
139 10 4518
139 57 342
139 99 9739
139 79 6531
139 85 14665
139 48 1452
139 95 16002
139 53 610
139 108 14352
139 84 5123
139 59 826
139 8 15909
139 127 12339
139 0 3777
139 114 3118
139 15 5385
139 55 503
139 145 3261
139 111 9131
139 125 317
139 36 11828
139 68 1291
139 87 8259
139 47 10138
139 80 4689
139 115 3976
139 130 4225
139 147 14801
139 129 6912
139 107 14666
139 41 4616
139 120 1422
139 117 2205
139 32 15084
139 94 1633
139 138 3472
139 64 7465
139 50 1153
140 3 11584
140 105 14920
140 31 506
140 121 2334
140 68 4906
140 116 1582
140 66 2518
140 57 10504
140 20 957
140 35 15640
140 65 4461
140 72 5002
140 59 4191
140 114 13770
140 135 6815
140 32 9449
140 27 8283
140 110 12294
140 97 1757
140 92 6816
140 29 4099
140 80 15430
140 16 2764
140 40 13375
141 120 10345
141 44 3080
141 138 4142
141 8 15395
141 21 10650
141 118 3580
141 2 1834
141 92 12905
141 95 9826
141 149 15561
141 26 1723
141 79 1606
141 32 15430
141 14 13623
141 87 4010
141 85 15286
141 132 16583
141 100 16430
141 72 6651
141 59 9580
141 54 14027
141 43 11500
141 45 6215
141 130 1506
141 50 13939
141 74 11875
141 83 1561
141 30 16200
141 4 13497
141 58 2479
141 145 10485
141 62 14918
141 144 11402
141 40 14147
141 49 9397
141 20 16212
141 64 6154
141 35 14977
141 139 1272
141 77 5398
142 93 6057
142 120 3396
142 113 15419
142 20 15015
142 82 1522
142 99 8198
142 52 5808
142 132 12339
142 116 2606
142 57 838
142 107 8971
142 102 13315
142 59 2833
142 122 9348
142 67 15229
142 135 6036
142 0 3501
142 30 6750
142 111 15876
142 42 9318
142 48 10959
142 127 15070
142 95 3827
142 114 309
142 124 12855
142 79 10169
142 50 2546
142 60 8659
142 130 12146
142 70 16380
142 63 6119
142 129 13156
142 84 4118
142 112 12117
142 16 16343
142 2 2157
142 80 8632
142 88 4993
142 128 14413
142 98 9113
142 35 9566
143 131 848
143 85 5956
143 13 6387
143 96 15402
143 47 4618
143 17 5286
143 69 7287
143 30 1350
143 111 14648
143 83 5743
143 62 1421
143 112 4984
143 97 4898
143 29 3786
143 125 772
143 46 2819
143 88 8687
143 60 10454
143 48 6407
143 36 6798
143 138 5069
143 12 9894
143 109 12462
143 148 7708
143 59 774
143 61 16416
143 35 14190
143 142 5161
143 10 11145
143 2 16267
143 75 3462
143 113 1603
143 82 12000
143 39 648
144 140 7090
144 9 2267
144 104 445
144 47 2496
144 68 13078
144 5 3573
144 91 5330
144 134 9697
144 78 2088
144 107 2907
144 32 3548
144 70 145
144 39 1714
144 90 14619
144 46 1231
144 88 15477
144 123 2070
144 74 3613
144 137 5347
144 112 5783
144 119 2092
144 16 15055
144 83 13556
144 21 7589
144 85 6840
144 92 13439
144 80 13226
144 117 9578
144 72 9138
144 66 5813
144 7 14177
144 86 7743
144 56 5587
144 76 4147
144 3 3297
144 87 37
144 27 12358
144 33 2806
144 100 82
144 138 15999
144 102 4430
144 116 15506
144 2 3380
144 149 1757
145 120 9184
145 48 660
145 95 8136
145 9 11033
145 116 8322
145 139 16536
145 34 8620
145 131 4324
145 128 15160
145 94 702
145 127 4048
145 59 12412
145 8 4119
145 143 389
145 35 3825
145 81 15056
145 52 13282
145 111 9189
145 102 14816
145 99 1176
145 141 3859
145 126 12234
145 13 9999
145 23 14786
145 43 10972
145 91 11799
145 134 4359
145 101 2383
145 63 339
145 51 5529
145 119 8224
145 104 11855
145 38 2791
145 118 8958
145 77 7202
145 121 15378
145 42 11366
145 32 514
145 84 14657
145 72 7620
145 117 5981
146 49 15146
146 115 6946
146 92 14656
146 5 4794
146 102 9191
146 74 2915
146 40 13550
146 76 5632
146 120 14277
146 81 3875
146 88 4227
146 85 9117
146 61 1013
146 67 8234
146 58 11524
146 113 4712
146 15 6729
146 2 14792
146 41 7474
146 47 12582
146 79 946
146 1 2744
146 8 15799
146 42 12172
146 3 6714
146 110 4115
146 97 1529
146 133 14723
146 108 16228
146 70 9818
146 25 7661
146 50 13428
146 117 4038
146 13 8663
146 20 15916
146 93 1198
146 132 8565
146 104 8845
147 88 8293
147 27 12566
147 55 14528
147 64 9718
147 40 9731
147 57 8118
147 91 9671
147 85 15591
147 115 7419
147 70 15599
147 127 15512
147 10 13181
147 94 2681
147 69 14452
147 23 14783
147 96 15549
147 100 404
147 32 7793
147 60 4827
147 35 15031
147 22 3814
147 12 5976
147 71 14245
147 121 13909
147 43 14653
148 121 8548
148 145 12773
148 70 11288
148 22 6860
148 11 15268
148 118 5235
148 147 8254
148 14 10724
148 94 12124
148 75 15202
148 71 10507
148 86 15922
148 24 9950
148 116 1545
148 120 12714
148 109 15980
148 136 12008
148 117 11789
148 64 1793
148 0 4875
148 8 2675
148 105 15451
148 43 14686
148 41 4423
148 74 3297
148 30 6800
148 90 12631
148 111 11304
148 65 8208
148 106 6985
148 5 5777
149 75 4617
149 71 38
149 141 14761
149 52 15363
149 127 8095
149 60 12300
149 148 8672
149 118 1403
149 102 10378
149 20 7238
149 96 4384
149 72 1178
149 1 13657
149 132 597
149 6 12941
149 133 10652
149 38 6844
149 14 4150
149 83 6924
149 126 13890
149 37 2446
149 19 7434
149 139 2166
149 26 9626
149 25 5492
149 135 2386
149 100 13166
149 140 6494
149 138 11423
149 80 16191
149 108 1048
149 11 6554
149 123 5139
149 16 8553
149 143 5036
149 117 10046
133
