100 4950
0 82 7633
0 38 5327
0 58 4229
0 94 3966
0 57 2766
0 69 4939
0 66 2235
0 11 3790
0 23 5289
0 27 13472
0 51 1711
0 33 6577
0 19 14110
0 61 10003
0 18 12739
0 54 9200
0 63 12970
0 75 7916
0 71 4537
0 47 11660
0 25 7437
0 43 12599
0 5 8809
0 93 450
0 76 5097
0 8 14214
0 34 12176
0 91 11308
0 81 1840
0 50 8370
0 78 111
0 35 2587
0 46 8411
0 96 3497
0 30 4772
0 55 14020
0 4 9608
0 64 7604
0 77 12378
0 67 10830
0 98 58
0 21 1453
0 56 14055
0 29 13433
0 59 9331
0 97 6684
0 44 3031
0 10 14460
0 60 4329
0 39 13840
0 53 13695
1 77 1829
1 75 7389
1 44 6910
1 14 1375
1 64 11162
1 87 7316
1 95 10674
1 55 5854
1 74 14617
1 58 12609
1 46 6891
1 78 8345
1 38 3888
1 45 3865
1 43 907
1 8 3988
1 71 1636
1 84 3996
1 88 1028
1 85 6133
1 40 5914
1 98 9547
1 89 5124
1 42 1489
1 34 7021
1 50 3944
1 28 5370
1 26 12841
1 76 7101
1 11 5741
1 9 5170
1 90 12292
1 81 1667
1 37 3971
1 18 2355
1 32 12024
1 62 6915
1 59 3169
1 61 8736
1 35 3183
1 82 4160
1 48 14130
1 52 13248
1 0 1842
1 33 4509
1 25 7500
1 63 3748
1 72 1633
1 96 11175
1 19 14509
1 5 8151
1 86 10704
1 39 4132
2 32 3421
2 68 3921
2 15 11823
2 85 5085
2 22 14238
2 33 7421
2 27 3926
2 54 145
2 45 13445
2 11 3643
2 98 10365
2 31 10782
2 83 10830
2 14 4445
2 44 10791
2 1 3723
2 76 10091
2 9 7595
2 69 3747
2 62 1243
2 60 6435
2 43 6019
2 46 7119
2 18 6074
2 8 3153
2 39 6237
2 90 4111
2 57 7188
2 71 9909
2 74 1122
2 77 13615
2 41 1463
2 58 5044
2 64 7969
2 40 416
2 47 1974
2 67 860
2 53 1422
2 3 13486
2 52 2592
2 91 5264
2 26 4513
2 72 54
3 82 648
3 98 4342
3 46 9821
3 92 1278
3 40 6189
3 58 5055
3 91 6371
3 23 3265
3 24 2649
3 76 5742
3 63 2805
3 66 1424
3 83 8356
3 26 6848
3 36 12238
3 34 12594
3 61 13577
3 18 9042
3 95 10195
3 4 11971
3 50 125
3 54 69
3 85 9450
3 6 12786
3 56 8388
3 71 12160
3 31 457
3 86 108
3 53 8093
3 29 5694
3 97 14729
3 13 12355
3 2 12545
3 17 9822
3 30 10810
3 77 7570
3 39 6178
3 74 11283
3 67 1624
3 80 6130
3 1 1931
3 27 7506
3 11 10874
3 22 9745
3 7 14840
3 25 10404
3 99 13318
3 45 1523
4 61 1825
4 14 6163
4 8 809
4 18 11546
4 96 385
4 53 1306
4 3 1690
4 59 13951
4 36 7010
4 87 9391
4 79 749
4 91 6599
4 51 10617
4 90 10543
4 29 6066
4 27 11611
4 9 6975
4 48 1709
4 81 255
4 65 1777
4 63 12037
4 73 10483
4 50 1376
4 35 3384
4 2 9535
4 74 6253
4 84 1648
4 56 14006
4 62 7407
4 23 6566
4 72 623
4 83 6334
4 55 14384
4 99 13200
4 85 4142
4 7 6753
4 12 10165
4 39 8200
4 41 6419
4 71 12103
4 67 8729
4 42 10178
4 57 9667
4 54 8728
4 98 11032
4 78 11083
4 77 1074
5 12 14578
5 36 11653
5 32 13728
5 25 14042
5 53 9442
5 88 11316
5 73 14500
5 33 6765
5 85 181
5 18 3967
5 74 4325
5 11 12502
5 31 5360
5 58 14156
5 94 5642
5 66 4198
5 37 8244
5 20 9346
5 8 9606
5 67 7609
5 6 8591
5 14 14572
5 52 8127
5 28 2027
5 30 6619
5 21 4067
5 60 12024
5 22 9061
5 35 13793
5 0 11482
5 71 7213
5 63 13160
5 48 13366
5 72 3003
5 15 10314
5 79 6019
5 95 11737
5 10 10472
5 49 12054
5 26 4254
5 87 900
5 29 11264
5 89 1390
5 80 7541
5 4 2340
5 27 13257
5 61 7021
6 25 6674
6 88 12363
6 4 1242
6 75 3771
6 82 4919
6 93 4179
6 53 13991
6 29 5135
6 22 5974
6 58 6486
6 61 8168
6 5 9692
6 67 7988
6 72 2615
6 28 9171
6 34 10292
6 46 9749
6 18 7333
6 33 14141
6 14 7787
6 23 12406
6 49 2302
6 3 2507
6 63 12913
6 26 5062
6 41 8038
6 47 3661
6 45 7293
6 38 14841
6 60 10458
6 83 1435
6 56 13676
6 24 6558
6 12 4386
6 39 14764
6 87 10979
6 15 11252
6 81 8535
6 66 9632
6 91 6965
6 57 13958
6 55 5303
6 99 8934
6 59 13382
6 84 402
6 74 1125
6 85 166
6 68 10750
6 51 443
6 94 5433
6 78 2709
7 94 3982
7 53 9142
7 36 9439
7 1 7336
7 84 5634
7 83 12972
7 76 13922
7 50 4703
7 56 394
7 97 12931
7 8 4330
7 37 9191
7 78 8489
7 0 5698
7 91 10124
7 89 12263
7 98 13095
7 21 13576
7 80 4202
7 3 3998
7 75 1672
7 68 12921
7 90 8173
7 24 2903
7 25 5926
7 74 9026
7 77 10042
7 17 7849
7 61 10473
7 41 1308
7 81 1714
7 48 6119
7 95 13301
7 73 13081
7 70 1360
7 2 10002
7 30 11265
7 44 6243
7 66 117
7 63 8726
7 71 9304
7 13 556
7 31 7047
7 46 7446
7 19 135
7 32 9452
7 65 9845
7 16 3791
7 4 3481
7 39 3750
7 12 223
7 52 3078
7 87 2537
8 14 7171
8 50 8854
8 23 5034
8 42 2151
8 80 4682
8 97 491
8 34 12130
8 16 13871
8 45 12752
8 49 7667
8 87 11160
8 66 8874
8 38 7465
8 9 142
8 28 5369
8 1 10827
8 10 12562
8 15 1911
8 12 13421
8 63 11136
8 6 14392
8 33 3845
8 89 4298
8 56 8603
8 65 13020
8 90 11033
8 47 1168
8 57 7382
8 77 11734
8 91 456
8 84 3956
8 21 4012
8 82 5510
8 18 10402
8 55 9390
8 2 9258
8 37 14279
8 29 5906
8 0 2324
8 51 5064
8 96 10751
8 78 1901
8 26 10874
8 59 13545
8 60 8795
8 81 8546
8 44 10624
8 48 10982
9 84 791
9 30 13424
9 2 2073
9 71 9862
9 57 6191
9 61 1912
9 66 9375
9 81 12775
9 76 5186
9 7 11691
9 24 7231
9 14 9006
9 1 670
9 18 760
9 27 1486
9 73 12987
9 48 4631
9 93 2107
9 40 4670
9 34 3111
9 54 10653
9 4 6627
9 6 3175
9 43 3777
9 16 10890
9 91 250
9 23 13171
9 33 14267
9 70 1399
9 44 1657
9 55 8572
9 96 13109
9 83 4649
9 92 7939
9 98 3326
9 69 11273
9 39 7454
9 42 9814
9 31 336
10 1 12390
10 29 8332
10 95 12379
10 27 10757
10 81 3674
10 14 883
10 39 11779
10 12 1959
10 63 6898
10 3 1285
10 82 9371
10 84 12014
10 7 49
10 94 11848
10 17 6482
10 35 519
10 46 4001
10 54 10494
10 74 12527
10 0 408
10 50 4025
10 73 11743
10 42 12187
10 91 13179
10 58 2833
10 75 153
10 25 8499
10 30 8504
10 65 8277
10 77 5798
10 97 1459
10 86 14167
10 66 6432
10 96 11896
10 69 5399
10 99 2281
10 34 2542
10 80 12790
10 40 4154
10 47 1710
10 79 7061
10 68 4828
10 13 14657
10 98 2463
10 60 4622
10 89 7747
10 55 10650
10 26 11649
10 32 9852
10 15 7473
10 19 13301
10 20 738
10 38 7218
10 90 11813
10 37 4940
10 83 8793
11 99 6764
11 54 210
11 28 10909
11 27 8278
11 59 1775
11 58 12430
11 94 12071
11 17 10155
11 68 12364
11 96 5662
11 4 720
11 98 1581
11 6 9987
11 46 2615
11 69 1176
11 91 166
11 36 2934
11 51 14227
11 45 11103
11 95 8283
11 89 4421
11 25 7820
11 50 2013
11 24 989
11 32 10450
11 47 13135
11 77 12694
11 87 9153
11 82 5437
11 65 4029
11 13 5549
11 31 9659
11 22 10383
11 71 1715
11 33 5111
11 40 12921
11 23 12785
11 57 3277
11 61 479
11 30 6706
11 16 6079
11 85 10157
11 74 12139
11 88 8550
11 80 6329
11 81 4405
11 79 1528
11 44 3601
11 3 5206
11 66 4654
11 52 5369
11 20 7245
11 93 6803
11 34 11297
12 4 4441
12 65 14497
12 53 2404
12 16 14114
12 7 14276
12 56 727
12 15 4541
12 34 11297
12 11 9086
12 43 8056
12 8 8521
12 97 6722
12 20 922
12 68 12024
12 92 817
12 64 5398
12 83 13171
12 89 13453
12 82 370
12 44 3326
12 72 2614
12 84 7989
12 74 7589
12 46 2419
12 19 11707
12 87 9742
12 10 1041
12 14 13029
12 91 6794
12 96 2047
12 31 7450
12 71 4763
12 99 11718
12 22 7590
12 35 14282
12 9 14463
12 47 6710
12 2 1123
12 70 5507
12 62 13081
12 52 12149
12 78 320
12 36 14392
12 6 9199
12 0 10181
13 31 10228
13 41 3981
13 35 3950
13 88 5186
13 44 2662
13 28 13071
13 74 3069
13 51 10037
13 71 1538
13 47 6739
13 80 1158
13 75 6692
13 39 12857
13 77 13292
13 16 10623
13 90 89
13 52 3200
13 50 3121
13 3 8422
13 94 8301
13 2 2295
13 66 12418
13 18 13538
13 96 6377
13 23 14324
13 64 1359
13 55 14729
13 92 10884
13 22 8863
13 84 5471
13 87 3754
13 34 5601
13 57 1388
13 40 264
13 48 14788
13 95 652
13 72 2869
13 56 763
13 61 693
13 25 14686
13 0 196
13 27 11488
13 97 10901
13 19 14148
13 49 14304
14 95 11496
14 8 1561
14 22 10196
14 68 14786
14 15 2937
14 4 4596
14 74 4036
14 91 13644
14 67 14065
14 32 2147
14 55 5753
14 87 578
14 16 8580
14 94 2386
14 24 5156
14 99 708
14 71 11927
14 60 2822
14 98 390
14 64 6051
14 27 10448
14 5 226
14 57 12811
14 20 14849
14 21 5916
14 10 14625
14 34 10839
14 80 2057
14 0 11768
14 89 6699
14 31 8594
14 2 1093
14 66 2708
14 93 5380
14 81 13700
14 42 14506
14 13 2507
14 70 4102
14 6 1388
14 35 9320
14 1 12575
14 12 1061
14 19 8636
14 77 4223
14 43 2326
14 40 13837
14 48 8836
14 78 11619
14 41 4621
14 36 6988
14 26 8551
14 88 10799
14 50 6574
15 30 3838
15 4 6758
15 22 12222
15 39 4187
15 86 12457
15 0 10775
15 21 5749
15 40 6012
15 13 14048
15 33 11372
15 27 5579
15 26 6348
15 54 7872
15 60 8814
15 82 8039
15 50 1225
15 43 9424
15 99 4257
15 57 11726
15 94 2059
15 20 2968
15 28 3873
15 48 11940
15 85 8916
15 44 9398
15 3 11558
15 61 11234
15 93 9694
15 83 3738
15 8 11159
15 37 95
15 77 8864
15 36 4742
15 7 4871
15 75 6175
15 92 4307
15 65 4921
15 17 5538
15 73 5942
15 9 6706
15 55 6793
15 95 6094
15 42 2209
15 68 4771
15 14 1708
15 70 13417
15 31 14605
15 87 9248
15 23 257
15 6 337
15 71 5294
15 56 9604
15 11 1632
15 78 4014
16 0 14174
16 13 8245
16 1 12983
16 29 5690
16 87 14493
16 6 14460
16 64 12540
16 15 667
16 25 2731
16 78 1859
16 21 5180
16 63 2748
16 11 11926
16 19 7828
16 81 7201
16 76 14533
16 71 2970
16 39 1387
16 77 10290
16 93 8087
16 30 9016
16 89 8356
16 95 8478
16 5 7555
16 32 8413
16 3 6154
16 91 902
16 31 2212
16 66 3810
16 46 1646
16 99 5365
16 59 288
16 23 6918
16 49 7064
16 7 8539
16 42 7493
16 51 2470
16 38 13543
16 44 12841
16 12 5559
16 33 1346
16 65 1215
16 35 2865
16 50 1931
16 41 11972
16 48 13774
16 26 6131
16 4 4994
16 17 3558
16 62 12542
16 73 3636
16 58 5046
16 60 1120
17 96 7493
17 87 1967
17 76 3151
17 73 10163
17 20 10352
17 80 14067
17 94 5986
17 9 397
17 56 12551
17 89 4064
17 50 527
17 72 4016
17 78 8211
17 74 12405
17 55 9061
17 40 12120
17 99 6726
17 12 9772
17 27 13150
17 79 8884
17 48 4083
17 13 8109
17 86 3450
17 14 9517
17 10 596
17 23 5375
17 85 6880
17 63 10493
17 58 4703
17 57 9937
17 70 6027
17 2 11995
17 22 9951
17 68 36
17 34 3385
17 92 12924
17 31 10811
17 69 2849
17 45 9466
17 38 1221
17 8 12293
17 4 1777
17 16 4544
17 30 10888
17 47 1450
17 15 10226
17 82 8715
17 26 502
17 71 12660
17 83 2249
17 36 6092
17 53 8853
17 0 1068
18 71 7020
18 99 877
18 39 1385
18 78 2405
18 4 13534
18 46 4459
18 2 10822
18 98 4335
18 35 10405
18 22 14417
18 86 1589
18 55 2214
18 70 13614
18 27 4926
18 56 9854
18 10 5736
18 94 5154
18 14 1376
18 68 1205
18 42 7303
18 19 12930
18 8 851
18 21 10015
18 43 4711
18 73 14251
18 60 11370
18 36 12321
18 51 9529
18 0 7974
18 33 6252
18 11 2291
18 64 10418
18 12 143
18 9 7703
18 83 4867
18 50 6057
18 69 7818
18 23 5466
18 48 10569
18 95 9168
18 24 10210
18 52 1071
18 45 1664
18 76 6028
18 44 10997
19 16 16
19 43 4104
19 5 6740
19 64 8803
19 25 4432
19 33 9097
19 81 14060
19 27 11280
19 22 6264
19 39 120
19 12 3879
19 46 7071
19 99 5903
19 28 11845
19 1 14356
19 65 6473
19 86 11174
19 77 5
19 34 8632
19 2 3167
19 9 14231
19 50 10979
19 92 10691
19 58 9104
19 30 702
19 48 2616
19 66 9624
19 93 4743
19 82 2990
19 67 13387
19 14 3787
19 38 11543
19 79 132
19 31 11505
19 60 5305
19 11 10982
19 15 3003
19 69 7516
19 4 5659
19 91 14537
19 29 2609
19 37 4477
19 55 11886
19 13 6591
20 32 1523
20 16 10652
20 4 8933
20 27 10016
20 90 10541
20 53 5285
20 65 13890
20 95 7320
20 8 13602
20 83 6327
20 60 1671
20 66 1440
20 63 11691
20 79 822
20 5 8078
20 61 5116
20 26 8954
20 77 6175
20 0 6651
20 76 6017
20 80 13820
20 56 13696
20 92 3744
20 43 6638
20 34 7144
20 45 8171
20 71 4227
20 28 629
20 93 6841
20 18 9851
20 42 12487
20 70 4601
20 68 10013
20 2 409
20 37 10246
20 88 12467
20 17 12760
20 35 10844
20 30 5742
20 62 9617
20 39 10998
20 44 12394
20 82 1834
20 91 10032
20 46 2978
20 51 1688
20 99 5596
20 33 8405
21 85 2143
21 36 790
21 32 12309
21 13 1414
21 3 13049
21 75 7317
21 29 7128
21 78 13104
21 12 5460
21 69 6424
21 0 859
21 41 3028
21 5 8593
21 97 11195
21 42 10596
21 76 13697
21 20 4034
21 62 7761
21 55 14173
21 25 13265
21 22 4859
21 16 1517
21 31 12810
21 6 4197
21 37 4164
21 87 8206
21 95 12553
21 10 6356
21 66 14650
21 59 11905
21 68 11350
21 46 12593
21 92 6294
21 58 11301
21 70 3846
21 44 7422
21 45 14293
21 94 14814
21 77 3442
21 82 5247
21 48 4802
21 84 13237
22 43 6257
22 25 7985
22 60 5941
22 11 2369
22 23 5683
22 47 4649
22 38 639
22 0 11067
22 71 2557
22 50 10426
22 56 6920
22 44 9939
22 5 7543
22 14 5355
22 37 4742
22 2 6975
22 77 10595
22 67 8555
22 24 12634
22 97 11064
22 27 14091
22 63 3395
22 40 914
22 20 3495
22 62 13951
22 8 7674
22 82 8230
22 33 6528
22 26 278
22 3 9063
22 65 13911
22 79 4386
22 72 14473
22 66 14501
22 18 7018
22 78 10876
22 84 13984
22 29 5539
22 52 1338
22 35 2146
22 46 9464
22 96 3376
22 10 8073
22 85 8146
22 86 13216
22 17 3653
22 51 7376
22 31 4248
22 16 8166
22 98 9149
22 58 12410
23 42 11523
23 33 12546
23 61 14102
23 51 13201
23 26 6497
23 35 8335
23 28 1295
23 36 2515
23 45 9712
23 1 11290
23 22 12884
23 91 1490
23 79 9509
23 56 13098
23 20 9017
23 88 774
23 71 8752
23 10 5863
23 68 10506
23 31 14669
23 57 6685
23 75 8484
23 16 1730
23 85 13513
23 62 12600
23 3 13226
23 84 8798
23 93 14170
23 74 2497
23 19 11747
23 59 14320
23 39 1776
23 9 7374
23 47 5994
23 5 10799
23 29 11660
23 65 3593
23 63 714
24 43 6696
24 1 5693
24 82 4107
24 63 2095
24 76 14363
24 61 12774
24 75 3461
24 22 7553
24 90 9358
24 87 12896
24 78 8190
24 23 13110
24 47 7820
24 54 12496
24 99 12409
24 56 6711
24 12 3947
24 84 12011
24 95 11027
24 13 14305
24 72 6760
24 77 7002
24 44 7974
24 25 171
24 60 1251
24 14 2831
24 6 1596
24 70 3226
24 58 9430
24 18 10896
24 2 5637
24 55 10116
24 31 675
24 40 1059
24 37 12156
24 52 7885
24 29 4201
24 53 3472
24 67 11240
24 83 2937
24 79 14544
24 16 7817
24 66 3730
24 96 9170
24 88 13151
24 26 13582
25 72 12175
25 13 766
25 97 3743
25 6 5032
25 29 4808
25 33 1624
25 78 9100
25 80 7194
25 82 14160
25 84 8196
25 30 11332
25 68 6313
25 75 11336
25 61 642
25 73 440
25 88 12671
25 11 11979
25 69 1857
25 42 9859
25 37 12038
25 27 8508
25 60 10570
25 91 11136
25 45 5720
25 87 2812
25 54 13337
25 19 1224
25 95 45
25 94 1988
25 35 12973
25 98 5959
25 8 6232
25 20 8697
25 86 4564
25 56 11780
25 83 8076
25 93 2756
25 15 13786
25 66 6832
25 4 8453
25 79 3144
25 3 7989
25 26 4960
25 22 5718
25 64 1410
25 92 9487
25 1 13600
25 16 13280
25 57 9167
25 74 11443
25 85 1340
25 89 935
25 24 12410
25 46 5065
25 40 12111
25 67 12268
25 52 12677
25 96 11274
26 91 11091
26 29 2148
26 36 6675
26 95 13832
26 53 5388
26 16 5381
26 23 13570
26 27 287
26 61 5038
26 34 1488
26 9 14649
26 58 11948
26 52 10074
26 70 11297
26 55 12147
26 6 1995
26 81 14112
26 60 6226
26 93 11081
26 40 2967
26 3 11336
26 90 2155
26 28 6349
26 74 10493
26 63 9051
26 0 7238
26 1 4477
26 99 3727
26 48 5514
26 79 1958
26 59 13108
26 7 2121
26 54 9547
26 13 2000
26 12 7994
26 87 6174
26 92 14577
26 72 13746
26 20 7482
26 32 5085
26 15 14356
26 17 7505
26 18 9510
26 77 12510
26 31 9479
26 44 1269
26 45 7401
26 67 3762
26 73 3576
26 41 4506
27 3 13453
27 1 11509
27 24 12648
27 81 13716
27 21 14072
27 16 4325
27 8 13076
27 72 7004
27 99 1834
27 10 2100
27 71 14081
27 18 13456
27 32 10618
27 40 1659
27 30 7284
27 0 14666
27 86 6144
27 39 9116
27 68 4692
27 48 487
27 37 9227
27 94 8719
27 35 5971
27 49 2995
27 42 11249
27 28 2904
27 93 13088
27 74 8943
27 13 4758
27 70 2367
27 7 13058
27 31 5357
27 61 7413
27 14 99
27 59 2587
27 12 7077
27 77 61
27 88 8254
27 4 13552
27 76 12783
27 6 5773
27 11 6425
27 62 684
27 44 3511
27 87 60
28 74 3697
28 72 6075
28 36 5920
28 66 12022
28 32 12228
28 65 10488
28 59 5484
28 68 6867
28 87 9938
28 26 13415
28 3 9442
28 39 2867
28 22 4129
28 33 1321
28 93 8425
28 97 12675
28 7 1436
28 11 11802
28 57 3118
28 42 4889
28 92 9261
28 9 4124
28 76 12668
28 12 3032
28 25 11870
28 53 14608
28 27 1148
28 14 6435
28 55 5239
28 61 6770
28 84 13482
28 70 14553
28 85 9535
28 15 10617
28 19 6991
28 48 4694
28 62 4086
28 95 11062
28 94 11079
28 17 2108
28 73 14598
28 35 14790
28 64 8690
28 0 7346
28 71 1638
28 2 14484
28 13 5541
28 43 286
28 54 3223
28 86 5999
29 0 14482
29 30 637
29 52 10173
29 74 666
29 39 2317
29 64 7545
29 15 10247
29 9 12147
29 7 7554
29 90 11630
29 2 964
29 22 5166
29 99 7484
29 20 4375
29 36 11938
29 92 3013
29 75 12521
29 40 1189
29 1 13119
29 54 8959
29 72 5734
29 69 6539
29 53 2669
29 18 9325
29 47 5780
29 79 1726
29 27 13298
29 37 11041
29 26 4840
29 65 10314
29 67 12069
29 70 3735
29 34 4559
29 77 6703
29 91 5535
29 46 5164
29 5 1107
29 97 13077
29 23 13321
29 55 739
29 21 734
29 10 4930
29 25 4150
29 11 1360
30 78 10637
30 44 11401
30 75 7894
30 1 13216
30 87 7758
30 49 5369
30 58 2166
30 48 6840
30 33 9511
30 52 3092
30 93 10538
30 79 8796
30 91 4659
30 51 8540
30 19 4365
30 99 10932
30 24 2301
30 4 3818
30 84 4606
30 38 11912
30 17 14613
30 80 14631
30 26 5233
30 0 1874
30 89 7992
30 67 7579
30 68 4376
30 27 13802
30 40 868
30 46 86
30 28 7917
30 43 7692
30 63 14409
30 41 6916
30 36 4304
30 74 14093
30 23 13303
30 12 2371
30 42 1107
30 86 6856
30 96 7907
30 35 10103
30 69 806
30 32 13970
30 76 8533
31 52 5980
31 78 1666
31 92 12251
31 37 8660
31 26 14241
31 21 5889
31 10 12231
31 91 4918
31 74 14684
31 48 696
31 72 10635
31 0 13670
31 49 13513
31 40 2912
31 14 9814
31 13 3351
31 62 10006
31 65 6758
31 94 10703
31 64 12707
31 9 8800
31 45 5721
31 80 4916
31 70 209
31 39 12918
31 12 11694
31 59 624
31 42 7569
31 22 10883
31 38 12029
31 86 10916
31 20 10916
31 67 2282
31 6 7584
31 33 11537
31 11 9474
31 76 592
31 93 2429
31 17 2600
31 84 6124
31 90 4851
31 4 11120
31 68 8858
31 25 9909
31 83 12311
31 46 7163
31 88 352
32 47 10384
32 58 13918
32 87 6664
32 37 10100
32 33 14269
32 52 12800
32 30 12414
32 73 4348
32 56 1726
32 3 6902
32 48 8325
32 7 1651
32 11 9306
32 40 782
32 5 10755
32 26 7202
32 12 12747
32 65 11101
32 62 9016
32 17 272
32 41 11082
32 8 3362
32 16 1958
32 74 1051
32 78 5636
32 60 3673
32 64 4880
32 18 5669
32 59 8390
32 50 7539
32 19 1980
32 66 10759
32 36 14554
32 34 3628
32 83 8984
32 84 476
32 28 12372
32 68 6588
32 70 4458
32 35 14363
32 54 13195
32 71 9392
32 75 6324
33 68 13768
33 15 1375
33 32 8622
33 82 5889
33 17 10271
33 75 5495
33 51 6897
33 73 5496
33 74 2133
33 70 12458
33 50 1449
33 95 5380
33 57 9979
33 84 13025
33 11 7576
33 66 14140
33 59 10040
33 45 12406
33 54 3067
33 96 10349
33 49 2847
33 86 9662
33 72 7017
33 48 4744
33 7 3881
33 3 792
33 94 13391
33 85 7750
33 78 12923
33 34 4169
33 21 7446
33 18 2104
33 44 5199
33 98 3827
33 83 14683
33 28 11676
33 67 727
33 97 10067
33 63 7031
33 9 4645
33 13 195
33 55 9401
33 93 11079
33 31 1310
33 76 6670
33 53 13114
33 1 13028
33 24 14733
33 46 5496
34 54 1727
34 9 12426
34 67 4077
34 39 6772
34 2 4848
34 69 14812
34 13 13014
34 36 5595
34 66 10532
34 35 7886
34 27 2858
34 97 3548
34 18 9294
34 21 13741
34 65 10251
34 40 4607
34 53 1008
34 8 4672
34 64 64
34 52 5120
34 84 8011
34 83 6163
34 46 7842
34 56 8738
34 28 5862
34 44 8893
34 91 9439
34 90 2498
34 73 1854
34 6 3584
34 92 736
34 32 4098
34 42 11546
34 11 7950
34 0 1291
34 58 7521
34 79 5467
34 14 10196
34 4 1103
34 1 3960
34 37 5279
34 76 12044
34 57 2062
34 85 14765
34 60 9837
34 93 3192
34 62 9970
34 12 9353
34 80 2394
34 7 7071
35 21 155
35 7 12459
35 52 7821
35 22 12984
35 23 12880
35 3 11064
35 77 5453
35 81 6797
35 65 9917
35 78 11224
35 61 7982
35 53 10617
35 4 6668
35 8 1872
35 38 9695
35 34 7624
35 71 4240
35 88 6291
35 94 7821
35 90 7581
35 43 2793
35 5 115
35 96 7596
35 89 5502
35 74 5324
35 59 841
35 12 3402
35 9 6641
35 10 3828
35 99 13288
35 15 2262
35 36 8142
35 80 6054
35 76 2864
35 93 13368
35 64 11102
35 30 1958
35 13 3502
35 56 9411
35 62 6159
35 19 3311
35 92 4371
35 58 13908
35 57 4778
35 14 4572
35 49 11793
35 85 5641
35 17 14725
36 75 6057
36 17 788
36 37 14123
36 22 8614
36 83 11858
36 74 5527
36 27 9762
36 61 9759
36 32 7381
36 89 13344
36 13 4364
36 25 9706
36 38 12702
36 66 4357
36 93 1459
36 14 9864
36 78 11057
36 42 8507
36 62 10599
36 18 10613
36 51 7183
36 43 5528
36 92 11882
36 71 12790
36 15 13357
36 94 820
36 95 1805
36 5 12031
36 9 321
36 77 10169
36 82 1882
36 19 3798
36 26 1161
36 41 2178
36 86 4668
36 7 14817
36 44 7222
36 30 7702
36 98 11913
36 34 1733
36 11 8241
36 29 12923
36 69 1231
36 21 1043
36 0 8108
36 40 11031
36 65 13279
36 39 4974
36 1 3534
36 31 10695
36 52 10029
36 35 5242
36 6 1630
37 69 3591
37 52 13455
37 57 14175
37 35 13863
37 49 10708
37 63 7065
37 76 10178
37 59 10269
37 68 6830
37 98 5688
37 24 7937
37 93 14107
37 42 2410
37 32 2177
37 95 6989
37 81 2958
37 72 1560
37 26 6853
37 77 1825
37 11 529
37 60 12459
37 71 12347
37 80 6645
37 84 5235
37 8 5283
37 54 1642
37 47 5387
37 39 13953
37 38 8593
37 19 5044
37 50 1530
37 22 12494
37 2 12861
37 96 6688
37 41 1325
37 73 7678
37 4 4525
37 94 12186
37 89 10632
37 67 9951
37 99 504
37 45 12009
37 15 1397
37 34 11736
37 97 14473
37 55 439
37 10 1548
37 56 9986
37 0 5760
37 13 13973
37 46 140
37 82 10793
37 64 11296
37 20 4601
38 52 13021
38 69 6441
38 8 3955
38 80 10118
38 90 2788
38 55 9677
38 97 6605
38 42 27
38 78 5512
38 84 12461
38 64 11878
38 53 4495
38 14 11963
38 48 1122
38 15 3180
38 40 13284
38 21 7481
38 51 10803
38 46 247
38 95 3520
38 86 12705
38 99 13439
38 6 13599
38 58 2067
38 27 2026
38 92 13145
38 76 2764
38 23 3569
38 2 3341
38 57 3647
38 11 9176
38 79 10753
38 83 14432
38 32 10150
38 19 13147
38 88 12924
38 73 794
38 65 2960
38 71 2603
38 34 13166
38 81 1076
38 22 13492
38 96 10184
38 87 6831
38 67 12967
38 33 11324
38 1 9400
38 47 6341
38 44 8595
38 41 1879
38 37 14156
38 72 10430
38 66 10472
38 75 4822
38 12 4868
38 98 10045
38 5 13647
38 36 11102
39 64 13364
39 91 12537
39 6 4122
39 4 10547
39 52 7426
39 70 4828
39 12 11346
39 11 8356
39 36 13971
39 59 4766
39 86 13674
39 87 7154
39 88 10702
39 31 8593
39 57 3375
39 25 3485
39 23 10098
39 20 3372
39 38 10974
39 18 9767
39 66 11531
39 1 3421
39 42 14051
39 84 12863
39 5 6467
39 53 6283
39 43 3330
39 7 9180
39 80 1604
39 29 13453
39 61 4573
39 24 5896
39 74 3379
39 13 12019
39 67 11200
39 75 7584
39 46 7686
39 89 1730
39 92 358
39 14 11154
39 27 434
39 63 4990
39 58 4372
39 51 7888
39 16 5497
39 55 10102
39 19 260
39 54 1386
40 48 6527
40 25 12274
40 12 10661
40 84 7863
40 93 2560
40 60 7839
40 58 604
40 39 1288
40 75 4400
40 34 12803
40 21 7250
40 97 690
40 69 10393
40 80 11266
40 3 3676
40 83 8215
40 82 644
40 16 6603
40 27 6110
40 88 10540
40 59 4400
40 20 11479
40 89 10138
40 57 6538
40 7 8597
40 66 7003
40 9 6257
40 47 4359
40 54 1490
40 11 2493
40 1 8087
40 41 12958
40 65 11041
40 87 14237
40 73 10957
40 95 9883
40 63 6717
40 28 13651
40 4 4485
40 92 4448
40 37 11688
40 64 9729
40 44 8586
40 79 8358
40 67 12877
40 94 13424
40 33 13043
40 5 2457
41 89 4332
41 68 12716
41 19 2716
41 27 1646
41 69 10388
41 58 14432
41 90 8300
41 2 7103
41 23 10614
41 83 9060
41 57 2743
41 59 2895
41 49 7935
41 56 10558
41 35 8332
41 44 11247
41 72 14421
41 37 11561
41 11 9018
41 61 11731
41 96 2933
41 98 10913
41 47 4485
41 30 2222
41 63 877
41 84 8927
41 62 14530
41 75 10155
41 78 444
41 29 1875
41 20 8832
41 52 53
41 46 2745
41 87 9032
41 31 6179
41 77 9561
41 33 12768
41 53 14178
41 28 7554
41 85 13295
41 93 9461
41 18 14433
41 3 9645
41 43 7303
41 26 4920
41 88 8687
41 45 13054
41 21 13849
41 81 11945
41 99 1526
41 71 6788
41 6 4615
41 38 7198
41 48 14098
41 14 11881
41 10 2068
41 8 12599
41 1 14232
42 49 14211
42 75 12654
42 6 2379
42 66 3104
42 77 3530
42 4 7919
42 98 553
42 30 697
42 9 12219
42 21 11304
42 0 6727
42 88 1611
42 19 5039
42 14 7041
42 57 3561
42 67 7473
42 61 13179
42 20 12549
42 56 5068
42 29 8564
42 26 10786
42 40 11151
42 27 8850
42 24 11164
42 33 3856
42 71 6726
42 1 12126
42 36 1359
42 86 1996
42 62 7489
42 58 3777
42 64 7564
42 55 6201
42 15 12392
42 43 81
42 74 13030
42 94 782
42 96 6180
42 16 2186
42 92 5041
42 44 5263
42 39 6921
42 28 7474
42 70 810
42 90 7343
42 83 10146
42 72 13647
42 25 8180
42 10 13422
42 53 4067
42 93 4613
42 97 14036
42 85 13270
42 69 8384
43 89 2389
43 83 11450
43 44 5857
43 7 8584
43 94 7100
43 88 5142
43 69 4614
43 98 4153
43 8 11893
43 27 767
43 38 11140
43 32 11876
43 29 13694
43 5 6646
43 78 14383
43 6 8672
43 66 8217
43 0 11753
43 20 10068
43 54 948
43 80 14786
43 41 8658
43 49 2999
43 45 1695
43 14 3910
43 76 6743
43 86 11901
43 24 3607
43 70 12777
43 1 6884
43 18 11492
43 17 11223
43 67 788
43 11 1336
43 75 1885
43 81 2099
43 90 4636
43 55 224
43 12 155
43 63 11277
43 25 8330
43 65 5634
43 52 13636
43 95 2201
43 62 6017
43 30 9350
43 93 13580
43 56 5794
43 72 12358
43 92 12071
43 64 9294
43 3 2808
44 2 12004
44 8 7167
44 13 5372
44 29 12368
44 73 8552
44 32 2653
44 94 7807
44 84 10464
44 92 4248
44 80 3716
44 27 4061
44 34 2296
44 40 14061
44 21 6928
44 95 12654
44 36 6607
44 55 12090
44 18 10932
44 51 4733
44 11 11716
44 10 3428
44 74 11806
44 56 6047
44 76 7923
44 77 1609
44 12 547
44 79 11649
44 72 4998
44 9 13783
44 83 6562
44 98 11644
44 6 235
44 47 8788
44 88 11582
44 19 13061
44 81 13697
44 62 3163
44 65 2429
44 16 1140
44 58 8873
44 37 8218
44 45 3990
44 61 7765
44 64 74
44 52 11541
44 4 1235
44 7 11365
44 1 6839
44 28 10090
44 90 5707
44 87 3014
44 26 1772
44 53 14139
44 48 8072
44 99 3760
45 14 3509
45 19 6985
45 76 12916
45 89 3575
45 44 10857
45 73 9719
45 88 5109
45 90 10099
45 96 10712
45 67 7036
45 16 10718
45 55 13694
45 62 2907
45 65 5992
45 99 5394
45 12 12840
45 33 2428
45 91 9447
45 94 2640
45 80 4447
45 25 2550
45 9 6068
45 17 2528
45 29 1301
45 53 11846
45 28 13871
45 81 387
45 54 4038
45 41 6825
45 7 988
45 38 2683
45 87 4390
45 75 6224
45 34 10135
45 86 9448
45 27 6521
45 24 1894
45 78 11786
45 98 4416
45 26 8538
45 4 12109
45 36 5151
45 40 8061
45 46 10399
45 21 14813
45 49 4847
45 59 12474
45 39 8080
45 64 4595
45 51 1423
45 15 5959
45 74 2570
45 6 3440
46 5 3109
46 28 4566
46 36 3120
46 32 8478
46 7 8059
46 98 8294
46 94 5796
46 50 6026
46 67 6848
46 91 8957
46 56 8363
46 97 9083
46 23 3446
46 74 7647
46 59 12226
46 66 2496
46 51 6591
46 29 1203
46 53 2717
46 1 2363
46 60 4565
46 35 10084
46 58 12983
46 21 5479
46 41 7375
46 2 2187
46 9 9469
46 72 5492
46 22 1191
46 30 6636
46 86 13112
46 71 11132
46 69 9657
46 75 8069
46 3 14300
46 17 3689
46 73 13306
46 15 6650
46 70 2021
46 62 10202
46 77 5385
46 63 8198
46 92 6545
46 13 12010
46 6 1452
46 38 5480
46 57 2721
46 48 14540
47 81 11622
47 6 5179
47 43 6177
47 30 7318
47 1 12799
47 69 2229
47 33 4692
47 62 3237
47 64 7638
47 15 4629
47 4 11277
47 98 6077
47 32 7136
47 60 3964
47 96 11009
47 51 7879
47 9 9200
47 88 6884
47 52 1854
47 86 7801
47 48 4624
47 58 1495
47 29 5363
47 18 2937
47 24 1367
47 65 4936
47 63 13684
47 80 578
47 74 3955
47 27 7504
47 44 12746
47 89 2986
47 78 13130
47 0 9893
47 14 9631
47 5 4560
47 77 2283
47 76 12761
47 45 10821
47 95 2398
47 13 10109
47 41 7657
47 90 9593
47 3 13998
47 93 3240
47 75 1980
47 31 9391
48 79 12747
48 16 4540
48 95 7897
48 29 6384
48 55 10953
48 13 13070
48 5 6441
48 26 9531
48 51 5403
48 72 9929
48 6 11118
48 57 11520
48 64 10448
48 36 95
48 21 6183
48 50 13449
48 88 2321
48 10 8278
48 17 11273
48 93 9788
48 49 1008
48 20 207
48 89 4650
48 96 236
48 85 13641
48 69 5742
48 46 14155
48 98 13471
48 87 3518
48 63 14097
48 30 6942
48 31 10454
48 14 6265
48 37 4226
48 71 2213
48 82 13988
48 62 13848
48 25 6996
48 28 14581
48 60 9166
48 11 1644
48 86 2733
48 67 8806
48 33 7624
48 43 4951
48 38 4375
48 90 11247
48 0 9033
48 83 770
49 15 5575
49 90 2719
49 66 3345
49 8 9076
49 75 5672
49 92 10823
49 36 3896
49 7 8205
49 6 3613
49 63 1620
49 30 2629
49 99 2939
49 23 2916
49 93 4267
49 37 12811
49 74 698
49 48 8982
49 19 1907
49 86 7338
49 73 7871
49 76 5260
49 79 1205
49 97 3472
49 0 1297
49 38 7971
49 47 10558
49 68 954
49 83 13244
49 96 6746
49 61 605
49 72 655
49 12 864
49 67 4908
49 41 11269
49 57 14353
49 39 13180
49 26 13249
49 88 13893
49 20 14635
49 94 13044
49 80 14164
49 10 4770
49 24 4202
49 9 9704
49 69 4529
49 95 266
49 54 9046
49 64 2997
49 13 3764
49 27 5528
49 44 10752
49 29 9701
49 32 2066
49 40 1710
49 11 8904
49 55 14153
50 2 3203
50 3 3297
50 83 4704
50 16 4122
50 63 13848
50 39 13708
50 5 3731
50 48 14468
50 18 6439
50 12 9186
50 29 13567
50 32 7614
50 9 10756
50 74 6497
50 15 13132
50 47 6695
50 7 8521
50 41 14354
50 91 4520
50 1 14821
50 6 11507
50 46 5394
50 95 4606
50 26 842
50 49 12522
50 37 2617
50 17 8014
50 97 14506
50 65 11821
50 10 13362
50 25 11932
50 76 1651
50 51 1579
50 62 4754
50 34 12606
50 4 7974
50 11 2983
50 70 8184
50 79 14348
50 19 11081
50 60 11629
50 89 2005
50 82 6398
50 52 5466
50 85 7051
50 38 13318
50 28 3571
50 64 11901
50 58 7153
50 71 1969
50 77 4503
50 55 12039
50 94 12968
50 88 12673
50 92 14827
51 32 3358
51 84 1845
51 46 13149
51 65 12165
51 50 12987
51 98 777
51 41 9436
51 60 11041
51 21 8773
51 71 1397
51 63 4674
51 49 14673
51 11 3818
51 22 1227
51 87 8311
51 53 12197
51 40 4613
51 68 10157
51 86 417
51 92 4567
51 12 1303
51 54 3411
51 19 5174
51 75 6480
51 13 3554
51 27 1624
51 6 12249
51 44 7346
51 24 13899
51 55 9117
51 96 6597
51 47 5718
51 80 4923
51 70 5314
51 26 467
51 67 1383
51 14 7542
51 64 12806
51 17 11689
51 42 12987
51 82 13728
51 72 10362
51 52 14413
51 36 3982
51 61 10000
51 5 1631
51 18 6933
51 2 1617
52 14 12886
52 21 13548
52 75 4083
52 6 36
52 2 8028
52 61 8656
52 74 10637
52 73 13249
52 3 9234
52 45 9384
52 41 9900
52 91 11128
52 39 13347
52 7 6043
52 63 835
52 85 14753
52 28 9993
52 95 12374
52 64 1496
52 40 11453
52 0 3751
52 60 7830
52 32 1888
52 43 1709
52 20 7267
52 36 1307
52 1 8179
52 83 10460
52 82 3082
52 17 7663
52 96 9312
52 94 2699
52 68 5967
52 30 11039
52 53 1573
52 72 14489
52 33 12030
52 47 4866
52 24 13350
52 8 1378
52 4 7802
52 69 7775
52 10 11351
52 5 1216
52 35 2337
52 93 13235
53 50 10803
53 96 3497
53 11 2232
53 33 3148
53 18 326
53 5 8415
53 61 10670
53 40 4258
53 16 10835
53 21 6260
53 3 4810
53 7 12421
53 71 7100
53 59 8535
53 37 6341
53 63 13063
53 84 6328
53 4 2918
53 95 6910
53 15 521
53 55 1150
53 83 11346
53 94 7929
53 67 4476
53 52 13601
53 35 11746
53 78 11609
53 12 5548
53 66 5186
53 27 4309
53 88 8673
53 36 14544
53 19 11745
53 8 1126
53 23 12132
53 25 14192
53 41 13875
53 91 3472
53 99 12525
54 99 3328
54 22 6581
54 82 14043
54 2 6333
54 53 3347
54 81 2194
54 28 7984
54 30 2675
54 76 4718
54 8 6976
54 47 1932
54 14 13712
54 29 1297
54 40 10456
54 32 3637
54 6 13530
54 13 13290
54 49 11030
54 71 12690
54 70 7819
54 56 13110
54 50 717
54 96 12857
54 90 1376
54 31 8695
54 94 13806
54 36 12573
54 55 10382
54 87 1879
54 62 632
54 38 5507
54 98 9134
54 78 3764
54 37 5431
54 77 7520
54 27 2530
54 24 4989
54 95 11969
54 17 11737
54 1 5131
54 16 2969
54 34 2082
54 60 996
54 68 1101
54 67 1316
54 26 8683
54 74 3415
54 7 4745
54 39 5991
54 93 5103
54 73 10561
54 89 5487
54 79 10001
55 48 8611
55 94 2450
55 59 2663
55 77 5753
55 93 14594
55 10 7978
55 44 12766
55 65 7113
55 54 3248
55 84 11692
55 6 13015
55 4 6992
55 99 11123
55 66 493
55 32 4939
55 89 1768
55 67 4900
55 18 11036
55 30 7836
55 63 9335
55 95 11671
55 47 10975
55 74 8190
55 31 1208
55 61 9411
55 78 14533
55 52 3722
55 5 13359
55 46 9226
55 38 9888
55 23 2928
55 21 13966
55 81 14816
55 15 551
55 29 610
55 13 11889
55 56 13562
55 20 10805
55 17 12855
55 22 13429
55 80 13702
55 60 11834
55 35 3490
55 82 3276
55 96 4119
55 11 5257
55 90 95
55 88 9265
56 31 1406
56 21 12425
56 29 7416
56 8 11728
56 95 5288
56 52 1209
56 4 12607
56 24 978
56 32 9624
56 12 1190
56 87 27
56 73 3991
56 63 12861
56 83 8999
56 61 8264
56 81 8140
56 20 3045
56 90 2900
56 46 3733
56 66 1324
56 77 8843
56 47 13206
56 15 8906
56 57 9324
56 30 334
56 38 2222
56 79 13077
56 25 412
56 22 3202
56 9 14563
56 76 699
56 68 5150
56 97 1677
56 59 12989
56 40 13921
56 36 11151
56 65 3828
56 64 1860
56 62 4424
56 10 3651
56 26 661
56 43 5406
56 80 6061
56 67 11718
56 88 4704
56 92 11607
56 54 832
56 49 6887
56 28 11447
57 66 12744
57 23 9171
57 83 196
57 69 3796
57 13 12823
57 39 2612
57 85 8337
57 41 12577
57 58 9295
57 34 8059
57 11 4421
57 26 7314
57 79 2136
57 78 720
57 24 10858
57 5 1610
57 90 11260
57 48 1731
57 95 1522
57 17 7875
57 55 1087
57 89 5707
57 20 13846
57 71 5940
57 87 2919
57 84 7943
57 15 2654
57 86 2151
57 27 10650
57 73 2766
57 72 3757
57 35 6253
57 30 8376
57 53 10991
57 96 14438
57 16 6663
57 52 1272
57 45 10595
57 44 5685
57 32 13299
57 6 3031
57 25 6591
57 22 5760
57 77 13288
57 63 6509
57 43 5334
57 59 10889
57 92 11190
57 31 331
58 16 9903
58 78 11877
58 35 10267
58 54 10411
58 46 13716
58 0 6644
58 26 4798
58 42 9541
58 73 3669
58 34 6014
58 3 1437
58 57 4810
58 6 12975
58 7 4846
58 94 5248
58 85 3213
58 9 9386
58 20 504
58 21 12551
58 72 8071
58 23 12502
58 87 12427
58 45 3339
58 69 11086
58 66 2597
58 71 5261
58 19 12686
58 79 12895
58 28 12891
58 31 13551
58 89 14177
58 70 12281
58 13 13406
58 76 11849
58 14 11680
58 43 4838
58 60 3132
58 51 12662
58 50 8934
58 55 6142
58 37 6009
58 24 1606
58 96 1153
58 11 13705
58 15 9667
58 39 9417
58 99 11376
58 2 4910
59 36 5360
59 25 12877
59 30 14547
59 73 14594
59 79 10418
59 24 12088
59 49 14277
59 99 8548
59 39 12580
59 77 2848
59 84 1912
59 74 13076
59 68 9212
59 63 9789
59 91 2743
59 94 13574
59 44 14579
59 65 10591
59 11 4157
59 90 12869
59 16 9520
59 52 10777
59 1 4447
59 13 4928
59 22 7848
59 69 14655
59 46 14665
59 0 322
59 6 339
59 89 4977
59 45 4914
59 55 3280
59 56 1800
59 42 1292
59 93 6883
59 62 4461
59 5 9698
59 96 13346
59 78 9178
59 72 9235
59 10 14007
59 54 10337
60 17 1623
60 41 9696
60 72 680
60 0 9278
60 33 12044
60 65 9848
60 18 7191
60 10 2204
60 57 6822
60 11 6851
60 95 4265
60 52 4476
60 40 13871
60 22 10046
60 24 6323
60 61 3530
60 70 7438
60 42 3957
60 30 7017
60 80 11893
60 2 4639
60 92 10608
60 87 6888
60 36 4457
60 25 7118
60 88 8478
60 85 2752
60 31 12657
60 26 9178
60 12 2056
60 50 3370
60 14 14124
60 45 2274
60 13 8951
60 20 3830
60 37 9595
60 93 4206
60 29 176
60 16 5182
60 3 1630
60 86 2976
60 43 13604
60 27 2190
60 98 6269
60 1 1177
60 64 3076
60 21 9832
60 44 8437
60 81 4927
60 67 5883
60 73 1977
60 58 3359
61 22 10278
61 23 9071
61 46 3262
61 15 14276
61 38 985
61 64 11825
61 99 2740
61 4 6924
61 87 2341
61 68 7401
61 34 13816
61 98 9777
61 56 11077
61 83 6118
61 33 6150
61 52 7423
61 2 3870
61 53 7553
61 49 8929
61 97 12947
61 57 13978
61 40 10591
61 78 3891
61 12 6084
61 18 7007
61 70 1133
61 51 7419
61 41 2771
61 19 5503
61 66 10434
61 25 10114
61 37 10865
61 30 7190
61 71 7756
61 1 1543
61 79 4693
61 73 3957
61 35 13472
61 62 7076
61 85 5551
61 10 13890
61 28 5348
61 21 2154
61 84 9590
61 5 4557
61 65 5679
61 58 7822
62 69 11525
62 47 4909
62 6 7041
62 55 8884
62 89 14845
62 71 10881
62 70 6267
62 60 8970
62 97 10535
62 12 6944
62 86 6685
62 68 5739
62 28 13518
62 54 13923
62 5 8954
62 41 10837
62 90 13031
62 72 14622
62 58 1012
62 44 6483
62 7 11077
62 16 11580
62 77 5812
62 30 13671
62 24 6220
62 81 9868
62 75 14502
62 85 2135
62 99 13081
62 33 5081
62 19 10878
62 64 10207
62 25 1951
62 95 14295
62 35 10736
62 26 14819
62 42 3581
62 22 12330
62 15 1962
62 93 6207
62 51 12870
62 63 2622
62 67 3963
62 43 10331
62 27 7605
62 40 7429
63 25 4892
63 44 5344
63 43 7268
63 70 7430
63 26 4899
63 29 8619
63 89 5117
63 48 8930
63 35 5732
63 8 9090
63 77 11047
63 0 12707
63 74 4155
63 12 8507
63 75 5385
63 27 4451
63 92 1744
63 37 5522
63 69 7648
63 49 12739
63 11 452
63 79 4646
63 17 13546
63 15 8135
63 40 307
63 88 6975
63 33 4466
63 71 13680
63 60 12471
63 93 988
63 55 12068
63 1 12403
63 98 6555
63 39 3440
63 59 12844
63 96 4605
63 97 13509
63 46 14490
63 6 9675
63 45 3184
63 90 1749
63 86 9120
63 42 9534
63 95 4487
63 73 1487
63 54 1897
63 36 10331
63 13 8212
63 67 1785
63 53 4780
63 41 11566
63 58 1494
63 64 14485
63 94 4962
63 14 3110
63 31 14754
63 87 8447
63 24 1467
63 83 13137
63 9 8013
63 81 2667
63 3 5416
63 68 504
63 22 5412
64 65 9303
64 66 10994
64 86 11849
64 67 13517
64 80 6530
64 43 11464
64 99 1987
64 50 2457
64 48 8281
64 90 655
64 35 8457
64 96 3481
64 40 11003
64 33 6352
64 82 6413
64 75 9709
64 60 2349
64 19 11083
64 6 12462
64 62 2501
64 58 6102
64 70 5941
64 87 3677
64 30 9217
64 79 9436
64 24 14092
64 81 11513
64 29 11629
64 8 4967
64 63 1205
64 37 12851
64 25 5852
64 26 9623
64 54 5047
64 47 105
64 71 12702
64 12 375
64 69 12942
64 52 3329
64 91 1857
64 41 9724
65 80 12219
65 99 14807
65 26 5951
65 59 3229
65 1 10807
65 30 12441
65 41 12884
65 45 7608
65 48 13313
65 20 12325
65 29 4147
65 24 9981
65 47 11945
65 44 13349
65 12 949
65 89 9792
65 78 4926
65 49 8370
65 67 1827
65 93 14164
65 16 11238
65 84 8736
65 71 3795
65 60 2623
65 10 3511
65 43 6864
65 52 9439
65 82 8606
65 36 9326
65 37 4065
65 86 6157
65 6 6119
65 53 42
65 96 14676
65 81 5645
65 75 12507
65 69 7558
65 42 6021
65 56 5535
65 28 14000
65 4 11220
65 14 5165
65 85 12465
65 97 9337
65 7 14499
65 17 525
65 73 2268
65 94 9163
65 55 12682
65 33 3640
66 33 3774
66 29 4946
66 9 5643
66 22 1561
66 63 5429
66 15 10178
66 67 8983
66 98 7840
66 6 3252
66 49 4521
66 88 11545
66 0 11478
66 75 13856
66 37 5335
66 48 2389
66 11 7874
66 70 14162
66 34 2987
66 58 10449
66 50 2229
66 96 166
66 72 6066
66 41 8082
66 64 237
66 61 4133
66 60 3795
66 5 14824
66 2 1684
66 87 13981
66 16 3338
66 45 14439
66 47 9474
66 95 4177
66 57 9881
66 25 3948
66 56 11635
66 54 2992
66 8 2064
66 38 12732
66 21 3163
66 76 190
66 79 64
66 62 12560
66 77 11590
66 40 2253
66 13 8412
66 51 7896
66 73 9251
66 89 1500
67 33 1695
67 97 2012
67 85 9515
67 16 2371
67 95 5628
67 89 5440
67 31 10343
67 17 10949
67 74 8541
67 53 6883
67 43 10813
67 27 5997
67 3 10833
67 32 5794
67 29 9683
67 0 9478
67 42 12007
67 38 4963
67 77 12857
67 37 1737
67 36 2386
67 39 1616
67 34 4483
67 28 5197
67 83 6862
67 61 1885
67 51 10100
67 66 5268
67 81 3062
67 57 11065
67 98 908
67 64 7771
67 24 3719
67 70 1871
67 78 14
67 12 12278
67 71 6246
67 25 10688
67 59 4546
67 45 14292
67 6 4681
67 55 2666
67 40 6617
67 44 13112
67 68 6649
67 56 5022
67 86 9681
67 76 7217
67 93 5892
67 60 8788
67 54 2170
68 31 10138
68 40 9500
68 81 14513
68 88 11777
68 5 6005
68 7 8774
68 47 2550
68 25 9600
68 33 11309
68 86 11118
68 69 1738
68 76 11265
68 83 1794
68 58 1270
68 82 12167
68 27 2745
68 61 1179
68 62 220
68 99 3826
68 46 6907
68 60 8983
68 34 9378
68 13 10976
68 17 6359
68 52 4667
68 73 9501
68 74 6464
68 95 11570
68 92 12638
68 50 5562
68 57 11677
68 4 6319
68 56 6339
68 77 5846
68 63 11585
68 43 7745
68 80 561
68 70 10362
68 29 13465
68 79 14763
68 26 13980
68 22 403
68 41 7215
68 85 8201
68 96 104
68 53 10643
68 23 4313
68 98 3320
69 92 6990
69 88 4100
69 57 12034
69 87 11709
69 78 13425
69 89 10528
69 26 12819
69 14 12577
69 39 10306
69 13 10348
69 77 1142
69 61 8455
69 95 2613
69 31 9865
69 17 6673
69 48 7433
69 34 2931
69 27 13595
69 58 1721
69 23 9283
69 94 12639
69 20 3372
69 46 10069
69 37 6266
69 74 9605
69 45 6533
69 24 1029
69 70 2894
69 28 13527
69 2 8025
69 47 6752
69 16 3146
69 62 984
69 99 8882
69 38 4784
69 43 14030
69 11 4294
69 12 5631
69 33 4278
69 91 7426
69 71 541
69 32 4861
69 98 7060
69 15 14691
69 55 11279
69 76 2854
69 36 11282
69 97 4058
69 83 13415
69 40 2208
69 49 5628
69 22 3784
69 64 5123
70 78 14843
70 60 554
70 57 12774
70 34 4573
70 0 1599
70 2 484
70 69 680
70 73 7157
70 33 13191
70 22 4576
70 38 11643
70 17 1288
70 67 12501
70 91 4696
70 24 6957
70 92 10888
70 32 729
70 93 2670
70 42 4879
70 9 6692
70 77 11068
70 90 5573
70 16 12540
70 64 3302
70 13 11415
70 68 5937
70 27 12839
70 19 13351
70 97 14612
70 49 7287
70 6 7787
70 76 343
70 55 1221
70 62 2229
70 40 1954
70 46 12246
71 17 14153
71 35 11112
71 56 3979
71 8 13734
71 87 8381
71 65 9728
71 76 5118
71 22 6471
71 48 14312
71 51 8200
71 63 2607
71 80 10869
71 25 10315
71 70 12327
71 18 3527
71 36 4089
71 75 11903
71 85 12666
71 78 5961
71 53 12044
71 20 1141
71 14 1630
71 6 8608
71 40 3052
71 9 11332
71 12 10632
71 68 6894
71 16 10844
71 92 2406
71 24 7564
71 58 10201
71 98 11445
71 30 1550
71 89 7648
71 23 1930
71 60 9261
71 4 7024
71 46 11987
71 94 12231
71 11 4802
71 66 1897
72 25 8439
72 11 9401
72 45 13275
72 80 10712
72 47 12780
72 79 12060
72 65 7065
72 97 14192
72 34 14285
72 48 1126
72 52 1247
72 68 4709
72 20 10382
72 0 7268
72 13 10544
72 10 231
72 30 9299
72 62 4424
72 8 6822
72 28 605
72 37 9881
72 35 9762
72 3 163
72 86 2814
72 24 11676
72 67 7700
72 74 6866
72 23 4818
72 84 12350
72 70 13277
72 60 11464
72 95 9993
72 29 828
72 89 9564
72 92 3372
72 33 420
72 12 7461
72 6 14719
72 32 2631
72 1 4324
72 31 9738
72 26 2667
72 61 11743
72 18 10350
72 46 11049
72 58 3818
73 75 6549
73 45 315
73 49 5601
73 64 2148
73 23 12673
73 58 12140
73 28 11717
73 16 4534
73 2 691
73 38 12546
73 72 12305
73 11 1123
73 69 13346
73 83 11730
73 8 10293
73 63 12804
73 29 6448
73 89 13339
73 66 7837
73 85 4207
73 60 9436
73 46 11234
73 4 12179
73 26 1492
73 1 8009
73 6 4297
73 88 693
73 5 5127
73 71 9207
73 90 1533
73 62 12624
73 61 5791
73 96 589
73 91 8255
73 93 4007
73 76 3878
73 70 9201
73 21 2521
73 97 14517
73 3 11469
73 56 2891
73 53 3915
73 27 13134
73 37 3223
73 77 4741
73 43 3790
73 68 14039
73 48 8507
73 22 1258
74 16 4357
74 59 8814
74 97 4232
74 55 13216
74 95 801
74 99 3187
74 21 13861
74 69 13283
74 68 5270
74 90 13064
74 91 2081
74 96 14822
74 60 2724
74 33 6519
74 13 9048
74 40 10133
74 32 1793
74 12 3334
74 81 610
74 48 3558
74 64 13996
74 1 9580
74 65 13755
74 77 6112
74 24 1228
74 30 2188
74 37 5497
74 17 288
74 98 7016
74 57 9653
74 89 14460
74 20 11596
74 23 12210
74 2 2411
74 75 13648
74 0 11557
74 14 1814
74 73 3060
74 87 7363
74 54 6434
74 4 13798
74 11 7208
74 92 903
75 0 11753
75 63 11992
75 17 9098
75 37 2503
75 61 10529
75 79 3229
75 78 14826
75 38 4836
75 98 2231
75 74 7349
75 23 13104
75 14 6372
75 77 13019
75 89 8758
75 11 13503
75 5 8548
75 27 3955
75 56 3571
75 25 8662
75 69 11332
75 84 10197
75 50 10802
75 3 11722
75 13 3482
75 90 13092
75 83 12343
75 6 1909
75 8 3104
75 46 10269
75 42 5172
75 36 9290
75 87 3774
75 29 5897
75 66 9041
75 10 3437
75 41 7322
75 97 2534
75 99 1783
75 92 12608
75 22 7541
75 1 8949
75 15 4394
75 82 14301
75 28 9257
75 20 11356
75 43 5559
75 60 6402
75 52 8519
75 49 10625
75 33 1230
75 76 13910
75 39 13628
75 32 8102
76 90 3075
76 66 752
76 92 4393
76 7 1463
76 28 1167
76 53 12854
76 80 2734
76 97 7
76 33 10377
76 54 3929
76 4 3561
76 29 5320
76 45 8478
76 85 12000
76 16 9819
76 43 8275
76 47 14409
76 88 8842
76 58 6697
76 30 9214
76 79 10308
76 46 1294
76 48 5174
76 9 12291
76 35 13830
76 40 11234
76 83 4775
76 5 5846
76 82 8925
76 24 13592
76 69 4259
76 39 1103
76 87 5567
76 73 11353
76 14 8835
76 68 427
76 71 2405
76 21 9204
76 93 14764
76 78 8342
76 0 1190
76 98 5949
76 64 2103
76 94 9349
76 2 7886
76 96 3620
76 34 9909
76 20 1908
76 91 6227
76 59 11749
76 38 10036
76 86 3721
76 1 3409
76 74 172
77 73 2916
77 69 1461
77 19 1118
77 40 10145
77 52 11476
77 34 7180
77 24 9970
77 43 7426
77 39 9038
77 15 8245
77 78 2815
77 55 5479
77 79 2074
77 83 13662
77 53 11201
77 5 6696
77 30 10045
77 6 8566
77 89 386
77 71 5972
77 98 10007
77 12 591
77 51 7509
77 91 11917
77 27 14552
77 45 14496
77 90 11754
77 17 7657
77 94 8354
77 8 13432
77 84 11099
77 65 13235
77 49 10164
77 37 11222
77 50 10347
77 7 8371
77 18 13191
77 38 1912
77 58 2729
77 25 12695
77 21 12515
77 75 13013
77 96 3364
77 35 486
77 56 7256
78 42 9497
78 53 5443
78 25 6869
78 58 858
78 19 6992
78 31 4120
78 28 12069
78 88 4305
78 15 2983
78 73 1812
78 33 2540
78 8 6637
78 66 530
78 68 1018
78 23 1416
78 39 9868
78 46 9266
78 18 5964
78 70 1902
78 95 7243
78 47 5035
78 81 14747
78 40 12208
78 61 1993
78 32 1528
78 62 9700
78 13 10739
78 67 11144
78 45 2654
78 79 5383
78 41 7358
78 7 2283
78 24 5179
78 11 10796
78 90 8440
78 74 9450
78 83 10238
78 36 1131
78 22 3164
78 85 9122
78 71 85
78 55 10772
78 48 13173
78 60 7919
79 64 7802
79 40 4391
79 46 9043
79 63 10069
79 61 12764
79 76 9300
79 74 11658
79 71 689
79 88 5995
79 15 3694
79 68 9310
79 31 12904
79 13 719
79 50 2206
79 25 1203
79 3 10615
79 69 4716
79 11 2765
79 93 8266
79 57 10140
79 77 14457
79 22 7888
79 18 2219
79 90 2351
79 89 13119
79 9 407
79 48 10425
79 33 5627
79 36 7109
79 35 6529
79 98 9069
79 20 13136
79 44 3864
79 80 2752
79 84 10573
79 12 5820
79 49 3787
79 73 11181
79 60 2930
79 34 5849
79 96 14159
79 23 13134
79 6 3852
79 2 1010
79 19 534
79 55 1109
79 45 2355
79 92 5307
79 30 9929
79 32 3784
79 8 9469
79 91 14433
80 25 11295
80 32 4090
80 91 7071
80 29 4627
80 19 10313
80 57 12506
80 62 11421
80 4 12356
80 63 8927
80 96 1452
80 20 7179
80 75 10856
80 74 234
80 78 2753
80 88 3342
80 35 579
80 95 14481
80 77 7772
80 66 8335
80 39 2353
80 52 9375
80 7 9610
80 64 4550
80 31 10273
80 65 2434
80 61 2563
80 46 12517
80 17 231
80 47 6114
80 22 14256
80 79 7174
80 58 9985
80 38 2527
80 71 9833
80 60 7446
80 12 9583
80 93 137
80 81 8257
80 55 12522
80 23 2748
80 15 4942
80 89 6142
80 92 13982
80 56 7358
80 8 13343
80 51 60
80 87 1779
80 84 1470
80 72 123
80 37 7061
80 98 4188
80 67 13373
80 24 1054
80 41 8126
80 68 4393
80 43 6841
81 87 1931
81 47 2788
81 52 14259
81 0 14167
81 91 295
81 19 7748
81 1 10483
81 96 2571
81 85 4197
81 50 6505
81 67 4148
81 48 3457
81 16 4547
81 54 11677
81 69 2370
81 49 6372
81 39 8505
81 8 4380
81 38 1931
81 35 7897
81 60 9295
81 18 5563
81 58 4435
81 21 7907
81 83 8680
81 80 13072
81 7 11811
81 14 7356
81 98 11314
81 36 3469
81 64 170
81 65 414
81 84 9707
81 3 5309
81 42 14156
81 66 2595
81 31 6768
81 15 14042
81 33 10548
81 74 7971
81 88 4728
81 44 14727
81 51 3550
81 20 6650
81 25 7039
81 92 747
81 29 4931
81 9 7579
81 46 11547
81 76 1320
81 40 13781
81 13 14024
81 56 12525
81 10 11144
81 97 1302
82 6 5190
82 83 6739
82 39 282
82 62 6254
82 72 13112
82 78 4474
82 13 6368
82 92 11018
82 97 11927
82 19 13870
82 56 12782
82 52 13187
82 41 2920
82 5 6141
82 1 9536
82 43 4000
82 79 11217
82 8 12507
82 10 11567
82 68 12345
82 76 3845
82 22 7070
82 87 12449
82 46 10938
82 49 4879
82 30 10165
82 59 3893
82 96 9117
82 33 12019
82 77 4817
82 32 9337
82 0 11712
82 54 4073
82 27 8646
82 64 2573
82 3 1406
82 18 13877
82 70 14551
82 98 3100
82 84 12477
82 57 2831
82 11 3706
82 14 2569
82 61 7749
82 20 14629
82 9 7931
82 45 12439
82 17 6841
82 88 3790
82 67 7599
82 94 6723
82 24 9879
82 4 4240
83 55 10118
83 65 3506
83 60 9921
83 0 14247
83 34 13089
83 94 4560
83 8 10910
83 14 12885
83 76 10924
83 49 10680
83 73 7114
83 63 11305
83 33 9184
83 97 13646
83 96 4292
83 47 1378
83 11 2583
83 53 7795
83 19 14695
83 54 14806
83 61 11128
83 95 14459
83 40 821
83 12 8754
83 45 14504
83 84 13253
83 58 3385
83 2 12822
83 80 697
83 44 14142
83 26 14077
83 64 14357
83 50 3005
83 85 12971
83 32 2016
83 70 12044
83 52 1927
83 57 2474
83 89 6069
83 43 13066
83 66 8267
83 74 4172
83 42 3181
83 41 11682
83 90 10900
83 82 3537
83 81 11005
83 30 830
83 24 9816
83 21 2121
84 77 11801
84 33 8198
84 23 4048
84 32 12743
84 26 11432
84 8 7177
84 60 6003
84 56 4450
84 14 2466
84 4 403
84 80 8694
84 95 10989
84 86 8754
84 71 11729
84 37 5635
84 92 2114
84 49 6519
84 94 9916
84 9 11521
84 6 7888
84 63 3777
84 28 4413
84 47 9705
84 67 8312
84 48 6072
84 75 5176
84 2 3970
84 7 5119
84 39 1882
84 29 14704
84 19 5308
84 24 6416
84 42 3052
84 59 3362
84 30 1562
84 54 8177
84 82 4346
84 55 8983
84 3 13819
84 17 13895
84 21 6927
84 58 10300
85 44 11027
85 34 14558
85 15 13460
85 3 6608
85 92 4898
85 57 415
85 14 12982
85 37 4803
85 42 7424
85 69 10031
85 72 6411
85 10 14278
85 36 11268
85 8 8131
85 82 1959
85 68 14093
85 5 13256
85 63 9663
85 51 6821
85 91 9369
85 59 4285
85 40 11778
85 0 10358
85 50 14475
85 7 13117
85 46 4554
85 70 5722
85 73 4687
85 58 2056
85 76 531
85 77 7298
85 99 8274
85 71 1638
85 55 10796
85 48 9550
85 79 12267
85 20 384
85 41 459
85 23 12663
85 4 2723
85 1 12616
85 56 9824
85 87 8631
85 90 13259
85 11 6535
85 26 1862
85 54 8033
85 88 1916
85 83 6943
85 98 3801
86 39 7367
86 92 3641
86 80 9974
86 21 11719
86 46 13109
86 59 9608
86 26 1895
86 88 6558
86 40 3578
86 34 4057
86 96 12688
86 66 77
86 81 7724
86 15 13438
86 57 4956
86 90 13408
86 73 13404
86 97 3062
86 32 2674
86 78 10782
86 11 14267
86 83 7207
86 27 6729
86 9 2474
86 52 3313
86 51 2906
86 29 8635
86 45 5901
86 79 11362
86 8 2744
86 23 3906
86 22 7488
86 95 11109
86 70 14099
86 3 12537
86 19 14557
86 48 9094
86 44 7926
86 2 4377
86 25 1171
86 10 4508
86 20 7955
86 6 8277
86 94 3444
86 47 9462
86 85 2152
86 98 4227
86 56 413
86 30 12630
86 36 3831
86 41 151
86 53 10122
86 50 12393
86 16 8756
86 89 6873
86 18 13059
86 65 7838
87 97 7938
87 78 9806
87 95 9071
87 42 5121
87 37 6642
87 84 7510
87 18 1999
87 29 9609
87 45 10399
87 55 995
87 19 7352
87 92 2765
87 96 822
87 60 6391
87 10 6664
87 9 14224
87 8 906
87 3 5620
87 71 8428
87 89 3261
87 40 12594
87 58 11975
87 82 5297
87 66 13482
87 68 7849
87 74 104
87 16 1245
87 32 6838
87 25 10789
87 2 10169
87 6 9341
87 49 8331
87 99 10403
87 39 6292
87 91 3928
87 56 173
87 90 2204
87 59 9526
87 61 6217
87 17 3175
87 69 14434
87 62 10219
87 26 938
87 50 7906
87 22 877
87 54 12312
87 70 10165
88 78 5760
88 73 8135
88 40 372
88 69 13820
88 23 10104
88 20 5392
88 38 10927
88 4 13941
88 48 7988
88 66 4527
88 3 4620
88 0 14775
88 84 3674
88 17 4282
88 14 442
88 72 11538
88 77 5499
88 5 3324
88 31 5407
88 35 1762
88 91 2392
88 55 4101
88 80 14583
88 79 1203
88 56 6023
88 12 13305
88 99 4984
88 85 2796
88 82 4048
88 34 13176
88 62 13936
88 86 11271
88 11 1589
88 60 3991
88 45 8571
88 44 9945
88 52 4890
88 24 3456
88 63 11397
88 97 13730
88 8 4970
88 65 1429
88 26 13002
88 89 2425
88 9 2224
88 43 10708
88 94 775
88 57 13198
88 92 6591
88 64 145
88 27 10514
89 84 5575
89 80 13461
89 75 6580
89 45 12368
89 51 4043
89 65 14680
89 11 11137
89 29 1619
89 76 5534
89 67 14590
89 41 9965
89 70 12555
89 18 4796
89 98 9045
89 23 14671
89 21 12553
89 19 13613
89 22 5751
89 50 5646
89 31 10694
89 78 13730
89 2 14650
89 3 3975
89 93 2306
89 92 8414
89 85 4813
89 82 9453
89 61 5423
89 83 5723
89 47 4417
89 6 367
89 9 10985
89 87 2721
89 38 11182
89 44 7435
89 88 2601
89 56 11645
89 17 13729
89 55 8665
89 94 8851
89 39 14259
89 81 5064
90 91 8661
90 48 3001
90 94 764
90 83 1368
90 5 167
90 74 11350
90 6 8632
90 16 561
90 55 7456
90 10 5779
90 86 6810
90 17 2071
90 42 13126
90 65 7242
90 89 6883
90 56 11618
90 45 2169
90 52 14044
90 18 5868
90 11 10311
90 0 10030
90 22 6765
90 58 12274
90 31 14488
90 50 11307
90 75 7485
90 32 953
90 35 3523
90 12 4572
90 43 11558
90 39 10677
90 29 5268
90 76 4933
90 41 13884
90 3 8498
90 34 12932
90 24 13220
90 40 11391
90 9 13437
90 70 1647
90 26 7760
90 23 5561
90 4 12141
90 28 14670
90 98 6145
90 93 13868
90 73 14642
90 51 2804
90 1 1805
90 21 1915
90 36 7801
90 68 8187
90 33 7442
91 9 10281
91 48 8011
91 36 1467
91 40 1403
91 95 2984
91 54 7047
91 51 5151
91 0 12642
91 66 13311
91 78 6233
91 52 10478
91 80 5157
91 96 13953
91 63 11508
91 89 10508
91 68 14738
91 2 2114
91 17 2587
91 42 8314
91 90 7191
91 65 2508
91 62 11680
91 5 14694
91 32 9187
91 31 14397
91 30 6486
91 97 4121
91 10 6197
91 67 5139
91 4 10037
91 61 11189
91 29 4414
91 88 666
91 49 11836
91 21 14030
91 6 2311
91 8 2913
91 12 6468
91 92 3783
91 58 2574
91 45 8669
91 86 4712
91 7 2121
91 73 3697
91 34 7096
91 37 10574
91 41 1002
91 93 13111
91 75 11106
91 71 7733
91 35 10031
91 11 13717
92 97 8877
92 11 3690
92 98 4324
92 86 7767
92 31 13858
92 1 1326
92 22 13327
92 63 6023
92 21 2000
92 69 8973
92 76 4966
92 8 11719
92 12 2934
92 39 448
92 27 12706
92 55 1089
92 38 10069
92 14 10854
92 41 4870
92 66 10888
92 54 5247
92 56 7872
92 37 7381
92 4 9696
92 62 281
92 78 2887
92 53 3817
92 18 7236
92 19 5461
92 5 1305
92 49 4820
92 33 12601
92 7 13339
92 61 10218
92 23 9539
92 48 5494
92 99 240
92 88 7781
92 58 4967
92 35 5722
92 15 3184
92 51 3740
92 65 10971
92 2 6344
92 25 7264
92 42 1287
92 87 7924
92 70 5395
92 71 12287
92 84 13335
92 57 5599
92 52 5253
92 73 11967
92 34 5533
92 20 2245
92 46 4222
93 43 5080
93 2 14741
93 85 3359
93 63 7351
93 56 10731
93 50 285
93 88 3404
93 31 7357
93 27 7656
93 24 4344
93 0 13987
93 98 169
93 14 10996
93 22 13944
93 53 4655
93 84 332
93 96 11814
93 28 10868
93 75 11057
93 82 4899
93 37 2314
93 40 6976
93 89 11649
93 83 10703
93 92 8827
93 90 11589
93 58 9321
93 45 12650
93 29 12527
93 59 4701
93 64 408
93 52 3645
93 48 6034
93 20 3177
93 30 2493
93 60 10327
93 94 11517
93 54 5698
93 6 12461
93 79 11045
93 11 14456
93 26 13527
93 67 13219
93 32 9647
93 51 4412
93 21 7684
93 1 1795
93 4 7804
93 18 11728
93 74 7221
93 41 7150
93 73 1675
93 69 8042
93 10 12982
93 42 7039
94 57 10180
94 16 11564
94 90 2255
94 77 10333
94 52 9436
94 68 6044
94 36 3449
94 20 5949
94 17 11056
94 63 2244
94 40 12912
94 67 385
94 88 12157
94 31 5844
94 8 10605
94 14 13987
94 7 5593
94 23 3397
94 15 5647
94 47 6086
94 86 11293
94 49 2329
94 42 971
94 34 10859
94 79 11719
94 50 10044
94 84 13852
94 53 2005
94 91 14336
94 2 3779
94 73 7481
94 12 14787
94 24 7609
94 44 1028
94 22 6130
94 56 10636
94 48 12459
94 43 11238
94 29 3385
94 46 3197
94 99 5278
94 71 9280
94 97 10222
94 61 146
94 93 6481
94 98 12023
94 10 5284
94 32 1938
94 58 3496
94 85 14274
94 27 11940
94 21 344
94 3 5081
94 64 735
94 28 9894
94 60 10574
94 13 5387
94 62 7451
94 54 1076
94 5 4642
94 75 4642
94 55 9363
95 58 4219
95 46 991
95 52 7372
95 14 11200
95 19 10316
95 35 2929
95 79 11200
95 20 2480
95 74 6717
95 63 11938
95 97 2527
95 75 3132
95 78 687
95 60 9017
95 5 178
95 29 11049
95 33 8664
95 47 4854
95 15 6341
95 49 3844
95 21 7260
95 92 5317
95 93 10940
95 59 3023
95 23 4509
95 37 8330
95 43 8937
95 91 1434
95 18 14801
95 61 7822
95 7 12559
95 41 11399
95 0 13312
95 8 328
95 36 6083
95 13 12246
95 84 5433
95 40 5166
95 17 1160
95 72 1601
95 94 7928
95 62 7616
95 81 9510
95 90 7805
95 10 1112
95 96 9003
95 64 1150
95 83 7632
95 31 3503
95 80 2996
95 73 7949
95 45 5288
95 9 10875
95 57 1911
95 48 9007
95 26 10040
95 50 3046
95 89 5396
96 92 7079
96 1 4475
96 60 12335
96 44 3934
96 39 961
96 95 7986
96 78 718
96 18 11971
96 55 8261
96 19 9972
96 35 12868
96 24 12171
96 93 996
96 61 8477
96 45 14675
96 66 13567
96 53 11563
96 69 1458
96 88 5401
96 48 6287
96 71 5525
96 22 8081
96 13 5458
96 52 5267
96 87 3207
96 94 9712
96 36 9770
96 33 7379
96 51 14322
96 70 436
96 25 4915
96 21 1943
96 9 3202
96 89 3251
96 54 14402
96 91 1676
96 80 3096
96 20 2672
96 79 1644
96 11 3303
96 29 3451
96 32 1480
96 77 1212
96 17 8938
96 98 8685
96 73 363
96 62 4103
96 49 3488
96 41 4443
96 65 665
96 46 13478
96 58 1594
96 68 2028
97 10 8615
97 64 5762
97 9 14437
97 82 14600
97 89 9656
97 26 4065
97 87 9202
97 69 5733
97 80 14841
97 88 14177
97 46 451
97 96 3747
97 5 3899
97 91 2966
97 86 11282
97 77 12960
97 39 7065
97 62 3338
97 84 13711
97 73 9249
97 63 14102
97 49 480
97 29 707
97 21 10628
97 53 963
97 44 4950
97 6 2281
97 36 1876
97 52 8028
97 27 5681
97 33 1847
97 90 13259
97 57 10016
97 81 991
97 19 5079
97 17 4061
97 55 14163
97 13 10727
97 41 3134
97 38 10795
97 66 1920
97 22 7649
97 30 5013
97 74 10658
97 58 12828
97 15 11057
97 93 3736
97 1 11821
97 67 7619
97 68 1000
98 63 9718
98 34 11794
98 51 13525
98 56 7796
98 72 11447
98 46 8689
98 36 4976
98 29 8540
98 17 9321
98 95 6943
98 16 6997
98 93 2549
98 76 8169
98 64 503
98 79 210
98 90 13064
98 40 12565
98 52 7704
98 18 7552
98 37 4889
98 60 6170
98 80 8532
98 39 9354
98 87 13533
98 82 11724
98 32 490
98 85 4952
98 68 10799
98 15 5830
98 94 1596
98 66 2121
98 97 12303
98 70 1269
98 4 4021
98 20 1082
98 2 13178
98 71 9110
98 49 7710
98 67 8558
98 42 8257
98 59 2496
98 99 3845
98 41 7294
98 24 14326
98 92 8601
98 44 11525
98 69 8166
98 9 6102
98 45 6996
99 41 14813
99 54 8035
99 82 4032
99 66 13503
99 92 12961
99 34 12195
99 12 14566
99 68 14170
99 88 5061
99 60 126
99 26 10255
99 17 6680
99 84 2273
99 51 3517
99 62 1695
99 70 13472
99 45 421
99 0 14785
99 6 7369
99 77 9300
99 72 5725
99 48 13055
99 97 7801
99 4 9692
99 91 8513
99 18 9514
99 75 9083
99 20 12901
99 30 10447
99 65 13256
99 89 9978
99 79 1723
99 85 14304
99 39 1237
99 74 7293
99 31 4570
99 46 7102
99 87 4953
99 22 1567
99 69 8568
99 59 8751
99 5 9348
99 11 10846
99 28 1521
99 93 11497
99 40 14265
99 80 7250
99 7 5469
99 47 5200
79
