70 4830
0 1 12828
0 2 5430
0 3 5354
0 4 797
0 5 1968
0 6 4393
0 7 13832
0 8 1138
0 9 9796
0 10 2928
0 11 14259
0 12 6349
0 13 7803
0 14 5402
0 15 11495
0 16 12884
0 17 8034
0 18 11207
0 19 925
0 20 1096
0 21 9035
0 22 12289
0 23 1097
0 24 8700
0 25 12252
0 26 11316
0 27 3759
0 28 6134
0 29 11996
0 30 656
0 31 7687
0 32 11608
0 33 12521
0 34 11154
0 35 13642
0 36 10262
0 37 10000
0 38 1725
0 39 10781
0 40 8160
0 41 5470
0 42 5327
0 43 7737
0 44 2116
0 45 392
0 46 9908
0 47 688
0 48 8294
0 49 11091
0 50 10746
0 51 9780
0 52 5819
0 53 725
0 54 6941
0 55 1155
0 56 4779
0 57 6999
0 58 11829
0 59 11796
0 60 11826
0 61 14423
0 62 8935
0 63 13184
0 64 5161
0 65 1298
0 66 10284
0 67 616
0 68 6549
0 69 2927
1 0 12025
1 2 9378
1 3 3411
1 4 6056
1 5 9541
1 6 14072
1 7 14290
1 8 8205
1 9 4028
1 10 5659
1 11 10630
1 12 14428
1 13 5542
1 14 10606
1 15 8499
1 16 14006
1 17 14166
1 18 5540
1 19 9935
1 20 8502
1 21 10426
1 22 8143
1 23 10109
1 24 688
1 25 17
1 26 12432
1 27 5300
1 28 6931
1 29 7413
1 30 9497
1 31 211
1 32 3240
1 33 6836
1 34 10680
1 35 7395
1 36 12600
1 37 9371
1 38 11329
1 39 5756
1 40 8794
1 41 11260
1 42 4576
1 43 4470
1 44 2366
1 45 11630
1 46 11630
1 47 6595
1 48 4205
1 49 14250
1 50 8428
1 51 6014
1 52 12323
1 53 4194
1 54 11820
1 55 516
1 56 6151
1 57 14257
1 58 48
1 59 13858
1 60 14142
1 61 11596
1 62 1081
1 63 802
1 64 4019
1 65 11097
1 66 6944
1 67 14119
1 68 8085
1 69 578
2 0 7640
2 1 12313
2 3 5251
2 4 2865
2 5 2365
2 6 10419
2 7 3683
2 8 10099
2 9 6470
2 10 11162
2 11 1940
2 12 3407
2 13 1571
2 14 4552
2 15 11357
2 16 3728
2 17 6723
2 18 8207
2 19 5089
2 20 4703
2 21 3518
2 22 6408
2 23 13606
2 24 14267
2 25 9508
2 26 10036
2 27 13172
2 28 12885
2 29 8356
2 30 6442
2 31 6713
2 32 12792
2 33 145
2 34 10270
2 35 11156
2 36 3469
2 37 2620
2 38 4652
2 39 13815
2 40 12153
2 41 1392
2 42 4058
2 43 10100
2 44 485
2 45 5807
2 46 1651
2 47 13368
2 48 13503
2 49 7747
2 50 7345
2 51 6080
2 52 5440
2 53 3368
2 54 11626
2 55 9138
2 56 5795
2 57 12229
2 58 11699
2 59 10894
2 60 7651
2 61 11659
2 62 7443
2 63 11328
2 64 3749
2 65 3116
2 66 9174
2 67 6994
2 68 13690
2 69 13192
3 0 4331
3 1 810
3 2 1040
3 4 5305
3 5 11941
3 6 14183
3 7 6361
3 8 2081
3 9 3275
3 10 4854
3 11 4323
3 12 37
3 13 4219
3 14 7353
3 15 3236
3 16 515
3 17 10503
3 18 7456
3 19 13870
3 20 4692
3 21 779
3 22 6121
3 23 9690
3 24 11156
3 25 7061
3 26 7431
3 27 2129
3 28 1433
3 29 13013
3 30 4888
3 31 1733
3 32 12273
3 33 11644
3 34 3224
3 35 3700
3 36 2246
3 37 8332
3 38 5547
3 39 12868
3 40 8581
3 41 8292
3 42 4004
3 43 13029
3 44 3175
3 45 442
3 46 10690
3 47 7585
3 48 1133
3 49 4866
3 50 208
3 51 55
3 52 1016
3 53 13580
3 54 9403
3 55 10249
3 56 7860
3 57 4170
3 58 14251
3 59 5047
3 60 2117
3 61 6191
3 62 822
3 63 11200
3 64 1365
3 65 3801
3 66 11841
3 67 7127
3 68 9918
3 69 8053
4 0 5789
4 1 4778
4 2 12031
4 3 941
4 5 11116
4 6 9151
4 7 9099
4 8 7681
4 9 13542
4 10 11139
4 11 7130
4 12 8299
4 13 775
4 14 5508
4 15 11156
4 16 9984
4 17 8428
4 18 4075
4 19 13939
4 20 3125
4 21 9362
4 22 10520
4 23 2358
4 24 4505
4 25 2450
4 26 13533
4 27 8827
4 28 8698
4 29 4052
4 30 7123
4 31 6337
4 32 9060
4 33 10568
4 34 3015
4 35 13027
4 36 11457
4 37 8036
4 38 12095
4 39 7909
4 40 7948
4 41 8326
4 42 7704
4 43 10182
4 44 338
4 45 14293
4 46 7713
4 47 3841
4 48 1203
4 49 1027
4 50 6066
4 51 11151
4 52 522
4 53 5892
4 54 4532
4 55 5089
4 56 11299
4 57 7291
4 58 6373
4 59 9212
4 60 13029
4 61 14008
4 62 9699
4 63 11918
4 64 3590
4 65 2331
4 66 2246
4 67 10468
4 68 5459
4 69 14434
5 0 7257
5 1 10401
5 2 5515
5 3 6606
5 4 3895
5 6 2513
5 7 9272
5 8 4183
5 9 12327
5 10 8716
5 11 12877
5 12 4142
5 13 7014
5 14 3341
5 15 6483
5 16 4031
5 17 10463
5 18 8398
5 19 3850
5 20 308
5 21 18
5 22 2354
5 23 7302
5 24 12942
5 25 8431
5 26 11039
5 27 968
5 28 255
5 29 609
5 30 6824
5 31 13861
5 32 96
5 33 12734
5 34 12779
5 35 2911
5 36 6340
5 37 861
5 38 6702
5 39 11087
5 40 205
5 41 4186
5 42 -48
5 43 1538
5 44 4009
5 45 13658
5 46 10445
5 47 6348
5 48 12615
5 49 11726
5 50 9688
5 51 12582
5 52 7018
5 53 5577
5 54 -40
5 55 7108
5 56 1210
5 57 6761
5 58 2984
5 59 4163
5 60 8777
5 61 5022
5 62 5257
5 63 13950
5 64 9696
5 65 3917
5 66 11051
5 67 11018
5 68 3440
5 69 1659
6 0 8214
6 1 3817
6 2 13460
6 3 9631
6 4 5175
6 5 13001
6 7 3196
6 8 3298
6 9 3928
6 10 10404
6 11 2808
6 12 2235
6 13 3069
6 14 12867
6 15 8492
6 16 3985
6 17 8631
6 18 875
6 19 11352
6 20 11921
6 21 8351
6 22 11850
6 23 8165
6 24 7325
6 25 5561
6 26 10231
6 27 12676
6 28 3894
6 29 2245
6 30 109
6 31 13838
6 32 5220
6 33 8882
6 34 6767
6 35 13046
6 36 7158
6 37 4226
6 38 8129
6 39 3821
6 40 1631
6 41 5067
6 42 13881
6 43 11390
6 44 10583
6 45 2554
6 46 4974
6 47 1619
6 48 7710
6 49 9386
6 50 6155
6 51 10194
6 52 11923
6 53 9793
6 54 4771
6 55 5483
6 56 529
6 57 4671
6 58 5522
6 59 2771
6 60 12656
6 61 3640
6 62 1798
6 63 12631
6 64 966
6 65 11769
6 66 4780
6 67 8470
6 68 605
6 69 9098
7 0 10519
7 1 6671
7 2 6384
7 3 11983
7 4 10661
7 5 5851
7 6 521
7 8 11339
7 9 8155
7 10 7284
7 11 960
7 12 6999
7 13 4789
7 14 12039
7 15 12689
7 16 10077
7 17 4929
7 18 2194
7 19 3889
7 20 6145
7 21 9927
7 22 283
7 23 10353
7 24 11830
7 25 12149
7 26 1269
7 27 10515
7 28 6340
7 29 10750
7 30 622
7 31 10382
7 32 14204
7 33 10557
7 34 5122
7 35 13355
7 36 13035
7 37 405
7 38 14103
7 39 9368
7 40 8052
7 41 7507
7 42 8441
7 43 9518
7 44 7415
7 45 2553
7 46 11923
7 47 803
7 48 13412
7 49 11019
7 50 11962
7 51 14450
7 52 8875
7 53 8264
7 54 9835
7 55 14471
7 56 1176
7 57 8681
7 58 10534
7 59 3116
7 60 9537
7 61 8058
7 62 5535
7 63 10499
7 64 11997
7 65 3775
7 66 5447
7 67 7015
7 68 1395
7 69 3882
8 0 12666
8 1 9371
8 2 6947
8 3 5901
8 4 6592
8 5 9484
8 6 1621
8 7 3103
8 9 5969
8 10 4789
8 11 8607
8 12 5048
8 13 2519
8 14 651
8 15 7854
8 16 11884
8 17 3392
8 18 9481
8 19 10159
8 20 10023
8 21 5913
8 22 7640
8 23 7563
8 24 60
8 25 7856
8 26 6084
8 27 12063
8 28 13023
8 29 2902
8 30 2482
8 31 8957
8 32 3553
8 33 8590
8 34 4662
8 35 2088
8 36 2700
8 37 2743
8 38 6185
8 39 266
8 40 14483
8 41 12848
8 42 3715
8 43 11895
8 44 13871
8 45 6776
8 46 10030
8 47 13802
8 48 2378
8 49 8457
8 50 3732
8 51 1693
8 52 2471
8 53 13093
8 54 5712
8 55 9560
8 56 9183
8 57 10730
8 58 62
8 59 11615
8 60 7616
8 61 1990
8 62 7399
8 63 9326
8 64 12557
8 65 9317
8 66 13479
8 67 7826
8 68 12174
8 69 4533
9 0 732
9 1 12051
9 2 8760
9 3 7030
9 4 13355
9 5 4983
9 6 8475
9 7 5602
9 8 7528
9 10 10390
9 11 10990
9 12 7357
9 13 11926
9 14 11573
9 15 8689
9 16 158
9 17 3341
9 18 120
9 19 12184
9 20 10323
9 21 13333
9 22 6183
9 23 13214
9 24 8189
9 25 6072
9 26 7079
9 27 11594
9 28 8828
9 29 6553
9 30 4051
9 31 2841
9 32 31
9 33 6982
9 34 12832
9 35 4293
9 36 12437
9 37 2733
9 38 5140
9 39 7306
9 40 1923
9 41 12391
9 42 12901
9 43 12966
9 44 6734
9 45 11730
9 46 6339
9 47 12375
9 48 10638
9 49 9494
9 50 2353
9 51 7997
9 52 218
9 53 6571
9 54 2879
9 55 4716
9 56 6321
9 57 12072
9 58 5964
9 59 7425
9 60 903
9 61 8920
9 62 10647
9 63 5619
9 64 12895
9 65 4334
9 66 10187
9 67 14136
9 68 10685
9 69 4640
10 0 645
10 1 9746
10 2 13566
10 3 4857
10 4 5117
10 5 11246
10 6 6447
10 7 3841
10 8 5814
10 9 14473
10 11 5777
10 12 13541
10 13 2353
10 14 11713
10 15 6252
10 16 13102
10 17 801
10 18 12751
10 19 8934
10 20 12784
10 21 8297
10 22 4551
10 23 1499
10 24 1203
10 25 7056
10 26 12278
10 27 7716
10 28 5788
10 29 14285
10 30 5054
10 31 6966
10 32 12913
10 33 3622
10 34 3901
10 35 7057
10 36 6122
10 37 7730
10 38 5100
10 39 13207
10 40 9458
10 41 13666
10 42 12666
10 43 8836
10 44 6978
10 45 9438
10 46 10395
10 47 486
10 48 11642
10 49 2174
10 50 13879
10 51 11297
10 52 8913
10 53 3819
10 54 4953
10 55 10950
10 56 8945
10 57 10341
10 58 795
10 59 10137
10 60 7950
10 61 11758
10 62 12784
10 63 11752
10 64 5533
10 65 5180
10 66 9583
10 67 4175
10 68 3513
10 69 8617
11 0 12289
11 1 7296
11 2 2104
11 3 2458
11 4 1593
11 5 3057
11 6 9265
11 7 10528
11 8 9450
11 9 6411
11 10 3312
11 12 3717
11 13 7485
11 14 11868
11 15 8520
11 16 4834
11 17 5310
11 18 2468
11 19 7880
11 20 7946
11 21 12013
11 22 3895
11 23 5564
11 24 3175
11 25 900
11 26 2592
11 27 2272
11 28 9929
11 29 4768
11 30 12746
11 31 12488
11 32 3876
11 33 928
11 34 9891
11 35 2585
11 36 6
11 37 12839
11 38 12193
11 39 1774
11 40 9156
11 41 1093
11 42 1277
11 43 6102
11 44 12556
11 45 11692
11 46 5191
11 47 5845
11 48 11976
11 49 5442
11 50 4738
11 51 13965
11 52 9345
11 53 6973
11 54 3422
11 55 13332
11 56 6664
11 57 11381
11 58 2889
11 59 13127
11 60 1142
11 61 3756
11 62 13802
11 63 2920
11 64 4851
11 65 12127
11 66 12894
11 67 2416
11 68 1436
11 69 9236
12 0 5871
12 1 1353
12 2 11946
12 3 2733
12 4 6335
12 5 2618
12 6 1408
12 7 2765
12 8 4050
12 9 11465
12 10 1703
12 11 9413
12 13 -7
12 14 12062
12 15 4073
12 16 2216
12 17 2947
12 18 5773
12 19 12381
12 20 6063
12 21 10488
12 22 1988
12 23 1015
12 24 13550
12 25 1546
12 26 5259
12 27 14365
12 28 11079
12 29 408
12 30 8985
12 31 8206
12 32 7592
12 33 12941
12 34 5883
12 35 3385
12 36 13860
12 37 11518
12 38 9710
12 39 1061
12 40 11433
12 41 4142
12 42 1785
12 43 10171
12 44 257
12 45 303
12 46 -8
12 47 10010
12 48 7028
12 49 2914
12 50 1175
12 51 14235
12 52 14270
12 53 3680
12 54 13574
12 55 12319
12 56 9947
12 57 11495
12 58 12283
12 59 2609
12 60 9696
12 61 5889
12 62 11038
12 63 4567
12 64 5221
12 65 6040
12 66 8096
12 67 12450
12 68 4501
12 69 5845
13 0 11870
13 1 119
13 2 5200
13 3 10122
13 4 14249
13 5 4877
13 6 8107
13 7 70
13 8 3169
13 9 5410
13 10 4352
13 11 10624
13 12 2490
13 14 7828
13 15 6327
13 16 9308
13 17 11974
13 18 419
13 19 11310
13 20 1465
13 21 12879
13 22 281
13 23 12131
13 24 10675
13 25 9449
13 26 6133
13 27 13116
13 28 10657
13 29 12201
13 30 10449
13 31 -65
13 32 687
13 33 13273
13 34 4349
13 35 12428
13 36 4274
13 37 6735
13 38 3239
13 39 12147
13 40 9394
13 41 2608
13 42 5618
13 43 8500
13 44 553
13 45 7000
13 46 93
13 47 6831
13 48 12920
13 49 12908
13 50 2276
13 51 6265
13 52 9100
13 53 6149
13 54 814
13 55 3233
13 56 13165
13 57 9007
13 58 2337
13 59 5908
13 60 7703
13 61 1994
13 62 1380
13 63 2277
13 64 13044
13 65 3537
13 66 13247
13 67 13107
13 68 11000
13 69 12236
14 0 8771
14 1 8714
14 2 9190
14 3 11687
14 4 3303
14 5 3813
14 6 10381
14 7 10369
14 8 12353
14 9 4109
14 10 11195
14 11 8812
14 12 11029
14 13 340
14 15 11369
14 16 11756
14 17 7601
14 18 1939
14 19 7537
14 20 11349
14 21 2866
14 22 4056
14 23 9913
14 24 7696
14 25 8911
14 26 2174
14 27 13474
14 28 13851
14 29 4123
14 30 4880
14 31 5824
14 32 11271
14 33 12166
14 34 9509
14 35 6047
14 36 3823
14 37 13581
14 38 10647
14 39 6858
14 40 5015
14 41 10797
14 42 2847
14 43 6047
14 44 1496
14 45 11386
14 46 9053
14 47 1120
14 48 7701
14 49 6937
14 50 8046
14 51 3480
14 52 11836
14 53 3372
14 54 12411
14 55 7005
14 56 7094
14 57 1905
14 58 12200
14 59 2598
14 60 4594
14 61 4630
14 62 3279
14 63 1877
14 64 2690
14 65 3621
14 66 3277
14 67 8309
14 68 6925
14 69 7627
15 0 4232
15 1 11742
15 2 7066
15 3 4217
15 4 5752
15 5 8035
15 6 417
15 7 11786
15 8 509
15 9 12166
15 10 8849
15 11 4960
15 12 2976
15 13 4454
15 14 1218
15 16 6408
15 17 7795
15 18 14118
15 19 8057
15 20 13420
15 21 9830
15 22 5948
15 23 7125
15 24 10716
15 25 12525
15 26 9591
15 27 9036
15 28 5983
15 29 465
15 30 3907
15 31 10859
15 32 9375
15 33 7626
15 34 8484
15 35 3282
15 36 11760
15 37 269
15 38 13079
15 39 5903
15 40 8265
15 41 12508
15 42 13573
15 43 8060
15 44 4366
15 45 5649
15 46 4514
15 47 2378
15 48 5142
15 49 3191
15 50 11703
15 51 5066
15 52 7187
15 53 1923
15 54 11915
15 55 14000
15 56 14352
15 57 13806
15 58 11679
15 59 10263
15 60 14160
15 61 3807
15 62 13707
15 63 4363
15 64 10849
15 65 4479
15 66 56
15 67 14456
15 68 6504
15 69 5243
16 0 9850
16 1 8100
16 2 4765
16 3 12097
16 4 13669
16 5 4098
16 6 2931
16 7 14452
16 8 12238
16 9 7522
16 10 7117
16 11 11598
16 12 8190
16 13 7292
16 14 11003
16 15 1186
16 17 5313
16 18 10540
16 19 8620
16 20 9245
16 21 13744
16 22 12329
16 23 1445
16 24 13582
16 25 12075
16 26 5627
16 27 8036
16 28 6007
16 29 7452
16 30 2725
16 31 6125
16 32 4680
16 33 9198
16 34 1579
16 35 10638
16 36 2870
16 37 11863
16 38 12127
16 39 6032
16 40 13656
16 41 3709
16 42 8629
16 43 11456
16 44 2368
16 45 13974
16 46 2033
16 47 2758
16 48 3267
16 49 8411
16 50 11733
16 51 4030
16 52 12863
16 53 416
16 54 2747
16 55 3113
16 56 254
16 57 7388
16 58 11837
16 59 12182
16 60 8660
16 61 10625
16 62 11151
16 63 11440
16 64 658
16 65 10377
16 66 13675
16 67 3470
16 68 12006
16 69 13114
17 0 10399
17 1 7000
17 2 14449
17 3 1413
17 4 8519
17 5 12515
17 6 13536
17 7 11526
17 8 7862
17 9 11951
17 10 5106
17 11 14308
17 12 419
17 13 5279
17 14 7571
17 15 13020
17 16 1351
17 18 13847
17 19 101
17 20 4340
17 21 3847
17 22 3520
17 23 11979
17 24 1044
17 25 11735
17 26 2088
17 27 13942
17 28 12538
17 29 3316
17 30 7553
17 31 6049
17 32 11178
17 33 9691
17 34 10134
17 35 12269
17 36 13126
17 37 1418
17 38 11929
17 39 5181
17 40 3301
17 41 1448
17 42 4767
17 43 6544
17 44 121
17 45 2802
17 46 6874
17 47 7089
17 48 14140
17 49 8558
17 50 11948
17 51 13297
17 52 7937
17 53 8531
17 54 4756
17 55 12325
17 56 9753
17 57 4497
17 58 8107
17 59 1067
17 60 1963
17 61 13699
17 62 2946
17 63 12411
17 64 11935
17 65 12753
17 66 4429
17 67 5160
17 68 3128
17 69 990
18 0 4602
18 1 9687
18 2 5494
18 3 10880
18 4 1652
18 5 2498
18 6 13317
18 7 5423
18 8 10517
18 9 9787
18 10 3497
18 11 796
18 12 11381
18 13 3200
18 14 10235
18 15 10717
18 16 13068
18 17 54
18 19 13344
18 20 2972
18 21 4239
18 22 2100
18 23 12748
18 24 13513
18 25 6330
18 26 10763
18 27 12818
18 28 3674
18 29 3958
18 30 12031
18 31 8057
18 32 11330
18 33 11476
18 34 3983
18 35 8779
18 36 9167
18 37 10794
18 38 9478
18 39 9462
18 40 3848
18 41 4181
18 42 5369
18 43 13891
18 44 9114
18 45 10912
18 46 13300
18 47 1876
18 48 598
18 49 12524
18 50 12139
18 51 3654
18 52 10124
18 53 14011
18 54 11481
18 55 11190
18 56 3889
18 57 4842
18 58 224
18 59 3908
18 60 7752
18 61 13338
18 62 1897
18 63 7020
18 64 10303
18 65 12044
18 66 8017
18 67 6021
18 68 13458
18 69 8084
19 0 5702
19 1 14130
19 2 9951
19 3 10617
19 4 4754
19 5 4742
19 6 2771
19 7 5108
19 8 232
19 9 7030
19 10 2645
19 11 13106
19 12 2049
19 13 14416
19 14 7517
19 15 13367
19 16 8718
19 17 9633
19 18 2882
19 20 6687
19 21 3529
19 22 476
19 23 6938
19 24 12267
19 25 8726
19 26 12039
19 27 6729
19 28 10449
19 29 10174
19 30 7009
19 31 5547
19 32 11178
19 33 6561
19 34 9242
19 35 3909
19 36 3270
19 37 7272
19 38 5225
19 39 6246
19 40 9813
19 41 9055
19 42 1278
19 43 11587
19 44 4241
19 45 12661
19 46 7514
19 47 14188
19 48 7839
19 49 9694
19 50 957
19 51 4625
19 52 14431
19 53 9035
19 54 2807
19 55 1510
19 56 5883
19 57 7256
19 58 3080
19 59 3522
19 60 10224
19 61 10451
19 62 13270
19 63 3830
19 64 12426
19 65 3664
19 66 2922
19 67 10429
19 68 11760
19 69 5827
20 0 6923
20 1 4891
20 2 13632
20 3 366
20 4 6444
20 5 7787
20 6 14446
20 7 1920
20 8 8778
20 9 13226
20 10 11925
20 11 1135
20 12 4968
20 13 12879
20 14 6657
20 15 11321
20 16 565
20 17 7677
20 18 923
20 19 3580
20 21 2565
20 22 5227
20 23 2658
20 24 5704
20 25 13208
20 26 8129
20 27 2048
20 28 13574
20 29 14320
20 30 7446
20 31 5720
20 32 2738
20 33 11307
20 34 7703
20 35 9817
20 36 4821
20 37 1154
20 38 81
20 39 10095
20 40 1216
20 41 13731
20 42 1650
20 43 7570
20 44 7366
20 45 11189
20 46 11364
20 47 13784
20 48 13606
20 49 7402
20 50 12648
20 51 12300
20 52 1277
20 53 6267
20 54 14079
20 55 3060
20 56 10962
20 57 4519
20 58 7484
20 59 4152
20 60 3476
20 61 1300
20 62 49
20 63 4050
20 64 4533
20 65 8806
20 66 7149
20 67 6422
20 68 13904
20 69 9497
21 0 11575
21 1 3092
21 2 1009
21 3 2489
21 4 9622
21 5 10883
21 6 3695
21 7 12209
21 8 7019
21 9 10057
21 10 8277
21 11 13369
21 12 7019
21 13 7314
21 14 7765
21 15 1475
21 16 10187
21 17 9538
21 18 3616
21 19 6982
21 20 11117
21 22 2536
21 23 1875
21 24 1668
21 25 6651
21 26 7630
21 27 5648
21 28 13724
21 29 8605
21 30 1340
21 31 12740
21 32 5920
21 33 7292
21 34 6850
21 35 8843
21 36 7826
21 37 6891
21 38 3048
21 39 10967
21 40 12521
21 41 1347
21 42 5315
21 43 7860
21 44 6182
21 45 1889
21 46 3407
21 47 5331
21 48 12309
21 49 8995
21 50 6131
21 51 7983
21 52 13275
21 53 2443
21 54 6878
21 55 6700
21 56 9130
21 57 1981
21 58 13217
21 59 979
21 60 3627
21 61 14037
21 62 874
21 63 4799
21 64 13849
21 65 9681
21 66 2744
21 67 10806
21 68 8181
21 69 13630
22 0 13768
22 1 1552
22 2 12163
22 3 4780
22 4 4287
22 5 2760
22 6 10431
22 7 4166
22 8 2747
22 9 4820
22 10 6142
22 11 1827
22 12 1387
22 13 11901
22 14 7107
22 15 11955
22 16 3521
22 17 7776
22 18 10303
22 19 2116
22 20 7785
22 21 2583
22 23 12350
22 24 6875
22 25 2356
22 26 14231
22 27 2354
22 28 13078
22 29 4758
22 30 10597
22 31 6503
22 32 5590
22 33 13717
22 34 14122
22 35 11119
22 36 13278
22 37 7965
22 38 11503
22 39 7767
22 40 1416
22 41 8699
22 42 10835
22 43 3568
22 44 4497
22 45 3222
22 46 3243
22 47 4516
22 48 2092
22 49 4851
22 50 12365
22 51 13360
22 52 9379
22 53 7700
22 54 675
22 55 2787
22 56 7485
22 57 12902
22 58 892
22 59 1872
22 60 9644
22 61 2718
22 62 410
22 63 12541
22 64 5538
22 65 4410
22 66 11156
22 67 2063
22 68 9132
22 69 10734
23 0 12372
23 1 7436
23 2 2515
23 3 267
23 4 5094
23 5 682
23 6 5609
23 7 10965
23 8 1633
23 9 1041
23 10 9571
23 11 12468
23 12 10439
23 13 784
23 14 2435
23 15 12185
23 16 3155
23 17 12273
23 18 4200
23 19 9620
23 20 11305
23 21 6877
23 22 4410
23 24 461
23 25 1993
23 26 1118
23 27 7698
23 28 14096
23 29 7785
23 30 4470
23 31 5396
23 32 12342
23 33 1389
23 34 12995
23 35 5614
23 36 13982
23 37 363
23 38 7693
23 39 211
23 40 8758
23 41 14393
23 42 10897
23 43 7095
23 44 9353
23 45 13744
23 46 13574
23 47 11401
23 48 2462
23 49 6887
23 50 10640
23 51 13186
23 52 14017
23 53 1567
23 54 13048
23 55 915
23 56 6830
23 57 13162
23 58 4899
23 59 10926
23 60 542
23 61 5144
23 62 8643
23 63 11388
23 64 7293
23 65 2024
23 66 4299
23 67 2322
23 68 3108
23 69 414
24 0 10710
24 1 2304
24 2 7508
24 3 9488
24 4 5107
24 5 5689
24 6 3622
24 7 9609
24 8 13853
24 9 2953
24 10 13778
24 11 10745
24 12 7858
24 13 13047
24 14 7329
24 15 6143
24 16 13743
24 17 13583
24 18 1707
24 19 12926
24 20 1784
24 21 872
24 22 1487
24 23 298
24 25 6694
24 26 11688
24 27 11272
24 28 7493
24 29 967
24 30 9293
24 31 10572
24 32 14322
24 33 2995
24 34 13637
24 35 13398
24 36 6539
24 37 2006
24 38 2417
24 39 5159
24 40 2509
24 41 14370
24 42 11286
24 43 12949
24 44 11280
24 45 6760
24 46 2094
24 47 11076
24 48 3447
24 49 7317
24 50 7604
24 51 11328
24 52 13606
24 53 12453
24 54 6285
24 55 103
24 56 10834
24 57 5342
24 58 5070
24 59 2350
24 60 3602
24 61 4102
24 62 11803
24 63 13904
24 64 10024
24 65 9757
24 66 1722
24 67 1124
24 68 14431
24 69 3935
25 0 4991
25 1 4315
25 2 9804
25 3 8606
25 4 13224
25 5 12707
25 6 8352
25 7 10974
25 8 11788
25 9 12970
25 10 1015
25 11 4897
25 12 5455
25 13 12619
25 14 2577
25 15 5933
25 16 10917
25 17 11891
25 18 11602
25 19 10890
25 20 12869
25 21 4080
25 22 542
25 23 4624
25 24 4659
25 26 7372
25 27 7357
25 28 7477
25 29 6129
25 30 11462
25 31 12399
25 32 4141
25 33 12060
25 34 5446
25 35 2374
25 36 2721
25 37 2631
25 38 12019
25 39 13393
25 40 12069
25 41 11537
25 42 1245
25 43 5679
25 44 -55
25 45 2197
25 46 8859
25 47 600
25 48 4960
25 49 500
25 50 6795
25 51 9345
25 52 5739
25 53 7783
25 54 11387
25 55 5762
25 56 5669
25 57 927
25 58 11065
25 59 9880
25 60 3850
25 61 6256
25 62 2240
25 63 7849
25 64 8827
25 65 12491
25 66 9615
25 67 13140
25 68 -6
25 69 4408
26 0 13273
26 1 1650
26 2 5591
26 3 1739
26 4 2528
26 5 4963
26 6 2648
26 7 1197
26 8 5790
26 9 12281
26 10 4861
26 11 13985
26 12 14361
26 13 13848
26 14 11378
26 15 757
26 16 7896
26 17 1253
26 18 13733
26 19 8438
26 20 4177
26 21 4339
26 22 3714
26 23 8923
26 24 14341
26 25 4813
26 27 14310
26 28 2954
26 29 9788
26 30 12319
26 31 7934
26 32 13409
26 33 6816
26 34 6010
26 35 14259
26 36 3161
26 37 9754
26 38 6485
26 39 7442
26 40 5012
26 41 4339
26 42 2697
26 43 6122
26 44 14249
26 45 6837
26 46 13518
26 47 4582
26 48 7879
26 49 9179
26 50 9179
26 51 6244
26 52 3247
26 53 3194
26 54 9558
26 55 2179
26 56 2210
26 57 2105
26 58 2218
26 59 4092
26 60 5373
26 61 852
26 62 5952
26 63 10399
26 64 6377
26 65 9303
26 66 6182
26 67 11721
26 68 3992
26 69 2158
27 0 10402
27 1 2526
27 2 10690
27 3 4276
27 4 9633
27 5 11961
27 6 13823
27 7 14053
27 8 11058
27 9 3044
27 10 2639
27 11 11444
27 12 6718
27 13 13100
27 14 9259
27 15 3288
27 16 3127
27 17 2434
27 18 10512
27 19 7636
27 20 12389
27 21 13475
27 22 2185
27 23 7666
27 24 492
27 25 1083
27 26 5106
27 28 12361
27 29 3877
27 30 284
27 31 12980
27 32 4904
27 33 13896
27 34 11938
27 35 9253
27 36 13196
27 37 4548
27 38 10537
27 39 8582
27 40 13936
27 41 10500
27 42 3824
27 43 6104
27 44 6025
27 45 7732
27 46 2866
27 47 8612
27 48 10396
27 49 817
27 50 705
27 51 11413
27 52 9007
27 53 12693
27 54 699
27 55 11500
27 56 3506
27 57 3859
27 58 5119
27 59 323
27 60 13274
27 61 10122
27 62 7995
27 63 4882
27 64 8357
27 65 9811
27 66 2925
27 67 13417
27 68 8310
27 69 9005
28 0 2613
28 1 2178
28 2 1014
28 3 1924
28 4 2236
28 5 9260
28 6 3309
28 7 13974
28 8 3143
28 9 8253
28 10 12761
28 11 12821
28 12 204
28 13 10510
28 14 4322
28 15 6999
28 16 5440
28 17 8401
28 18 -28
28 19 6237
28 20 11005
28 21 10672
28 22 2867
28 23 3197
28 24 13199
28 25 3613
28 26 13235
28 27 -36
28 29 5084
28 30 14170
28 31 4670
28 32 8034
28 33 1236
28 34 753
28 35 10581
28 36 14184
28 37 3877
28 38 11573
28 39 2907
28 40 5196
28 41 5087
28 42 6793
28 43 9265
28 44 12328
28 45 7910
28 46 2641
28 47 9164
28 48 594
28 49 6020
28 50 10493
28 51 1973
28 52 11231
28 53 2968
28 54 8151
28 55 10221
28 56 2193
28 57 5937
28 58 5285
28 59 11114
28 60 9742
28 61 841
28 62 10486
28 63 9682
28 64 6267
28 65 4978
28 66 2959
28 67 11952
28 68 5727
28 69 11576
29 0 10290
29 1 11461
29 2 4263
29 3 8785
29 4 4647
29 5 12213
29 6 1215
29 7 9083
29 8 6074
29 9 5734
29 10 9734
29 11 13466
29 12 670
29 13 13742
29 14 8647
29 15 9825
29 16 8630
29 17 767
29 18 8418
29 19 8578
29 20 7107
29 21 1572
29 22 3785
29 23 4774
29 24 10238
29 25 13478
29 26 365
29 27 10480
29 28 153
29 30 7762
29 31 5729
29 32 10555
29 33 8385
29 34 9976
29 35 440
29 36 561
29 37 12849
29 38 11576
29 39 4506
29 40 3206
29 41 4017
29 42 6046
29 43 4216
29 44 8121
29 45 3428
29 46 5451
29 47 1712
29 48 10009
29 49 4694
29 50 8023
29 51 6128
29 52 5911
29 53 9812
29 54 8064
29 55 2382
29 56 3343
29 57 3114
29 58 11081
29 59 1280
29 60 12701
29 61 6446
29 62 4348
29 63 10223
29 64 13306
29 65 8780
29 66 8654
29 67 11453
29 68 10963
29 69 12949
30 0 10544
30 1 2794
30 2 12763
30 3 9557
30 4 2818
30 5 12815
30 6 11499
30 7 1708
30 8 6958
30 9 11222
30 10 7105
30 11 14327
30 12 6967
30 13 933
30 14 6436
30 15 3365
30 16 5951
30 17 2131
30 18 7793
30 19 5961
30 20 5652
30 21 13171
30 22 6036
30 23 6997
30 24 4637
30 25 7357
30 26 10233
30 27 12090
30 28 14108
30 29 12741
30 31 2195
30 32 5988
30 33 1769
30 34 4184
30 35 11509
30 36 13979
30 37 8049
30 38 5661
30 39 10013
30 40 1272
30 41 9045
30 42 4389
30 43 8264
30 44 6723
30 45 7898
30 46 7329
30 47 12460
30 48 7602
30 49 6463
30 50 11716
30 51 2557
30 52 8747
30 53 14034
30 54 3755
30 55 726
30 56 7689
30 57 9726
30 58 8080
30 59 9481
30 60 353
30 61 414
30 62 7552
30 63 11768
30 64 9359
30 65 6070
30 66 3511
30 67 1553
30 68 25
30 69 10728
31 0 4170
31 1 5659
31 2 6695
31 3 1505
31 4 11206
31 5 9662
31 6 9531
31 7 5036
31 8 2548
31 9 12209
31 10 7074
31 11 11545
31 12 1576
31 13 12018
31 14 3353
31 15 12282
31 16 426
31 17 8963
31 18 7597
31 19 9097
31 20 1750
31 21 12426
31 22 8895
31 23 13393
31 24 8766
31 25 167
31 26 4686
31 27 843
31 28 1327
31 29 -19
31 30 9794
31 32 6994
31 33 3223
31 34 2908
31 35 8011
31 36 11328
31 37 4957
31 38 11700
31 39 14196
31 40 6140
31 41 9703
31 42 4828
31 43 2966
31 44 2076
31 45 13843
31 46 9260
31 47 5033
31 48 6450
31 49 12707
31 50 9633
31 51 9996
31 52 12573
31 53 9173
31 54 12983
31 55 10702
31 56 7006
31 57 3517
31 58 9076
31 59 10208
31 60 3561
31 61 10533
31 62 333
31 63 11519
31 64 200
31 65 8640
31 66 2633
31 67 6002
31 68 14168
31 69 597
32 0 7224
32 1 8297
32 2 2032
32 3 3299
32 4 7711
32 5 9858
32 6 2252
32 7 7720
32 8 7587
32 9 9346
32 10 3572
32 11 3122
32 12 8037
32 13 12519
32 14 -32
32 15 8102
32 16 3340
32 17 12025
32 18 11108
32 19 11588
32 20 12648
32 21 2039
32 22 460
32 23 11499
32 24 13353
32 25 12865
32 26 4598
32 27 6433
32 28 9492
32 29 7698
32 30 13332
32 31 10185
32 33 5917
32 34 4580
32 35 13096
32 36 12384
32 37 991
32 38 14185
32 39 8546
32 40 11135
32 41 2173
32 42 4567
32 43 8519
32 44 9094
32 45 12163
32 46 11919
32 47 -27
32 48 13389
32 49 6133
32 50 10401
32 51 4650
32 52 3756
32 53 5288
32 54 13505
32 55 3392
32 56 4241
32 57 13962
32 58 8716
32 59 848
32 60 10680
32 61 13482
32 62 5431
32 63 12125
32 64 4180
32 65 13681
32 66 7004
32 67 6065
32 68 14250
32 69 617
33 0 14143
33 1 7201
33 2 8997
33 3 10656
33 4 10817
33 5 6933
33 6 3613
33 7 3921
33 8 2618
33 9 7992
33 10 1296
33 11 4173
33 12 13506
33 13 5562
33 14 6884
33 15 189
33 16 5346
33 17 11104
33 18 12545
33 19 11352
33 20 3028
33 21 11551
33 22 6433
33 23 3551
33 24 1227
33 25 6910
33 26 3241
33 27 3843
33 28 10889
33 29 9619
33 30 2692
33 31 2317
33 32 10053
33 34 8582
33 35 6199
33 36 14121
33 37 7553
33 38 9437
33 39 9656
33 40 1348
33 41 2163
33 42 13708
33 43 14110
33 44 13081
33 45 12967
33 46 10272
33 47 3879
33 48 2903
33 49 11014
33 50 11397
33 51 7105
33 52 4306
33 53 6103
33 54 6013
33 55 2790
33 56 14292
33 57 14280
33 58 10581
33 59 4335
33 60 14258
33 61 8116
33 62 13743
33 63 96
33 64 10989
33 65 5363
33 66 12694
33 67 5671
33 68 265
33 69 8856
34 0 3151
34 1 12591
34 2 14151
34 3 1705
34 4 6
34 5 8989
34 6 7663
34 7 4826
34 8 493
34 9 3186
34 10 11009
34 11 3986
34 12 10124
34 13 11493
34 14 13675
34 15 1511
34 16 6629
34 17 14126
34 18 12466
34 19 618
34 20 10677
34 21 11932
34 22 69
34 23 12925
34 24 10033
34 25 10114
34 26 9758
34 27 13546
34 28 3650
34 29 3926
34 30 1726
34 31 7880
34 32 53
34 33 8557
34 35 5853
34 36 1082
34 37 570
34 38 2471
34 39 6343
34 40 4662
34 41 3837
34 42 12806
34 43 2983
34 44 689
34 45 8377
34 46 3831
34 47 3797
34 48 448
34 49 1743
34 50 12980
34 51 3233
34 52 3212
34 53 11177
34 54 8400
34 55 3965
34 56 14438
34 57 12218
34 58 9353
34 59 5745
34 60 6655
34 61 2802
34 62 5199
34 63 11210
34 64 8022
34 65 12075
34 66 9647
34 67 11710
34 68 1334
34 69 8795
35 0 10937
35 1 8840
35 2 11355
35 3 2821
35 4 13895
35 5 2605
35 6 2242
35 7 12637
35 8 9042
35 9 7899
35 10 5482
35 11 4803
35 12 1238
35 13 5380
35 14 13687
35 15 7640
35 16 9373
35 17 2281
35 18 588
35 19 10989
35 20 10487
35 21 7223
35 22 13921
35 23 5497
35 24 1684
35 25 1949
35 26 2005
35 27 4709
35 28 11578
35 29 6430
35 30 10630
35 31 7897
35 32 2810
35 33 6080
35 34 1717
35 36 6028
35 37 1671
35 38 8100
35 39 9211
35 40 8991
35 41 8699
35 42 9589
35 43 10590
35 44 6209
35 45 1247
35 46 6823
35 47 6883
35 48 3544
35 49 2912
35 50 9913
35 51 544
35 52 -20
35 53 8614
35 54 7889
35 55 9901
35 56 2540
35 57 11093
35 58 13086
35 59 5490
35 60 9081
35 61 11443
35 62 1435
35 63 3327
35 64 141
35 65 2956
35 66 7987
35 67 9744
35 68 11467
35 69 8287
36 0 12713
36 1 14158
36 2 11335
36 3 1663
36 4 5306
36 5 10893
36 6 873
36 7 12385
36 8 5341
36 9 11265
36 10 10848
36 11 13979
36 12 12201
36 13 12403
36 14 751
36 15 3777
36 16 4213
36 17 10834
36 18 11432
36 19 2772
36 20 11026
36 21 2650
36 22 6395
36 23 2693
36 24 9955
36 25 8522
36 26 11913
36 27 2886
36 28 7124
36 29 13747
36 30 10172
36 31 10020
36 32 4191
36 33 6278
36 34 5145
36 35 4329
36 37 7966
36 38 14124
36 39 4072
36 40 2049
36 41 12852
36 42 3519
36 43 3628
36 44 13217
36 45 1978
36 46 8499
36 47 11216
36 48 11549
36 49 887
36 50 7466
36 51 5541
36 52 3079
36 53 9184
36 54 10361
36 55 36
36 56 7809
36 57 13108
36 58 10260
36 59 12098
36 60 3243
36 61 13202
36 62 10360
36 63 5640
36 64 604
36 65 14083
36 66 3071
36 67 7396
36 68 6893
36 69 9815
37 0 9431
37 1 8575
37 2 12185
37 3 5802
37 4 5127
37 5 13651
37 6 13453
37 7 13407
37 8 10158
37 9 2668
37 10 13304
37 11 12065
37 12 1484
37 13 3552
37 14 5299
37 15 2567
37 16 6094
37 17 9051
37 18 8611
37 19 2408
37 20 10218
37 21 12320
37 22 6593
37 23 11200
37 24 4012
37 25 4084
37 26 1809
37 27 12153
37 28 9274
37 29 10071
37 30 12930
37 31 11533
37 32 6629
37 33 6801
37 34 9894
37 35 13628
37 36 1526
37 38 3908
37 39 13454
37 40 3266
37 41 7049
37 42 10119
37 43 7995
37 44 7377
37 45 6427
37 46 6757
37 47 11844
37 48 10543
37 49 2143
37 50 3453
37 51 9996
37 52 765
37 53 11527
37 54 11666
37 55 7601
37 56 5946
37 57 10020
37 58 10611
37 59 6475
37 60 11133
37 61 7830
37 62 4788
37 63 3586
37 64 11486
37 65 11160
37 66 2724
37 67 11791
37 68 83
37 69 4741
38 0 10737
38 1 10177
38 2 5792
38 3 286
38 4 13080
38 5 10006
38 6 7774
38 7 14158
38 8 5507
38 9 2212
38 10 9179
38 11 13815
38 12 8003
38 13 9732
38 14 12867
38 15 1742
38 16 1964
38 17 4884
38 18 2482
38 19 13211
38 20 383
38 21 7307
38 22 11183
38 23 6378
38 24 1339
38 25 8008
38 26 12539
38 27 12879
38 28 8444
38 29 6977
38 30 6472
38 31 1977
38 32 10720
38 33 765
38 34 4452
38 35 14221
38 36 14137
38 37 11300
38 39 13967
38 40 3839
38 41 7134
38 42 1866
38 43 10729
38 44 5089
38 45 5651
38 46 10074
38 47 11497
38 48 7383
38 49 7518
38 50 10237
38 51 7935
38 52 14210
38 53 2653
38 54 6517
38 55 6363
38 56 6350
38 57 12478
38 58 1621
38 59 4533
38 60 9738
38 61 221
38 62 7927
38 63 806
38 64 13571
38 65 2866
38 66 631
38 67 540
38 68 14192
38 69 10233
39 0 8837
39 1 4870
39 2 1004
39 3 9169
39 4 10105
39 5 8799
39 6 3995
39 7 6867
39 8 11549
39 9 6974
39 10 14174
39 11 4524
39 12 4896
39 13 1780
39 14 7681
39 15 5028
39 16 5525
39 17 12382
39 18 13820
39 19 11035
39 20 4892
39 21 11987
39 22 2770
39 23 14482
39 24 9534
39 25 735
39 26 7106
39 27 10865
39 28 1771
39 29 12011
39 30 3983
39 31 11134
39 32 13286
39 33 14406
39 34 7403
39 35 535
39 36 10179
39 37 13100
39 38 8716
39 40 13344
39 41 689
39 42 13639
39 43 2821
39 44 11260
39 45 2427
39 46 11654
39 47 12727
39 48 1785
39 49 4459
39 50 14264
39 51 7441
39 52 7843
39 53 415
39 54 4710
39 55 6279
39 56 1890
39 57 7566
39 58 2643
39 59 5789
39 60 11589
39 61 13204
39 62 2607
39 63 3904
39 64 1439
39 65 5010
39 66 13368
39 67 2304
39 68 11605
39 69 6079
40 0 6306
40 1 10709
40 2 1872
40 3 6669
40 4 12627
40 5 5616
40 6 11848
40 7 2477
40 8 14303
40 9 11120
40 10 13056
40 11 6009
40 12 4742
40 13 11824
40 14 11429
40 15 8909
40 16 892
40 17 12084
40 18 12841
40 19 3041
40 20 7910
40 21 8039
40 22 5211
40 23 5937
40 24 11373
40 25 2664
40 26 5291
40 27 8851
40 28 5275
40 29 9881
40 30 3822
40 31 10788
40 32 5705
40 33 6416
40 34 4910
40 35 13916
40 36 2513
40 37 4976
40 38 1312
40 39 5774
40 41 12255
40 42 8863
40 43 1325
40 44 8685
40 45 12615
40 46 9698
40 47 13273
40 48 6553
40 49 1461
40 50 10965
40 51 -32
40 52 5421
40 53 10504
40 54 13893
40 55 8825
40 56 802
40 57 14436
40 58 6404
40 59 6428
40 60 2045
40 61 11249
40 62 7516
40 63 6714
40 64 6165
40 65 3498
40 66 13568
40 67 6909
40 68 12917
40 69 1940
41 0 7545
41 1 2326
41 2 3204
41 3 471
41 4 3207
41 5 12248
41 6 96
41 7 10644
41 8 4467
41 9 1791
41 10 6335
41 11 1114
41 12 8781
41 13 11877
41 14 5484
41 15 960
41 16 7745
41 17 8610
41 18 2112
41 19 4143
41 20 4543
41 21 13798
41 22 3722
41 23 4848
41 24 10453
41 25 8602
41 26 10074
41 27 8232
41 28 6256
41 29 1863
41 30 6757
41 31 8495
41 32 463
41 33 13415
41 34 2801
41 35 13024
41 36 5462
41 37 8294
41 38 1384
41 39 14450
41 40 8642
41 42 8030
41 43 9718
41 44 11371
41 45 6419
41 46 14055
41 47 7796
41 48 9294
41 49 10975
41 50 1521
41 51 10658
41 52 13021
41 53 5970
41 54 13620
41 55 3762
41 56 41
41 57 2255
41 58 7001
41 59 9536
41 60 4776
41 61 9614
41 62 897
41 63 9119
41 64 6714
41 65 14263
41 66 10170
41 67 3551
41 68 3662
41 69 7479
42 0 2558
42 1 10358
42 2 12967
42 3 9687
42 4 8525
42 5 11875
42 6 4341
42 7 9252
42 8 647
42 9 967
42 10 4327
42 11 9217
42 12 1320
42 13 5313
42 14 12328
42 15 4070
42 16 8802
42 17 6095
42 18 5144
42 19 5361
42 20 11983
42 21 13453
42 22 14381
42 23 8324
42 24 11169
42 25 9432
42 26 5623
42 27 10465
42 28 3760
42 29 137
42 30 3977
42 31 4880
42 32 947
42 33 2873
42 34 7333
42 35 12889
42 36 1225
42 37 6163
42 38 11955
42 39 6150
42 40 1170
42 41 13698
42 43 2754
42 44 11598
42 45 2080
42 46 6875
42 47 5570
42 48 4797
42 49 8472
42 50 7512
42 51 2373
42 52 1959
42 53 840
42 54 3480
42 55 9648
42 56 2635
42 57 2032
42 58 9561
42 59 1790
42 60 2222
42 61 2193
42 62 11377
42 63 9092
42 64 10513
42 65 7307
42 66 7331
42 67 4377
42 68 885
42 69 3669
43 0 13476
43 1 5115
43 2 10182
43 3 11123
43 4 8937
43 5 5136
43 6 8078
43 7 1052
43 8 11820
43 9 7517
43 10 8019
43 11 4062
43 12 7648
43 13 10078
43 14 14132
43 15 9570
43 16 9215
43 17 2140
43 18 8422
43 19 1481
43 20 186
43 21 9718
43 22 9903
43 23 8828
43 24 6867
43 25 13254
43 26 572
43 27 10302
43 28 14452
43 29 8383
43 30 9057
43 31 81
43 32 11016
43 33 5490
43 34 6373
43 35 5947
43 36 2037
43 37 4677
43 38 6038
43 39 7917
43 40 5468
43 41 10703
43 42 4013
43 44 6528
43 45 5983
43 46 10763
43 47 3296
43 48 6946
43 49 1589
43 50 3620
43 51 2474
43 52 3379
43 53 1931
43 54 12076
43 55 12563
43 56 4097
43 57 12429
43 58 137
43 59 4759
43 60 13915
43 61 109
43 62 4137
43 63 6392
43 64 14257
43 65 7731
43 66 7824
43 67 7025
43 68 10702
43 69 161
44 0 6594
44 1 2493
44 2 4378
44 3 1489
44 4 3967
44 5 4291
44 6 11914
44 7 6410
44 8 12980
44 9 11987
44 10 13866
44 11 14228
44 12 13545
44 13 5824
44 14 13928
44 15 1999
44 16 12242
44 17 11010
44 18 9213
44 19 13997
44 20 7104
44 21 11293
44 22 12592
44 23 13591
44 24 7429
44 25 11121
44 26 3712
44 27 12672
44 28 8598
44 29 1813
44 30 6261
44 31 12983
44 32 6141
44 33 6177
44 34 9779
44 35 10243
44 36 13757
44 37 6786
44 38 12310
44 39 8650
44 40 7409
44 41 14484
44 42 10435
44 43 13600
44 45 7799
44 46 606
44 47 8616
44 48 12344
44 49 5597
44 50 6865
44 51 659
44 52 9838
44 53 12696
44 54 11590
44 55 3313
44 56 9733
44 57 2624
44 58 5768
44 59 14117
44 60 8100
44 61 5816
44 62 2481
44 63 11389
44 64 11355
44 65 4331
44 66 11816
44 67 5538
44 68 2477
44 69 8171
45 0 9439
45 1 10396
45 2 10207
45 3 5733
45 4 4397
45 5 6268
45 6 1205
45 7 2307
45 8 12874
45 9 92
45 10 7824
45 11 1
45 12 10427
45 13 9270
45 14 12672
45 15 538
45 16 9036
45 17 2568
45 18 5793
45 19 8427
45 20 692
45 21 4145
45 22 2111
45 23 -11
45 24 14376
45 25 4998
45 26 3871
45 27 1674
45 28 7349
45 29 5119
45 30 14103
45 31 9344
45 32 6402
45 33 9940
45 34 3876
45 35 524
45 36 6026
45 37 9598
45 38 4597
45 39 769
45 40 9400
45 41 14328
45 42 10628
45 43 13584
45 44 10496
45 46 3967
45 47 5235
45 48 13574
45 49 2488
45 50 7727
45 51 12377
45 52 9389
45 53 2352
45 54 1258
45 55 13471
45 56 2477
45 57 866
45 58 3877
45 59 5222
45 60 13713
45 61 11465
45 62 8207
45 63 4461
45 64 6355
45 65 10090
45 66 3229
45 67 890
45 68 4421
45 69 613
46 0 8569
46 1 9192
46 2 1725
46 3 7550
46 4 6762
46 5 8142
46 6 7663
46 7 8177
46 8 10023
46 9 13471
46 10 6962
46 11 13712
46 12 8614
46 13 5401
46 14 13017
46 15 3774
46 16 13958
46 17 13569
46 18 13287
46 19 13611
46 20 7065
46 21 9543
46 22 11153
46 23 10735
46 24 3622
46 25 13514
46 26 938
46 27 5432
46 28 8825
46 29 13856
46 30 2816
46 31 3732
46 32 3054
46 33 4343
46 34 5381
46 35 2842
46 36 12595
46 37 7990
46 38 10865
46 39 7926
46 40 3630
46 41 7351
46 42 1787
46 43 10219
46 44 4792
46 45 10663
46 47 12735
46 48 4968
46 49 11702
46 50 4663
46 51 14000
46 52 13447
46 53 12204
46 54 5551
46 55 6840
46 56 4745
46 57 9508
46 58 8648
46 59 3624
46 60 12259
46 61 7695
46 62 6547
46 63 13006
46 64 14405
46 65 11228
46 66 9798
46 67 5254
46 68 916
46 69 10378
47 0 2173
47 1 10831
47 2 5489
47 3 12189
47 4 3229
47 5 10508
47 6 1
47 7 9261
47 8 1797
47 9 1000
47 10 3590
47 11 11967
47 12 14040
47 13 2990
47 14 9910
47 15 11537
47 16 2722
47 17 7431
47 18 9695
47 19 203
47 20 2324
47 21 2464
47 22 2011
47 23 3198
47 24 6796
47 25 6760
47 26 4876
47 27 3235
47 28 9879
47 29 13073
47 30 5264
47 31 12910
47 32 9421
47 33 3543
47 34 13235
47 35 1686
47 36 4140
47 37 10964
47 38 7814
47 39 8526
47 40 13873
47 41 10710
47 42 13823
47 43 9028
47 44 5497
47 45 12741
47 46 3595
47 48 942
47 49 9186
47 50 12507
47 51 13411
47 52 3192
47 53 6740
47 54 7849
47 55 1749
47 56 8698
47 57 4580
47 58 10520
47 59 12197
47 60 2879
47 61 12273
47 62 7829
47 63 3932
47 64 2869
47 65 6314
47 66 14385
47 67 1167
47 68 5999
47 69 10819
48 0 9517
48 1 6568
48 2 10952
48 3 5475
48 4 5798
48 5 11014
48 6 12797
48 7 8777
48 8 11970
48 9 1191
48 10 12336
48 11 7710
48 12 900
48 13 11956
48 14 13382
48 15 10979
48 16 6614
48 17 10647
48 18 11801
48 19 1876
48 20 9955
48 21 1508
48 22 2074
48 23 12876
48 24 996
48 25 844
48 26 7161
48 27 13045
48 28 14326
48 29 9931
48 30 3278
48 31 3237
48 32 8209
48 33 9000
48 34 9997
48 35 8874
48 36 5941
48 37 6172
48 38 8474
48 39 2395
48 40 13644
48 41 14457
48 42 10344
48 43 2010
48 44 3447
48 45 5110
48 46 8746
48 47 13133
48 49 4864
48 50 12553
48 51 995
48 52 448
48 53 5036
48 54 2172
48 55 5127
48 56 14462
48 57 3850
48 58 8106
48 59 14421
48 60 13812
48 61 13829
48 62 11446
48 63 11851
48 64 10215
48 65 13214
48 66 14439
48 67 6994
48 68 1436
48 69 4182
49 0 384
49 1 2694
49 2 1316
49 3 6457
49 4 11342
49 5 1737
49 6 1870
49 7 2978
49 8 8816
49 9 3036
49 10 12640
49 11 2409
49 12 10906
49 13 4033
49 14 13571
49 15 11982
49 16 13106
49 17 7160
49 18 1464
49 19 3047
49 20 10469
49 21 3959
49 22 1480
49 23 8260
49 24 7494
49 25 6217
49 26 8330
49 27 10739
49 28 11100
49 29 7727
49 30 454
49 31 3030
49 32 8620
49 33 2059
49 34 13726
49 35 1525
49 36 164
49 37 2421
49 38 8076
49 39 3303
49 40 542
49 41 13225
49 42 4632
49 43 12069
49 44 13616
49 45 7532
49 46 7696
49 47 1006
49 48 6779
49 50 7550
49 51 6043
49 52 11281
49 53 12090
49 54 8374
49 55 2248
49 56 12107
49 57 13549
49 58 10746
49 59 10442
49 60 12086
49 61 2441
49 62 52
49 63 11585
49 64 1788
49 65 9038
49 66 836
49 67 12420
49 68 8735
49 69 10781
50 0 3216
50 1 7135
50 2 8166
50 3 10858
50 4 14260
50 5 9061
50 6 438
50 7 14305
50 8 9195
50 9 2616
50 10 922
50 11 3075
50 12 2157
50 13 7649
50 14 4120
50 15 5245
50 16 2370
50 17 9761
50 18 4038
50 19 4045
50 20 8370
50 21 812
50 22 127
50 23 7868
50 24 2364
50 25 9846
50 26 6554
50 27 12224
50 28 2041
50 29 8612
50 30 7193
50 31 2952
50 32 6960
50 33 425
50 34 14458
50 35 3488
50 36 2529
50 37 10419
50 38 11702
50 39 13337
50 40 9382
50 41 7268
50 42 12553
50 43 386
50 44 12492
50 45 3569
50 46 8283
50 47 6889
50 48 6719
50 49 11136
50 51 2512
50 52 7273
50 53 12015
50 54 11767
50 55 12194
50 56 2669
50 57 13001
50 58 8682
50 59 12425
50 60 14309
50 61 14373
50 62 9909
50 63 1497
50 64 5320
50 65 5031
50 66 12816
50 67 6908
50 68 8276
50 69 1965
51 0 1744
51 1 7043
51 2 13857
51 3 10284
51 4 11534
51 5 201
51 6 11384
51 7 4235
51 8 14080
51 9 8322
51 10 8338
51 11 10807
51 12 13025
51 13 537
51 14 7568
51 15 13646
51 16 4974
51 17 11850
51 18 2299
51 19 4947
51 20 11111
51 21 12079
51 22 12341
51 23 11007
51 24 8959
51 25 11260
51 26 13697
51 27 1704
51 28 12107
51 29 11963
51 30 7790
51 31 2011
51 32 11999
51 33 11662
51 34 12607
51 35 1175
51 36 2042
51 37 10540
51 38 1295
51 39 9653
51 40 9010
51 41 5505
51 42 9002
51 43 14333
51 44 5989
51 45 9499
51 46 11340
51 47 2466
51 48 5425
51 49 5439
51 50 4840
51 52 1449
51 53 8644
51 54 6266
51 55 11815
51 56 3557
51 57 5671
51 58 5139
51 59 8546
51 60 620
51 61 3891
51 62 10591
51 63 3697
51 64 7630
51 65 2209
51 66 14418
51 67 10182
51 68 1910
51 69 10202
52 0 3955
52 1 8250
52 2 7242
52 3 1777
52 4 11757
52 5 10653
52 6 6734
52 7 204
52 8 4376
52 9 10524
52 10 6638
52 11 5875
52 12 8611
52 13 3524
52 14 7133
52 15 12920
52 16 961
52 17 5657
52 18 1320
52 19 3163
52 20 10468
52 21 6111
52 22 13142
52 23 6344
52 24 12379
52 25 11681
52 26 3494
52 27 5997
52 28 5869
52 29 4679
52 30 1045
52 31 6819
52 32 1882
52 33 9881
52 34 14449
52 35 10341
52 36 1773
52 37 5507
52 38 938
52 39 3957
52 40 13114
52 41 5189
52 42 1280
52 43 481
52 44 3090
52 45 13204
52 46 6022
52 47 12278
52 48 9671
52 49 13837
52 50 6635
52 51 6578
52 53 7017
52 54 9223
52 55 6532
52 56 7742
52 57 12824
52 58 4593
52 59 3246
52 60 787
52 61 9191
52 62 10549
52 63 6446
52 64 9596
52 65 13410
52 66 9561
52 67 10160
52 68 8673
52 69 12840
53 0 12661
53 1 2579
53 2 12333
53 3 13680
53 4 14150
53 5 270
53 6 9243
53 7 10328
53 8 7132
53 9 2309
53 10 9108
53 11 10230
53 12 6448
53 13 9330
53 14 11110
53 15 751
53 16 2991
53 17 2103
53 18 12330
53 19 11838
53 20 2058
53 21 2829
53 22 9090
53 23 14369
53 24 10792
53 25 6730
53 26 9769
53 27 223
53 28 6360
53 29 7539
53 30 9086
53 31 3737
53 32 11769
53 33 11520
53 34 13254
53 35 5984
53 36 10431
53 37 13611
53 38 7941
53 39 12448
53 40 6904
53 41 10423
53 42 10563
53 43 10853
53 44 7862
53 45 9714
53 46 1287
53 47 13849
53 48 7702
53 49 3294
53 50 7355
53 51 703
53 52 5947
53 54 9042
53 55 6730
53 56 6309
53 57 11067
53 58 12303
53 59 6403
53 60 8842
53 61 2083
53 62 11417
53 63 477
53 64 13136
53 65 7454
53 66 4557
53 67 1143
53 68 8719
53 69 5250
54 0 13437
54 1 4001
54 2 3881
54 3 8855
54 4 14336
54 5 12977
54 6 12587
54 7 11702
54 8 12781
54 9 11853
54 10 11876
54 11 9634
54 12 6438
54 13 12267
54 14 10040
54 15 3150
54 16 2536
54 17 13643
54 18 7300
54 19 8068
54 20 6597
54 21 8706
54 22 3668
54 23 3999
54 24 10521
54 25 189
54 26 6343
54 27 9410
54 28 5742
54 29 2528
54 30 6250
54 31 11654
54 32 12256
54 33 10836
54 34 13565
54 35 708
54 36 2678
54 37 9433
54 38 9297
54 39 1781
54 40 7880
54 41 13991
54 42 14187
54 43 8821
54 44 4771
54 45 781
54 46 6017
54 47 762
54 48 2748
54 49 14108
54 50 1492
54 51 1524
54 52 10315
54 53 881
54 55 9885
54 56 13013
54 57 6272
54 58 1713
54 59 7869
54 60 7769
54 61 13619
54 62 1508
54 63 10043
54 64 3551
54 65 2789
54 66 3608
54 67 10861
54 68 221
54 69 2898
55 0 3085
55 1 6930
55 2 13077
55 3 824
55 4 9836
55 5 3305
55 6 2215
55 7 9682
55 8 5153
55 9 202
55 10 13913
55 11 8634
55 12 11468
55 13 7404
55 14 4057
55 15 8530
55 16 5191
55 17 5609
55 18 5415
55 19 11740
55 20 4385
55 21 5023
55 22 13646
55 23 12509
55 24 6307
55 25 6291
55 26 3034
55 27 11181
55 28 2867
55 29 1310
55 30 2518
55 31 11344
55 32 3533
55 33 11858
55 34 8058
55 35 2239
55 36 13605
55 37 3922
55 38 8346
55 39 1032
55 40 1371
55 41 4663
55 42 12369
55 43 4703
55 44 3667
55 45 2386
55 46 2445
55 47 9592
55 48 10235
55 49 4326
55 50 9518
55 51 778
55 52 5541
55 53 8813
55 54 7860
55 56 141
55 57 12234
55 58 8997
55 59 5610
55 60 4185
55 61 2893
55 62 4012
55 63 3583
55 64 4048
55 65 857
55 66 7979
55 67 3780
55 68 13743
55 69 14227
56 0 7460
56 1 10395
56 2 9156
56 3 11043
56 4 2099
56 5 14099
56 6 1785
56 7 4689
56 8 1078
56 9 14141
56 10 8265
56 11 942
56 12 13594
56 13 4617
56 14 12517
56 15 5326
56 16 9542
56 17 3853
56 18 8660
56 19 4735
56 20 10420
56 21 1841
56 22 8322
56 23 10397
56 24 5906
56 25 9696
56 26 5183
56 27 8809
56 28 4806
56 29 2185
56 30 557
56 31 714
56 32 9340
56 33 4808
56 34 5552
56 35 7042
56 36 733
56 37 10839
56 38 10660
56 39 13019
56 40 9284
56 41 3989
56 42 3601
56 43 5607
56 44 13147
56 45 2552
56 46 12545
56 47 2276
56 48 10571
56 49 8906
56 50 5520
56 51 10118
56 52 7427
56 53 294
56 54 10120
56 55 11280
56 57 2544
56 58 6819
56 59 13252
56 60 6581
56 61 4162
56 62 5534
56 63 13672
56 64 11707
56 65 7450
56 66 8453
56 67 4793
56 68 13171
56 69 11740
57 0 844
57 1 7872
57 2 13864
57 3 2933
57 4 14363
57 5 10690
57 6 8861
57 7 12754
57 8 5718
57 9 5035
57 10 1039
57 11 5557
57 12 13467
57 13 10148
57 14 3938
57 15 5660
57 16 10918
57 17 468
57 18 13471
57 19 13620
57 20 11899
57 21 274
57 22 8624
57 23 4053
57 24 13294
57 25 13765
57 26 3360
57 27 3605
57 28 2974
57 29 420
57 30 7557
57 31 12673
57 32 11444
57 33 11526
57 34 340
57 35 971
57 36 10012
57 37 12459
57 38 789
57 39 11766
57 40 12324
57 41 13974
57 42 7291
57 43 232
57 44 12566
57 45 13310
57 46 14345
57 47 1029
57 48 6606
57 49 8119
57 50 916
57 51 1616
57 52 12908
57 53 9968
57 54 10685
57 55 2093
57 56 2486
57 58 761
57 59 9888
57 60 5836
57 61 5865
57 62 868
57 63 10789
57 64 12063
57 65 13121
57 66 10868
57 67 12713
57 68 4582
57 69 3113
58 0 707
58 1 10164
58 2 9028
58 3 13504
58 4 14273
58 5 4163
58 6 7726
58 7 3035
58 8 7115
58 9 1389
58 10 4446
58 11 4746
58 12 6313
58 13 14296
58 14 7959
58 15 3973
58 16 9364
58 17 3653
58 18 7741
58 19 953
58 20 9204
58 21 2813
58 22 2454
58 23 8134
58 24 12431
58 25 4610
58 26 1403
58 27 7450
58 28 8234
58 29 13607
58 30 3910
58 31 2748
58 32 1078
58 33 9096
58 34 2729
58 35 12599
58 36 10264
58 37 7316
58 38 379
58 39 10048
58 40 13586
58 41 10127
58 42 9717
58 43 9714
58 44 13718
58 45 7964
58 46 8820
58 47 950
58 48 11814
58 49 12406
58 50 5027
58 51 7444
58 52 -35
58 53 3086
58 54 11554
58 55 6101
58 56 7357
58 57 9882
58 59 5761
58 60 1907
58 61 1462
58 62 4513
58 63 2982
58 64 12632
58 65 4071
58 66 11934
58 67 10851
58 68 936
58 69 8867
59 0 3016
59 1 12181
59 2 243
59 3 760
59 4 7601
59 5 14004
59 6 11738
59 7 10144
59 8 7507
59 9 10491
59 10 9018
59 11 4257
59 12 13014
59 13 4656
59 14 6071
59 15 4294
59 16 8891
59 17 5855
59 18 13788
59 19 2193
59 20 667
59 21 5898
59 22 14328
59 23 2064
59 24 8157
59 25 4257
59 26 13539
59 27 6764
59 28 6748
59 29 11643
59 30 13295
59 31 473
59 32 5526
59 33 2794
59 34 13905
59 35 2201
59 36 11891
59 37 4161
59 38 2182
59 39 5737
59 40 5793
59 41 4009
59 42 2759
59 43 6140
59 44 5131
59 45 8515
59 46 4644
59 47 11584
59 48 11871
59 49 4130
59 50 2215
59 51 970
59 52 2837
59 53 4978
59 54 13187
59 55 5399
59 56 13705
59 57 11390
59 58 2687
59 60 9681
59 61 11344
59 62 986
59 63 6664
59 64 5259
59 65 12163
59 66 4767
59 67 4874
59 68 10658
59 69 10981
60 0 3079
60 1 2983
60 2 8888
60 3 14271
60 4 12144
60 5 10529
60 6 7663
60 7 7906
60 8 7747
60 9 10801
60 10 4020
60 11 11409
60 12 8891
60 13 13553
60 14 11485
60 15 13867
60 16 5099
60 17 10008
60 18 8992
60 19 2406
60 20 3337
60 21 2819
60 22 11369
60 23 6269
60 24 4896
60 25 11290
60 26 11058
60 27 14172
60 28 1976
60 29 3874
60 30 4681
60 31 6161
60 32 9342
60 33 908
60 34 13203
60 35 8016
60 36 6886
60 37 4155
60 38 5594
60 39 8443
60 40 923
60 41 13797
60 42 14337
60 43 14031
60 44 9283
60 45 -2
60 46 6035
60 47 9418
60 48 13516
60 49 2677
60 50 6150
60 51 12681
60 52 14190
60 53 7912
60 54 7585
60 55 12574
60 56 6002
60 57 9900
60 58 1449
60 59 9750
60 61 11627
60 62 2998
60 63 11000
60 64 8812
60 65 9605
60 66 7287
60 67 11605
60 68 6355
60 69 4745
61 0 3972
61 1 9627
61 2 10197
61 3 4819
61 4 12605
61 5 11223
61 6 4384
61 7 1307
61 8 7744
61 9 1360
61 10 3598
61 11 6960
61 12 3106
61 13 7189
61 14 1552
61 15 4048
61 16 7814
61 17 13164
61 18 4968
61 19 11826
61 20 1322
61 21 6478
61 22 12167
61 23 4116
61 24 6531
61 25 10963
61 26 6708
61 27 5583
61 28 5687
61 29 2443
61 30 8266
61 31 11158
61 32 6587
61 33 737
61 34 5028
61 35 10557
61 36 13710
61 37 3484
61 38 13472
61 39 7215
61 40 6407
61 41 8847
61 42 14233
61 43 2648
61 44 10611
61 45 5096
61 46 7589
61 47 603
61 48 7577
61 49 11460
61 50 8420
61 51 2409
61 52 11178
61 53 3445
61 54 2636
61 55 13381
61 56 1694
61 57 854
61 58 7488
61 59 3920
61 60 12051
61 62 9601
61 63 11900
61 64 12856
61 65 11086
61 66 508
61 67 7006
61 68 6904
61 69 11309
62 0 10445
62 1 5538
62 2 13734
62 3 11431
62 4 6950
62 5 8507
62 6 -20
62 7 4197
62 8 7970
62 9 11406
62 10 3325
62 11 9532
62 12 11064
62 13 12719
62 14 8281
62 15 3089
62 16 12748
62 17 9107
62 18 -35
62 19 5400
62 20 11791
62 21 8849
62 22 7552
62 23 7830
62 24 6378
62 25 2439
62 26 10804
62 27 8325
62 28 13472
62 29 7095
62 30 1809
62 31 10522
62 32 7338
62 33 12080
62 34 10977
62 35 314
62 36 10704
62 37 13972
62 38 12688
62 39 6723
62 40 7501
62 41 6580
62 42 8969
62 43 2530
62 44 5726
62 45 566
62 46 1315
62 47 14021
62 48 2331
62 49 9391
62 50 326
62 51 1819
62 52 4992
62 53 3269
62 54 5637
62 55 12472
62 56 13857
62 57 9172
62 58 12003
62 59 326
62 60 4220
62 61 7017
62 63 8188
62 64 10589
62 65 158
62 66 11636
62 67 12344
62 68 3931
62 69 10042
63 0 1575
63 1 11923
63 2 12052
63 3 7299
63 4 14221
63 5 4868
63 6 10115
63 7 2959
63 8 3822
63 9 11112
63 10 1536
63 11 13362
63 12 9432
63 13 7468
63 14 12121
63 15 391
63 16 11054
63 17 10131
63 18 11039
63 19 13856
63 20 1451
63 21 12463
63 22 9453
63 23 7096
63 24 5391
63 25 14421
63 26 4987
63 27 1411
63 28 4931
63 29 13983
63 30 6680
63 31 10990
63 32 2511
63 33 8396
63 34 10638
63 35 706
63 36 9605
63 37 727
63 38 11444
63 39 5051
63 40 6210
63 41 9863
63 42 3229
63 43 10011
63 44 5844
63 45 8671
63 46 9723
63 47 7828
63 48 4138
63 49 8090
63 50 8534
63 51 336
63 52 8509
63 53 5201
63 54 13226
63 55 9709
63 56 14095
63 57 3286
63 58 11600
63 59 9331
63 60 12492
63 61 12289
63 62 6301
63 64 6576
63 65 1833
63 66 6926
63 67 11477
63 68 794
63 69 11218
64 0 11810
64 1 13001
64 2 13527
64 3 11760
64 4 4743
64 5 12747
64 6 1154
64 7 9291
64 8 6176
64 9 5133
64 10 6667
64 11 8390
64 12 7819
64 13 7860
64 14 10140
64 15 5680
64 16 5559
64 17 7698
64 18 3469
64 19 2668
64 20 7693
64 21 9371
64 22 10532
64 23 2747
64 24 5792
64 25 952
64 26 7981
64 27 7525
64 28 11206
64 29 2174
64 30 7765
64 31 5435
64 32 6951
64 33 7879
64 34 1229
64 35 2384
64 36 4799
64 37 1370
64 38 1919
64 39 6365
64 40 5563
64 41 10462
64 42 12979
64 43 3054
64 44 12774
64 45 9775
64 46 13061
64 47 3965
64 48 331
64 49 4488
64 50 13495
64 51 10102
64 52 9265
64 53 10155
64 54 8523
64 55 8663
64 56 6397
64 57 5564
64 58 13924
64 59 3839
64 60 8681
64 61 8285
64 62 12521
64 63 10105
64 65 9178
64 66 753
64 67 5256
64 68 11169
64 69 12656
65 0 8175
65 1 14179
65 2 7166
65 3 11125
65 4 6571
65 5 2043
65 6 1464
65 7 781
65 8 3797
65 9 9724
65 10 -53
65 11 5319
65 12 1168
65 13 9300
65 14 13972
65 15 7648
65 16 8579
65 17 11086
65 18 9608
65 19 8664
65 20 14348
65 21 960
65 22 12693
65 23 1636
65 24 11048
65 25 4428
65 26 3722
65 27 137
65 28 12711
65 29 7259
65 30 8086
65 31 6262
65 32 11760
65 33 1808
65 34 1455
65 35 12704
65 36 10976
65 37 8344
65 38 7600
65 39 7506
65 40 9222
65 41 6415
65 42 13162
65 43 5850
65 44 5172
65 45 6123
65 46 5724
65 47 13525
65 48 3048
65 49 1465
65 50 14060
65 51 10425
65 52 9650
65 53 9522
65 54 2006
65 55 12778
65 56 6143
65 57 3577
65 58 2822
65 59 10277
65 60 8322
65 61 12046
65 62 8551
65 63 2710
65 64 14062
65 66 2421
65 67 1065
65 68 -34
65 69 12061
66 0 12124
66 1 4603
66 2 14150
66 3 3604
66 4 9577
66 5 11022
66 6 12905
66 7 12881
66 8 14064
66 9 11622
66 10 11237
66 11 134
66 12 14170
66 13 14068
66 14 4717
66 15 567
66 16 249
66 17 5604
66 18 12781
66 19 4110
66 20 4349
66 21 14435
66 22 14172
66 23 6642
66 24 408
66 25 8164
66 26 3477
66 27 12540
66 28 2486
66 29 1537
66 30 6051
66 31 9911
66 32 11052
66 33 6413
66 34 697
66 35 -64
66 36 7225
66 37 2981
66 38 2870
66 39 11093
66 40 10713
66 41 511
66 42 9038
66 43 10481
66 44 169
66 45 1762
66 46 8304
66 47 7298
66 48 1199
66 49 9331
66 50 4610
66 51 14209
66 52 10094
66 53 1406
66 54 1488
66 55 349
66 56 4708
66 57 2190
66 58 13718
66 59 13132
66 60 862
66 61 589
66 62 14112
66 63 5308
66 64 3489
66 65 983
66 67 7751
66 68 10643
66 69 13210
67 0 295
67 1 11439
67 2 1148
67 3 11468
67 4 11889
67 5 13880
67 6 3239
67 7 10825
67 8 8053
67 9 11158
67 10 8989
67 11 10125
67 12 13400
67 13 5827
67 14 4570
67 15 3265
67 16 1736
67 17 10360
67 18 9522
67 19 5018
67 20 1639
67 21 4169
67 22 6665
67 23 10438
67 24 12525
67 25 12526
67 26 4484
67 27 10100
67 28 12719
67 29 1981
67 30 9781
67 31 6632
67 32 12920
67 33 9408
67 34 3065
67 35 3110
67 36 14436
67 37 13768
67 38 8397
67 39 1462
67 40 11234
67 41 -70
67 42 -54
67 43 14275
67 44 9578
67 45 4301
67 46 11086
67 47 11357
67 48 12048
67 49 12456
67 50 13295
67 51 122
67 52 13572
67 53 6794
67 54 1844
67 55 3949
67 56 3036
67 57 8991
67 58 13569
67 59 14353
67 60 234
67 61 3362
67 62 677
67 63 9481
67 64 3906
67 65 11027
67 66 3561
67 68 5345
67 69 8630
68 0 5784
68 1 2701
68 2 7098
68 3 14347
68 4 12650
68 5 8312
68 6 7004
68 7 6705
68 8 781
68 9 6152
68 10 7358
68 11 13050
68 12 6479
68 13 8487
68 14 5399
68 15 9182
68 16 13614
68 17 9808
68 18 5142
68 19 7274
68 20 2689
68 21 3655
68 22 11712
68 23 13710
68 24 423
68 25 5204
68 26 7816
68 27 3667
68 28 9224
68 29 7482
68 30 6899
68 31 13455
68 32 13833
68 33 89
68 34 4628
68 35 14222
68 36 4976
68 37 776
68 38 1624
68 39 9145
68 40 12420
68 41 8000
68 42 9432
68 43 10598
68 44 6836
68 45 616
68 46 7622
68 47 3979
68 48 1885
68 49 8988
68 50 2833
68 51 14342
68 52 12638
68 53 9117
68 54 556
68 55 10427
68 56 5995
68 57 6812
68 58 14087
68 59 659
68 60 5162
68 61 10643
68 62 2766
68 63 5977
68 64 5915
68 65 3058
68 66 2279
68 67 7938
68 69 14095
69 0 6805
69 1 5243
69 2 13397
69 3 9265
69 4 3759
69 5 3369
69 6 11419
69 7 11270
69 8 4087
69 9 13487
69 10 4093
69 11 11236
69 12 10735
69 13 12607
69 14 10256
69 15 8458
69 16 7997
69 17 7939
69 18 9576
69 19 10827
69 20 13392
69 21 7295
69 22 11494
69 23 1150
69 24 7375
69 25 4191
69 26 12202
69 27 10062
69 28 13906
69 29 622
69 30 1339
69 31 6468
69 32 1156
69 33 5303
69 34 10974
69 35 1433
69 36 13565
69 37 11368
69 38 10409
69 39 1030
69 40 12886
69 41 9882
69 42 7973
69 43 7022
69 44 8508
69 45 7840
69 46 7719
69 47 596
69 48 8471
69 49 13562
69 50 9829
69 51 6751
69 52 5173
69 53 10987
69 54 5960
69 55 5034
69 56 5333
69 57 9018
69 58 10495
69 59 9074
69 60 8294
69 61 7259
69 62 10040
69 63 2655
69 64 4036
69 65 1998
69 66 2301
69 67 10170
69 68 14427
20
