100 2475
0 97 4666
0 46 4180
0 88 4118
0 36 7204
0 60 4438
0 69 4417
0 56 1358
0 96 1313
0 22 276
0 44 4203
0 12 278
0 6 1316
0 55 1472
0 43 1081
0 62 5709
0 98 7142
0 17 699
0 81 1966
0 87 312
0 93 6943
0 94 7145
1 35 6642
1 4 2424
1 98 806
1 91 852
1 94 2188
1 19 3984
1 0 504
1 63 686
1 56 1120
1 46 3387
1 74 4135
1 96 7120
1 29 5420
1 72 1446
1 22 1111
1 13 4873
1 45 360
1 75 193
1 82 4278
1 68 1524
1 11 4599
1 81 4484
1 85 7376
1 20 2679
1 88 4678
1 42 3664
1 53 4368
1 69 6954
1 62 53
1 77 3015
1 47 6254
1 9 5117
1 86 2642
1 21 4197
2 42 1883
2 19 6396
2 23 111
2 45 835
2 54 2962
2 62 1184
2 94 1775
2 14 5446
2 95 1148
2 16 5666
2 1 1871
2 26 3368
2 92 4051
2 71 6159
2 48 2685
2 53 7354
2 65 2403
2 64 1527
2 31 6536
2 38 5930
2 69 2145
2 52 5929
2 74 838
2 10 3255
2 15 5261
2 24 2257
2 82 6040
2 20 4689
2 77 337
2 58 3500
2 96 1636
3 12 1207
3 47 4088
3 39 3386
3 34 717
3 68 1184
3 7 3048
3 32 2493
3 95 7106
3 18 6928
3 43 205
3 88 2924
3 77 1070
3 81 944
3 24 2825
3 78 3678
3 58 2211
3 52 6292
3 35 6926
3 89 517
4 51 5438
4 35 4631
4 62 5179
4 53 894
4 44 3438
4 46 5050
4 1 4876
4 89 5915
4 30 6026
4 71 7200
4 67 6258
4 43 5452
4 63 679
4 29 3927
4 28 5846
4 20 3073
4 36 3222
4 31 6082
4 45 5188
4 57 2351
4 95 3566
4 54 1988
4 87 3460
5 22 6735
5 21 1398
5 75 1293
5 10 4761
5 84 4400
5 24 4982
5 14 6482
5 96 6096
5 58 286
5 7 5220
5 80 3916
5 26 2816
5 4 2949
5 19 2829
5 99 96
5 55 5383
5 45 2933
5 66 2955
5 82 4396
5 31 636
5 18 3784
5 40 6544
5 87 49
5 78 6321
6 8 508
6 10 888
6 56 357
6 89 3363
6 77 36
6 5 6630
6 1 6474
6 75 5260
6 94 895
6 34 430
6 32 3477
6 67 2597
6 45 4132
6 92 6235
6 0 6091
6 60 3211
6 64 6563
6 27 6328
6 69 6612
6 97 6458
6 63 5248
6 40 5182
7 47 898
7 3 1203
7 41 2681
7 46 5702
7 82 4575
7 57 1674
7 59 987
7 58 226
7 84 4520
7 20 4360
7 0 2038
7 56 2710
7 32 5342
7 22 5593
7 97 2321
7 27 7051
7 14 4752
7 29 5892
7 15 5686
7 8 1456
7 87 6231
7 80 2609
7 71 537
7 72 2341
8 58 1419
8 4 2065
8 46 3708
8 70 6348
8 25 547
8 50 1734
8 81 479
8 76 1414
8 69 6328
8 63 5034
8 38 1820
8 77 2457
8 72 4055
8 39 3074
8 85 7003
8 7 4386
8 82 620
8 44 452
8 36 3800
8 92 6078
9 96 2783
9 0 3023
9 85 6832
9 75 3428
9 45 1316
9 81 48
9 62 1109
9 88 1407
9 67 789
9 74 4211
9 28 1365
9 22 3185
9 23 4957
9 64 2636
9 52 3167
9 57 2457
9 34 4043
9 55 6989
10 40 2352
10 65 6531
10 70 4471
10 69 2543
10 80 258
10 97 6322
10 42 1691
10 2 1513
10 36 2371
10 82 1015
10 53 5325
10 87 5460
10 61 2159
10 60 5451
10 15 3264
10 89 1461
10 17 6456
10 11 3656
10 18 1418
10 38 5710
11 6 4183
11 78 1141
11 48 4500
11 72 4109
11 64 4699
11 85 415
11 53 6350
11 42 2789
11 18 5964
11 16 26
11 1 2722
11 93 4171
11 47 1029
11 46 3473
11 61 5583
11 82 1584
11 97 427
11 70 7136
11 81 7060
11 95 6007
12 33 5725
12 95 6194
12 56 1572
12 29 6124
12 65 876
12 60 2993
12 61 1369
12 36 4507
12 41 2162
12 88 1651
12 96 5199
12 45 2314
12 42 4135
12 2 2552
12 38 6715
12 9 1000
12 70 4974
12 17 3753
12 67 6991
12 6 2187
12 62 115
12 97 3828
12 20 6972
12 10 4829
12 27 2045
12 4 4436
13 91 5625
13 85 2510
13 70 2439
13 30 7244
13 54 6902
13 49 7227
13 1 4417
13 45 6819
13 43 3369
13 69 607
13 29 2494
13 6 4650
13 12 6747
13 25 2027
13 21 2549
13 84 3147
13 46 2830
13 35 678
13 5 5231
13 90 6641
13 66 5713
13 63 5077
13 89 6759
13 39 2730
13 27 4720
13 96 5715
13 67 646
14 71 6033
14 65 2088
14 97 4342
14 60 5899
14 95 5180
14 94 3713
14 54 4016
14 16 4510
14 15 3865
14 31 5490
14 51 5133
14 52 5700
14 35 2930
14 73 2091
14 39 9
14 58 1485
14 43 2499
14 11 5031
14 59 2753
14 12 4730
14 26 7401
14 44 4955
14 96 4835
14 29 4291
14 48 2253
14 47 4831
14 91 1505
14 36 4299
14 90 6854
14 37 4704
15 99 4684
15 70 3448
15 23 116
15 38 4947
15 97 6447
15 64 957
15 26 2539
15 41 48
15 50 6385
15 2 3849
15 31 4746
15 27 385
15 1 1108
15 62 7147
15 78 3441
15 92 4957
15 47 1579
15 13 3837
15 0 2225
15 98 3622
15 37 410
15 85 2574
15 48 1403
15 72 3061
15 81 843
15 69 5997
15 55 3057
15 77 1006
15 90 1057
16 15 5179
16 74 1632
16 51 7275
16 39 7088
16 46 5361
16 13 5188
16 5 2655
16 9 4532
16 30 1995
16 65 3295
16 84 2786
16 26 1450
16 52 4342
16 8 2057
16 2 4829
16 48 1102
16 6 5094
16 14 354
16 50 703
16 82 4117
16 91 968
16 36 967
16 66 2296
16 21 335
16 71 4600
16 54 6745
16 22 5741
16 53 721
16 95 7121
17 76 993
17 53 155
17 81 2772
17 87 5245
17 65 247
17 44 2124
17 57 836
17 62 2970
17 13 6412
17 56 3223
17 20 1174
17 5 5530
17 79 2572
17 32 5446
17 49 6453
17 58 1080
17 80 1992
17 74 85
17 22 309
17 59 88
17 55 2713
17 70 3469
17 67 5443
17 89 2543
18 43 4608
18 2 5947
18 65 2828
18 14 2893
18 66 4375
18 95 1664
18 89 6067
18 70 258
18 80 7338
18 36 3440
18 17 3361
18 76 3635
18 38 1888
18 42 7038
18 33 2622
18 8 3780
18 25 5346
18 35 6334
18 29 1868
18 51 7081
18 90 7059
18 20 3655
18 21 2753
18 83 4238
19 65 4676
19 75 6954
19 8 2331
19 4 6336
19 71 251
19 88 4679
19 18 7083
19 90 1359
19 5 2943
19 15 2883
19 13 6298
19 97 4908
19 24 4371
19 37 4318
19 56 3490
19 26 3046
19 34 4790
19 73 4957
19 87 90
19 80 3655
19 85 5588
19 43 2953
19 57 2026
19 55 5491
19 12 4420
20 51 1824
20 23 3073
20 68 5236
20 42 5381
20 84 1906
20 63 4911
20 85 5375
20 77 3937
20 40 2826
20 54 7212
20 62 4873
20 90 3186
20 46 3003
20 61 6990
20 75 6073
20 36 4611
21 70 6265
21 10 2493
21 80 6072
21 57 7108
21 16 6751
21 31 5395
21 28 2867
21 97 7063
21 99 13
21 34 1149
21 55 2365
21 53 3479
21 85 3935
21 79 5657
21 29 4462
21 43 7243
21 4 425
21 7 4620
21 78 772
21 90 2716
21 18 2124
21 58 2692
22 70 1403
22 84 3902
22 69 1231
22 51 6014
22 50 3468
22 87 7398
22 73 3580
22 20 1658
22 43 6949
22 98 624
22 17 3148
22 52 5710
22 64 3599
22 57 3688
22 80 3556
22 79 4131
22 72 3813
22 63 2332
22 31 4962
22 33 6090
22 18 6043
22 23 2037
22 27 1082
22 16 5697
23 10 1813
23 11 5745
23 85 3115
23 29 4358
23 56 1530
23 74 1790
23 0 6448
23 80 4637
23 41 4730
23 39 6974
23 95 6908
23 77 5708
23 9 2583
23 66 4765
23 37 536
23 90 535
23 96 7378
24 28 4334
24 42 5186
24 80 3776
24 34 7176
24 66 2395
24 90 1090
24 11 4773
24 48 2591
24 3 5439
24 79 2834
24 54 2017
24 45 7054
24 83 4913
24 69 1226
24 76 4572
24 88 6494
24 77 5866
24 81 4280
24 41 709
24 65 2249
24 57 5628
24 51 1841
24 56 1332
25 55 1201
25 89 5341
25 10 6720
25 40 3371
25 80 1891
25 65 5776
25 23 5363
25 59 3437
25 82 6666
25 13 4289
25 78 1392
25 63 1268
25 30 4229
25 76 3612
25 91 2870
25 68 5717
25 32 4032
25 97 3907
25 44 3399
25 73 851
25 53 1210
25 74 2660
25 94 238
25 6 6909
25 85 2811
25 50 4365
25 12 1803
25 66 2892
25 46 6982
26 84 4974
26 21 4408
26 75 1459
26 30 6698
26 10 117
26 27 1281
26 89 3047
26 3 355
26 70 4184
26 17 1682
26 44 2785
26 68 996
26 95 3894
26 54 4727
26 71 3934
26 63 6161
26 59 75
26 0 4789
26 80 3386
26 1 2631
26 32 4702
27 67 4215
27 72 4011
27 83 6812
27 98 7377
27 22 1686
27 64 6393
27 12 4255
27 46 4813
27 30 1924
27 29 2087
27 10 1596
27 41 513
27 44 3501
27 35 870
27 28 135
27 3 1872
27 96 1919
27 57 2211
27 20 5522
27 54 2487
27 26 3626
27 79 5706
27 39 7265
27 49 1644
27 50 1523
27 92 6505
27 58 3833
27 48 4663
27 15 2085
27 19 4629
27 85 5273
28 82 4657
28 98 1596
28 1 643
28 83 350
28 6 5928
28 60 90
28 85 3264
28 63 3273
28 19 1164
28 32 5400
28 59 712
28 46 5107
28 14 6347
28 88 929
28 15 5945
28 43 4292
28 4 6087
28 77 1615
28 86 4940
28 74 5308
28 12 3417
28 92 1156
28 73 2098
28 20 5020
28 17 4441
28 93 6055
28 87 891
28 3 781
28 50 5707
29 9 5819
29 91 1346
29 79 7146
29 94 2276
29 27 6226
29 31 6017
29 78 3067
29 15 1300
29 72 5541
29 30 4672
29 98 1867
29 88 6066
29 92 209
29 10 670
29 59 423
29 44 2878
29 25 5569
29 13 1054
29 8 3821
29 83 6557
29 62 6357
29 42 3298
29 43 6723
29 73 5783
29 55 2444
30 9 4273
30 43 571
30 40 2393
30 25 7162
30 13 2336
30 89 1640
30 87 7370
30 36 3007
30 29 7240
30 44 3124
30 42 5099
30 96 5313
30 78 5559
30 81 6871
30 77 1006
30 51 6056
30 41 2283
30 65 2729
30 49 4594
30 59 4349
30 4 3687
30 53 946
30 76 2285
30 45 7122
30 63 3546
30 69 708
30 97 4568
30 73 7309
30 94 3612
31 63 2963
31 75 1303
31 78 7014
31 35 2866
31 47 2590
31 11 5717
31 81 6993
31 13 403
31 1 3644
31 41 4121
31 79 4822
31 95 2704
31 9 6146
31 68 2012
31 97 5031
31 58 2464
31 72 4694
31 0 1513
32 27 5146
32 62 1051
32 42 2436
32 7 2205
32 92 1182
32 51 5825
32 94 5345
32 43 4835
32 97 718
32 69 6081
32 71 5139
32 74 13
32 65 3291
32 30 4247
32 49 3661
32 13 5230
32 80 3577
32 82 1903
32 4 1566
33 19 5718
33 72 6784
33 67 5302
33 32 2268
33 15 6043
33 1 1949
33 14 719
33 42 7151
33 81 1732
33 21 1125
33 3 2483
33 7 3840
33 47 3074
33 8 6222
33 53 3977
33 56 4189
33 91 6158
33 35 2167
33 62 7305
33 50 1634
33 12 908
33 25 3506
33 89 5379
33 76 5501
33 43 7139
33 24 6669
33 37 2202
33 22 6512
33 75 18
34 84 2045
34 45 1692
34 89 4145
34 19 4817
34 40 1418
34 81 694
34 39 1791
34 24 5847
34 53 4065
34 36 4989
34 50 6771
34 31 2304
34 70 7066
34 29 3141
34 95 189
34 13 1734
34 22 7250
34 47 2638
34 98 1184
34 15 6911
34 26 1138
34 65 1486
34 43 7333
34 64 3615
35 67 4345
35 56 6320
35 55 3749
35 77 2246
35 84 4336
35 50 3573
35 26 4601
35 82 4051
35 47 6229
35 62 5845
35 20 670
35 58 7273
35 78 6999
35 87 4647
35 29 593
35 28 1787
35 92 2930
35 88 6264
35 70 4376
35 32 4090
35 96 106
35 44 4589
36 99 2138
36 22 4650
36 50 6578
36 68 6907
36 19 3493
36 43 4814
36 18 1156
36 91 3295
36 15 3970
36 37 5566
36 74 1420
36 30 5742
36 27 2318
36 82 533
36 57 1002
36 79 998
36 54 6335
36 41 5549
36 16 5512
36 2 5078
37 32 1161
37 74 2845
37 52 5364
37 91 3202
37 39 590
37 10 2898
37 45 4191
37 58 2470
37 5 1106
37 64 7378
37 2 281
37 21 2914
37 94 3147
37 53 6965
37 47 2127
37 77 4228
37 6 2952
37 35 3045
37 4 2426
37 79 6732
37 82 2867
37 16 4830
37 92 1756
37 1 1983
37 25 792
37 59 2353
37 98 896
37 56 4994
37 30 3391
38 51 1638
38 40 3079
38 41 6356
38 98 2007
38 94 2691
38 84 4724
38 90 4654
38 39 5621
38 12 1653
38 76 6447
38 68 5558
38 79 1930
38 62 2083
38 85 1573
38 65 5198
38 42 5401
38 69 2482
38 87 4609
38 81 5580
38 70 5407
38 26 3730
38 59 6884
38 75 1197
38 56 907
39 63 3436
39 85 265
39 46 3120
39 9 839
39 64 6809
39 56 3044
39 76 5932
39 42 5522
39 93 4730
39 22 1333
39 44 4546
39 16 6368
39 81 2695
39 27 1709
39 45 2168
39 57 5146
39 21 2455
39 62 7423
39 51 3168
39 3 5497
39 54 2602
39 98 4873
39 15 3139
39 10 7248
39 78 5498
39 99 2491
39 12 7302
40 44 763
40 15 6482
40 34 5742
40 86 3241
40 38 6135
40 18 689
40 41 3436
40 11 6559
40 66 6517
40 12 6514
40 32 260
40 81 3185
40 25 1845
40 75 890
40 85 5304
40 99 2926
40 73 3066
40 16 2841
40 47 5734
40 52 3220
40 14 1310
40 21 144
40 27 4566
40 33 2450
40 37 4237
41 90 6883
41 12 1500
41 96 2079
41 75 4368
41 73 7309
41 43 4937
41 71 1133
41 66 6256
41 67 1140
41 92 374
41 22 2587
41 7 6984
41 8 3591
41 53 3629
41 10 3263
41 87 6152
41 58 2656
41 78 2225
41 64 4250
41 59 670
41 39 5141
41 20 390
41 93 6051
42 74 6787
42 2 5613
42 19 6067
42 46 2883
42 78 6950
42 1 4177
42 90 965
42 97 3621
42 58 718
42 77 7107
42 38 2752
42 73 6829
42 39 6190
42 82 3283
42 30 4001
42 43 2040
42 7 659
42 86 4599
42 12 5087
42 44 1504
42 66 1553
42 53 6918
42 20 5868
42 13 4957
42 18 1913
42 72 1704
43 0 1613
43 34 491
43 60 1805
43 65 3043
43 14 1570
43 6 2316
43 29 2132
43 28 3028
43 70 4176
43 98 6962
43 63 3724
43 69 6547
43 46 1819
43 73 173
43 3 650
43 81 1655
43 71 940
43 92 2660
44 64 3648
44 86 6776
44 23 5857
44 33 4107
44 79 2316
44 48 4458
44 77 6259
44 99 3814
44 6 2011
44 42 1787
44 51 6764
44 18 6654
44 46 3679
44 21 7348
44 57 3743
44 24 369
44 90 6563
44 31 5878
44 41 2591
44 10 3515
44 35 154
44 69 1689
44 84 5080
44 98 2262
44 76 5509
45 81 580
45 69 2447
45 40 6506
45 96 3287
45 0 5975
45 87 3441
45 80 1495
45 37 7026
45 9 1662
45 88 1794
45 20 650
45 97 802
45 77 6607
45 15 5744
45 46 2645
45 53 6219
45 29 2587
45 41 6640
45 39 3983
45 84 6251
45 68 692
45 66 1446
45 19 1977
45 50 3571
46 82 1688
46 72 95
46 68 5420
46 74 286
46 69 4631
46 14 7185
46 99 6663
46 97 4695
46 71 99
46 30 873
46 9 4358
46 80 3766
46 50 5938
46 79 6900
46 78 801
46 56 381
46 63 3602
46 75 6740
46 12 4406
46 54 5962
47 9 4445
47 50 6005
47 21 620
47 99 236
47 24 7424
47 39 6668
47 88 807
47 66 6490
47 75 3369
47 85 1109
47 15 4455
47 14 4700
47 77 6950
47 12 1026
47 46 2731
47 44 1819
47 70 5873
47 97 6856
47 74 1501
47 37 1051
47 10 3581
47 35 6315
47 11 4184
47 69 2485
47 86 7109
47 22 6783
47 80 2419
47 8 2506
47 60 6604
47 16 3332
47 43 1250
48 13 922
48 41 7190
48 34 5350
48 51 1951
48 31 5033
48 43 214
48 70 3031
48 83 548
48 84 6717
48 67 1888
48 61 363
48 96 2441
48 2 5188
48 87 4183
48 29 2259
48 74 1638
48 25 1263
48 28 5372
48 99 5585
48 95 5676
48 44 6562
48 32 403
48 55 2432
49 54 2624
49 22 5901
49 23 3165
49 80 5340
49 69 2244
49 63 7300
49 14 6891
49 51 1825
49 47 6140
49 65 702
49 95 3158
49 35 7111
49 30 5219
49 79 7069
49 12 747
49 25 6616
49 31 2284
49 86 6925
49 45 3042
49 6 5595
49 43 4367
49 96 7086
49 20 1619
49 75 770
49 40 6376
50 68 3320
50 39 895
50 44 4832
50 79 1169
50 67 2798
50 59 2887
50 27 868
50 69 2028
50 91 5580
50 13 6408
50 38 2369
50 18 2420
50 6 664
50 33 5366
50 63 3976
50 16 5798
50 54 948
50 9 2457
50 81 5988
50 99 2116
50 52 5340
50 35 1008
50 65 5005
51 61 3960
51 31 6151
51 56 342
51 79 1423
51 87 1760
51 29 5237
51 98 4071
51 19 182
51 14 1128
51 91 7238
51 44 4654
51 20 972
51 7 2657
51 90 5613
51 53 1978
51 27 6801
51 17 5909
51 95 3635
51 4 4176
51 80 3925
51 13 696
51 71 1893
51 40 5203
51 85 2400
51 84 2590
51 21 1237
51 28 3164
51 41 3262
51 16 5626
52 26 1829
52 74 5189
52 25 3498
52 78 6084
52 15 137
52 51 6770
52 60 5653
52 30 299
52 4 5477
52 92 1992
52 75 5208
52 18 2942
52 22 3508
52 46 2514
52 54 2414
52 89 6509
52 21 5214
52 71 4066
52 58 4901
52 41 4104
52 62 4716
53 84 7279
53 75 5001
53 34 5303
53 30 693
53 18 2318
53 36 947
53 43 605
53 1 2491
53 39 961
53 88 4539
53 6 4472
53 60 6976
53 83 3487
53 54 5260
53 71 5496
53 77 4173
53 52 5646
53 38 7008
53 62 6739
53 91 4237
53 86 3016
53 35 3121
53 49 622
53 59 5905
53 42 2613
53 90 530
53 94 5845
54 74 2544
54 24 1096
54 68 1510
54 50 2171
54 29 4190
54 36 4685
54 65 4782
54 5 33
54 72 5587
54 75 5020
54 25 7107
54 12 6204
54 66 4034
54 47 2334
54 70 5964
54 44 5126
54 13 195
54 56 4665
54 26 2667
54 2 6576
54 69 195
54 15 7388
54 93 5746
54 79 1536
55 14 2747
55 41 5980
55 22 178
55 23 3869
55 10 7302
55 39 3137
55 98 6778
55 29 2460
55 24 5803
55 48 5033
55 53 3417
55 43 154
55 56 3616
55 7 6817
55 73 1597
55 21 4086
55 71 6866
55 80 4690
55 5 948
55 54 5781
55 44 5727
55 2 4943
55 78 6784
55 99 6568
55 12 6049
55 6 1978
56 20 561
56 13 1211
56 45 219
56 64 147
56 46 4009
56 30 4519
56 44 4787
56 60 7144
56 8 7041
56 10 518
56 90 1650
56 70 7049
56 48 300
56 6 1691
56 81 1781
56 32 1372
56 53 3153
56 98 3569
56 16 6225
56 79 5218
56 14 2858
56 41 2109
57 98 2301
57 49 2134
57 45 6603
57 23 2363
57 25 23
57 19 5558
57 17 1390
57 72 3578
57 35 4914
57 0 4614
57 74 892
57 77 743
57 7 5933
57 55 3311
57 4 3149
57 85 1293
57 32 2219
57 40 3625
57 79 4319
57 5 4173
57 29 542
57 13 2803
57 52 2570
57 48 6731
58 60 828
58 67 6883
58 68 2825
58 41 6807
58 71 4551
58 31 6829
58 84 2069
58 2 318
58 20 2416
58 90 4908
58 62 2434
58 29 5809
58 89 695
58 4 6238
58 99 5625
58 65 6045
58 45 2642
58 69 7019
58 54 2289
59 98 5880
59 72 2420
59 35 6754
59 76 4404
59 13 856
59 56 510
59 28 1671
59 62 4063
59 8 7143
59 24 5730
59 63 3462
59 26 4523
59 92 2632
59 77 6725
59 21 61
59 67 1030
59 91 1014
59 42 5384
59 51 1062
59 2 1055
59 15 5289
59 12 2379
59 23 1061
59 66 712
59 61 1813
60 93 4177
60 49 4716
60 41 5390
60 84 2091
60 63 1450
60 19 972
60 37 1498
60 89 7039
60 16 4795
60 86 6397
60 34 3954
60 92 6703
60 65 3776
60 64 2369
60 25 4216
60 31 1427
60 51 6856
60 27 46
60 99 7416
60 96 5037
60 77 980
60 33 3519
60 45 5325
60 90 1801
61 16 6133
61 73 57
61 91 4161
61 15 3604
61 97 1264
61 99 1672
61 13 7244
61 41 5950
61 31 415
61 94 4454
61 21 552
61 23 6194
61 58 1561
61 7 887
61 5 1229
61 10 6327
61 18 1613
62 94 6278
62 79 2490
62 53 3119
62 14 1684
62 21 7004
62 67 2964
62 89 4528
62 88 4650
62 69 3267
62 7 1357
62 13 2221
62 45 6503
62 42 6436
62 35 4666
62 60 6620
62 51 3737
62 37 109
62 43 207
62 12 5284
62 4 5083
62 3 6808
62 64 906
62 47 660
62 17 6543
62 19 6329
62 2 2602
62 46 5950
63 91 719
63 92 7257
63 87 2281
63 55 3559
63 72 4574
63 16 4355
63 12 4130
63 37 7123
63 98 3284
63 33 6471
63 9 3456
63 53 7371
63 88 6089
63 65 2633
63 30 7115
63 56 4279
63 38 1728
63 35 5753
63 39 3972
63 36 1096
63 99 6747
63 34 6255
63 57 256
63 27 3450
64 9 5419
64 13 5727
64 19 2199
64 87 2779
64 8 6677
64 41 7241
64 0 5476
64 14 2156
64 21 1268
64 68 6369
64 6 204
64 39 3854
64 40 3922
64 92 3657
64 85 1350
64 84 3405
64 95 813
64 37 6781
64 93 3976
64 79 415
64 97 6622
64 47 1132
65 80 4514
65 21 898
65 5 2631
65 62 4683
65 56 6310
65 17 586
65 79 599
65 78 5899
65 32 603
65 81 5004
65 2 3122
65 88 2473
65 33 1486
65 27 7269
65 85 6342
65 12 3990
65 34 4027
65 98 6838
65 66 5644
65 50 3147
65 29 2329
65 71 5947
65 68 5375
65 90 2882
65 60 6845
65 4 4027
65 94 5278
65 99 2091
66 59 6622
66 34 2342
66 42 6292
66 97 7373
66 56 3704
66 9 1334
66 37 2204
66 81 3162
66 5 6306
66 53 2949
66 49 5952
66 75 6784
66 12 4732
66 4 3972
66 80 4329
66 94 2827
66 84 1238
66 17 1119
66 18 6315
66 71 7121
66 92 3276
66 74 3900
66 55 7397
66 22 7189
66 30 2902
66 78 2577
66 82 2276
66 6 3524
66 68 2270
66 61 7156
67 88 6031
67 0 4253
67 79 639
67 19 5003
67 77 3916
67 6 3898
67 89 1813
67 53 1775
67 21 205
67 33 1353
67 13 4213
67 27 2828
67 23 2811
67 97 3497
67 18 4884
67 99 86
67 25 6975
67 51 1073
67 93 2908
67 69 1810
67 37 2415
67 48 675
67 4 5935
67 85 5999
67 24 574
67 62 6016
68 14 200
68 53 4950
68 78 5483
68 37 4162
68 25 3753
68 62 7393
68 6 5344
68 31 6689
68 2 66
68 13 1526
68 20 1073
68 22 4309
68 57 6718
68 88 4604
68 1 3766
68 28 6667
68 46 147
68 61 6816
68 99 2275
68 17 3132
68 90 5972
68 15 1973
68 49 875
68 36 5671
68 26 4354
68 70 5417
69 33 3487
69 94 4743
69 30 2323
69 34 1040
69 39 2790
69 31 2885
69 13 2880
69 65 5130
69 2 6060
69 49 1951
69 16 3460
69 40 2791
69 52 4407
69 5 1627
69 79 5713
69 35 761
69 48 4917
69 82 4227
69 59 4421
69 54 905
70 96 5221
70 76 922
70 63 4312
70 61 6797
70 43 2518
70 90 2108
70 72 5857
70 52 7057
70 34 6326
70 29 379
70 73 1391
70 64 565
70 48 2468
70 9 5077
70 25 5803
70 39 7119
70 51 1175
70 3 422
70 23 2100
70 88 3049
70 94 3528
70 93 2942
70 60 4820
70 1 2400
70 13 4192
70 4 6673
70 69 3499
70 33 4979
71 66 2084
71 57 2133
71 13 6042
71 53 7408
71 79 6550
71 7 30
71 89 7299
71 95 6229
71 98 2802
71 29 2420
71 51 6536
71 38 5122
71 82 3850
71 23 4270
71 88 2265
71 45 7272
71 25 1928
71 67 3751
71 68 658
71 48 79
71 5 3338
71 37 283
71 3 1647
71 75 2102
71 18 3328
71 52 880
71 92 4884
71 36 3773
71 24 4855
71 56 4630
71 17 1350
71 77 5708
72 59 2597
72 70 3018
72 74 2170
72 83 601
72 90 4106
72 0 4130
72 63 6578
72 7 1590
72 31 806
72 53 3911
72 89 5852
72 64 2214
72 78 2738
72 98 1860
72 60 5430
72 39 5796
72 41 3502
73 4 3090
73 93 1101
73 50 936
73 58 4274
73 21 398
73 76 5502
73 61 1522
73 47 5263
73 11 1015
73 69 7055
73 39 4384
73 14 26
73 60 2312
73 45 4875
73 48 1498
73 54 4431
73 13 568
73 64 4212
73 5 5001
73 6 6724
73 65 4895
73 0 7109
73 86 1100
73 71 1019
73 31 742
73 30 4882
73 23 5358
73 85 2601
73 3 4047
74 25 3238
74 54 357
74 75 5581
74 55 3093
74 67 6082
74 87 6416
74 50 6128
74 15 3462
74 70 294
74 16 4101
74 3 7140
74 9 3877
74 43 1553
74 71 6147
74 14 4971
74 35 2076
74 82 4863
74 64 24
74 60 3495
74 20 3161
74 81 2197
74 92 1036
74 4 4156
75 9 850
75 16 2655
75 84 6925
75 25 5972
75 4 6530
75 53 5115
75 18 2514
75 91 3772
75 42 5678
75 13 4677
75 67 3924
75 73 3164
75 36 3093
75 33 5719
75 22 6222
75 76 4017
75 57 1388
75 32 156
75 37 109
75 43 4256
75 81 6878
75 5 2795
75 87 937
75 69 5260
75 63 7036
75 83 2671
75 47 3023
75 41 3259
75 79 187
75 93 2349
76 45 2346
76 9 5536
76 92 4281
76 91 7190
76 34 268
76 80 4148
76 62 5916
76 51 4478
76 77 3977
76 35 5891
76 57 3470
76 96 1503
76 28 5486
76 53 5519
76 73 465
76 39 7184
76 86 6533
76 56 1428
76 40 5420
76 8 437
76 15 3847
76 72 1097
76 59 112
76 24 2515
76 22 5290
76 52 2448
77 67 1565
77 54 678
77 40 5823
77 33 1198
77 22 2102
77 51 7305
77 59 4879
77 60 167
77 78 5208
77 24 3220
77 88 7081
77 10 4147
77 62 1594
77 32 6137
77 47 354
77 5 3272
77 45 32
77 92 3648
77 15 5505
77 38 1549
77 93 7036
77 31 3773
77 63 4649
77 3 2213
77 89 4743
77 98 7073
77 41 1395
78 19 4599
78 11 5968
78 55 210
78 10 3326
78 90 6901
78 49 6686
78 86 6542
78 38 695
78 29 4072
78 66 5779
78 97 4213
78 79 2092
78 44 1800
78 99 7402
78 45 4954
78 80 6664
78 70 2889
78 42 451
78 75 2889
78 41 1078
78 26 1738
78 23 5474
78 34 3327
78 48 3450
78 73 7081
78 16 5828
78 98 3058
78 15 1729
78 96 693
78 77 7009
79 44 155
79 47 1865
79 50 6643
79 77 2295
79 38 3696
79 4 3477
79 26 6248
79 40 1384
79 33 2159
79 71 6997
79 58 642
79 6 7030
79 93 4471
79 3 3963
79 92 3460
79 63 1187
79 28 2967
79 89 5314
79 37 4712
79 8 1075
79 74 4533
79 52 1415
79 91 5298
79 62 1320
79 49 6873
79 0 6101
79 82 6221
80 57 4802
80 2 4899
80 53 1085
80 98 4890
80 45 3746
80 81 534
80 66 6536
80 5 4036
80 21 6068
80 67 3286
80 97 2573
80 44 1714
80 56 4188
80 54 3596
80 17 7399
80 51 2129
80 88 4851
80 35 6975
80 89 3068
80 99 6112
80 29 6348
80 23 5171
80 33 1921
80 15 507
80 24 5493
80 55 6452
80 61 5247
80 69 6896
80 28 3788
81 99 2904
81 77 5385
81 44 2723
81 24 34
81 21 1153
81 73 5307
81 61 7252
81 49 5368
81 2 3881
81 69 4655
81 39 5681
81 97 1389
81 35 571
81 20 6117
81 34 4722
81 18 109
81 70 4690
81 74 6727
81 84 2858
81 28 4917
81 85 1466
81 68 4183
81 16 5156
81 1 4655
81 46 4240
81 27 2329
81 86 6161
81 57 1401
82 18 2184
82 71 4330
82 73 6177
82 78 3154
82 32 235
82 24 5913
82 59 3467
82 19 651
82 60 4665
82 81 485
82 67 3788
82 1 3815
82 23 2744
82 25 2227
82 41 6543
82 58 5157
82 96 1923
82 10 2994
82 65 1491
82 84 437
83 16 1265
83 4 3936
83 8 3491
83 58 5891
83 57 7420
83 53 6337
83 21 5716
83 45 4884
83 87 1266
83 91 5024
83 48 7375
83 6 4392
83 97 2673
83 84 2315
83 3 3613
83 35 5888
83 96 5371
83 10 2502
83 66 5915
83 29 7282
83 27 5022
83 64 6675
83 88 1552
83 71 4628
83 30 2072
83 44 1371
83 31 3565
83 47 3914
83 73 6134
84 82 3594
84 71 1703
84 33 2079
84 49 352
84 39 1485
84 47 1379
84 16 3168
84 41 1906
84 80 3346
84 17 2867
84 87 283
84 60 5073
84 45 4866
84 58 289
84 29 1686
84 88 4269
84 36 2020
84 4 7144
84 0 1109
84 92 6298
84 79 2455
84 19 5174
84 40 817
84 57 3135
84 70 3217
84 97 5096
84 91 3094
84 99 4059
84 37 5596
84 93 827
85 23 1084
85 32 4353
85 5 1346
85 14 2469
85 80 6063
85 56 876
85 55 6872
85 51 4996
85 48 1936
85 69 597
85 92 106
85 71 5872
85 3 3892
85 34 1140
85 76 5277
85 66 6640
85 26 1476
85 7 4714
85 19 6205
85 64 6101
85 88 1869
85 18 500
85 78 6610
85 60 3231
85 43 4190
85 46 5791
85 81 1004
85 59 384
85 0 6599
85 65 2972
85 22 1214
85 1 5473
86 25 5227
86 46 4629
86 95 254
86 41 740
86 47 5935
86 61 1027
86 11 2242
86 84 3830
86 80 4006
86 98 4058
86 57 297
86 82 2667
86 15 5479
86 94 3863
86 38 6322
86 1 4466
86 91 2839
86 79 6120
86 31 2519
86 76 4238
86 78 6111
86 2 1334
86 3 2131
86 48 1202
87 54 4105
87 81 60
87 7 1621
87 68 465
87 15 4486
87 72 3537
87 5 4791
87 53 6319
87 37 5599
87 4 6841
87 47 3364
87 36 5886
87 92 3017
87 26 5566
87 45 7171
87 11 1995
87 93 4625
87 50 5141
87 82 3356
87 85 5709
87 29 3484
87 80 1717
87 46 4539
87 22 3838
87 34 5063
87 73 5446
87 55 6941
87 60 1833
87 25 7134
88 14 1891
88 49 605
88 42 1975
88 12 6303
88 51 4057
88 48 1578
88 30 1134
88 27 1820
88 81 2534
88 50 5321
88 0 6902
88 43 2910
88 60 4433
88 80 3250
88 24 876
88 34 2588
88 11 2493
88 17 2302
88 55 4951
88 44 1168
89 90 2248
89 3 521
89 16 5110
89 57 4489
89 99 2632
89 5 5432
89 48 3852
89 81 5962
89 40 4401
89 39 6575
89 32 4397
89 78 7292
89 76 7282
89 51 1092
89 62 52
89 50 3121
89 28 796
89 95 4758
89 34 616
89 56 6408
89 73 1810
89 83 110
89 60 4284
89 30 22
89 0 5976
89 68 5822
90 71 6198
90 55 3121
90 66 1196
90 94 3505
90 13 5339
90 7 7095
90 2 6780
90 35 2863
90 75 752
90 56 612
90 84 988
90 76 339
90 99 3790
90 47 3452
90 87 6313
90 51 4952
90 91 5156
90 16 7153
90 12 3401
90 30 177
90 28 6974
90 34 4385
90 25 4188
90 23 6231
90 80 6837
90 62 6383
90 33 3238
90 92 7177
90 42 1346
90 89 5625
90 40 1896
91 83 3666
91 25 86
91 16 5571
91 27 2115
91 76 6759
91 3 7022
91 59 6685
91 33 1918
91 20 2749
91 99 7060
91 9 923
91 12 4819
91 11 5014
91 65 6426
91 50 6340
91 26 4137
91 66 7068
91 95 106
91 57 2663
91 69 2476
91 79 2720
91 62 4941
91 18 6570
92 21 2832
92 52 6103
92 97 4864
92 30 5867
92 62 4307
92 58 1816
92 75 2327
92 56 6347
92 99 944
92 9 4530
92 28 6702
92 2 4954
92 36 3692
92 81 1328
92 85 7194
92 84 2358
92 48 4066
92 66 2714
92 54 6534
92 10 4615
92 91 3552
93 7 5526
93 14 3208
93 53 4519
93 84 4885
93 52 265
93 91 3901
93 29 1094
93 77 3571
93 2 1700
93 30 1621
93 16 4793
93 41 4055
93 69 972
93 10 1079
93 46 6962
93 5 3678
93 36 220
93 33 837
93 64 6099
93 94 41
93 86 5217
93 72 3209
93 54 5014
94 48 2759
94 52 7086
94 92 3282
94 88 4015
94 54 3951
94 19 1296
94 23 4986
94 76 2391
94 42 6433
94 64 566
94 25 2035
94 37 775
94 90 6132
94 27 5675
94 58 4151
94 71 6648
94 9 4562
94 83 5283
94 20 2202
94 3 2642
95 26 3475
95 82 1111
95 27 3297
95 30 3259
95 91 6999
95 72 3704
95 35 3338
95 13 2676
95 37 4567
95 19 6646
95 88 3585
95 50 3728
95 81 1943
95 20 1880
95 74 6465
95 54 6434
95 83 2703
95 73 6873
95 11 2972
95 16 3445
95 0 3897
95 8 5400
95 28 3707
95 12 7284
95 87 5521
95 56 6120
96 8 6852
96 2 7172
96 40 4095
96 71 1824
96 6 3099
96 39 2516
96 65 2829
96 9 4640
96 0 1338
96 61 4948
96 66 6096
96 7 2755
96 4 4999
96 33 3403
96 69 1122
96 86 5010
96 38 4450
96 3 4890
97 26 1300
97 95 5102
97 4 7237
97 55 2979
97 81 7261
97 52 4678
97 40 6879
97 13 4024
97 96 2826
97 85 5726
97 86 5362
97 29 3438
97 50 7160
97 82 1178
97 15 6970
97 93 972
97 30 6309
97 34 4333
97 92 501
97 12 4505
97 24 6483
97 47 3904
97 62 589
97 42 2714
97 19 1015
97 61 7295
97 9 1117
97 54 6641
97 51 514
97 21 7316
98 74 6974
98 21 4902
98 77 1398
98 44 4994
98 13 3717
98 5 924
98 62 1301
98 37 99
98 31 6743
98 91 2182
98 28 3133
98 16 1603
98 75 1941
98 8 2723
98 25 1887
98 80 3012
98 30 5082
98 23 6638
98 84 3875
98 60 4715
98 1 3818
98 3 7019
98 94 4237
98 68 6670
98 85 2363
98 46 7353
98 72 2008
99 30 2173
99 92 1182
99 41 1484
99 50 7175
99 34 2156
99 20 7331
99 21 6164
99 69 2975
99 87 6103
99 57 5252
99 10 6139
99 63 1251
99 32 4550
99 0 2490
99 54 4992
99 6 3230
99 31 7045
99 96 6646
99 52 6505
99 90 5652
99 45 2372
99 89 7405
99 17 5831
99 66 879
99 80 1702
99 56 3699
99 58 1274
99 53 4324
85
