70 4830
0 1 2203
0 2 13297
0 3 14039
0 4 1080
0 5 10399
0 6 9951
0 7 6162
0 8 1153
0 9 10433
0 10 5257
0 11 8849
0 12 1624
0 13 2066
0 14 5487
0 15 5119
0 16 9660
0 17 3277
0 18 9628
0 19 14076
0 20 2974
0 21 3341
0 22 6781
0 23 11520
0 24 1114
0 25 10052
0 26 6419
0 27 10671
0 28 14229
0 29 3370
0 30 9238
0 31 7789
0 32 13481
0 33 13
0 34 13207
0 35 11350
0 36 2955
0 37 979
0 38 10116
0 39 7259
0 40 1408
0 41 5795
0 42 12177
0 43 4858
0 44 2658
0 45 7389
0 46 13060
0 47 6001
0 48 6635
0 49 2867
0 50 12619
0 51 5676
0 52 4988
0 53 6763
0 54 12429
0 55 4185
0 56 13392
0 57 4541
0 58 352
0 59 2532
0 60 4593
0 61 5388
0 62 11830
0 63 12252
0 64 8698
0 65 3744
0 66 5457
0 67 3024
0 68 12882
0 69 12580
1 0 11357
1 2 4637
1 3 489
1 4 10640
1 5 4572
1 6 1713
1 7 11133
1 8 3359
1 9 13981
1 10 13475
1 11 1895
1 12 10327
1 13 14076
1 14 2085
1 15 8329
1 16 5788
1 17 3823
1 18 4459
1 19 4876
1 20 4350
1 21 410
1 22 7156
1 23 6622
1 24 2542
1 25 13654
1 26 1303
1 27 377
1 28 8340
1 29 12053
1 30 3143
1 31 517
1 32 13494
1 33 7237
1 34 10385
1 35 9922
1 36 5097
1 37 11056
1 38 9882
1 39 5282
1 40 8441
1 41 30
1 42 7029
1 43 5488
1 44 9237
1 45 12878
1 46 203
1 47 6002
1 48 2819
1 49 10875
1 50 9902
1 51 4672
1 52 12013
1 53 4010
1 54 10011
1 55 6513
1 56 10855
1 57 7864
1 58 9256
1 59 12911
1 60 7713
1 61 1846
1 62 12919
1 63 3921
1 64 6347
1 65 14186
1 66 5510
1 67 3836
1 68 11926
1 69 2986
2 0 7335
2 1 5190
2 3 5877
2 4 6343
2 5 13568
2 6 3146
2 7 13477
2 8 5580
2 9 9200
2 10 13450
2 11 13942
2 12 10706
2 13 2644
2 14 11286
2 15 11998
2 16 9166
2 17 4833
2 18 721
2 19 8259
2 20 9619
2 21 910
2 22 632
2 23 2107
2 24 4879
2 25 10736
2 26 2587
2 27 258
2 28 2081
2 29 2684
2 30 12524
2 31 13278
2 32 1884
2 33 3749
2 34 4715
2 35 7653
2 36 4129
2 37 1127
2 38 12097
2 39 13529
2 40 68
2 41 10979
2 42 1100
2 43 68
2 44 283
2 45 10931
2 46 9774
2 47 5672
2 48 12989
2 49 10136
2 50 884
2 51 6006
2 52 9448
2 53 6645
2 54 7143
2 55 7502
2 56 14027
2 57 495
2 58 11912
2 59 1795
2 60 3577
2 61 487
2 62 4978
2 63 13597
2 64 4522
2 65 10122
2 66 4639
2 67 11067
2 68 9506
2 69 13106
3 0 13388
3 1 11712
3 2 2497
3 4 5637
3 5 13250
3 6 6578
3 7 534
3 8 5429
3 9 9442
3 10 11165
3 11 1074
3 12 6648
3 13 13428
3 14 13102
3 15 10839
3 16 10620
3 17 9651
3 18 1974
3 19 9963
3 20 13503
3 21 9649
3 22 14174
3 23 4558
3 24 465
3 25 14037
3 26 12321
3 27 14401
3 28 11965
3 29 11698
3 30 5590
3 31 1291
3 32 43
3 33 3226
3 34 4895
3 35 13599
3 36 8390
3 37 5732
3 38 11410
3 39 7002
3 40 13411
3 41 6151
3 42 13137
3 43 10835
3 44 4346
3 45 4878
3 46 2677
3 47 9619
3 48 13227
3 49 544
3 50 3505
3 51 13109
3 52 7015
3 53 13744
3 54 11923
3 55 1469
3 56 6243
3 57 8042
3 58 10043
3 59 12841
3 60 7430
3 61 11546
3 62 12321
3 63 12509
3 64 11412
3 65 292
3 66 3888
3 67 7659
3 68 5090
3 69 11353
4 0 7716
4 1 3123
4 2 1463
4 3 12742
4 5 7779
4 6 5476
4 7 14340
4 8 2040
4 9 11489
4 10 11060
4 11 8606
4 12 2597
4 13 5578
4 14 13860
4 15 13201
4 16 11099
4 17 14459
4 18 4923
4 19 11740
4 20 2175
4 21 349
4 22 10542
4 23 13704
4 24 4224
4 25 6063
4 26 11804
4 27 7212
4 28 12487
4 29 5463
4 30 5937
4 31 9460
4 32 110
4 33 10340
4 34 9707
4 35 11097
4 36 229
4 37 3107
4 38 885
4 39 12456
4 40 6508
4 41 13935
4 42 5795
4 43 5265
4 44 13881
4 45 453
4 46 11471
4 47 11472
4 48 7273
4 49 8218
4 50 9181
4 51 9729
4 52 38
4 53 1888
4 54 5175
4 55 7431
4 56 3240
4 57 9029
4 58 8569
4 59 12399
4 60 9544
4 61 10915
4 62 7522
4 63 14085
4 64 890
4 65 976
4 66 2490
4 67 7065
4 68 12323
4 69 8456
5 0 4406
5 1 7938
5 2 11241
5 3 6429
5 4 10219
5 6 185
5 7 4459
5 8 2089
5 9 3303
5 10 1520
5 11 3639
5 12 1014
5 13 11361
5 14 2101
5 15 10813
5 16 14056
5 17 2822
5 18 10654
5 19 9810
5 20 3225
5 21 462
5 22 39
5 23 14139
5 24 5594
5 25 847
5 26 14432
5 27 2161
5 28 1547
5 29 3765
5 30 815
5 31 10150
5 32 10327
5 33 1846
5 34 7959
5 35 4476
5 36 12986
5 37 1374
5 38 9756
5 39 8071
5 40 4176
5 41 2419
5 42 12328
5 43 8222
5 44 8106
5 45 4977
5 46 2506
5 47 3964
5 48 5866
5 49 5562
5 50 8586
5 51 3055
5 52 13948
5 53 2305
5 54 6256
5 55 2176
5 56 7362
5 57 6279
5 58 1708
5 59 11447
5 60 6016
5 61 8230
5 62 12349
5 63 12245
5 64 6084
5 65 10640
5 66 13428
5 67 11217
5 68 8202
5 69 387
6 0 2650
6 1 789
6 2 5738
6 3 13223
6 4 6255
6 5 968
6 7 8246
6 8 11566
6 9 4342
6 10 199
6 11 2619
6 12 3897
6 13 11073
6 14 4602
6 15 4067
6 16 7950
6 17 3695
6 18 13219
6 19 7403
6 20 1554
6 21 5348
6 22 5334
6 23 10269
6 24 4856
6 25 950
6 26 7690
6 27 3962
6 28 13846
6 29 14462
6 30 3253
6 31 13623
6 32 9833
6 33 4997
6 34 10852
6 35 5383
6 36 9768
6 37 7838
6 38 9373
6 39 1868
6 40 11263
6 41 10608
6 42 1139
6 43 8480
6 44 4386
6 45 10804
6 46 2664
6 47 9333
6 48 12245
6 49 6739
6 50 5761
6 51 3603
6 52 7475
6 53 8566
6 54 1211
6 55 14433
6 56 611
6 57 4179
6 58 12838
6 59 6374
6 60 7494
6 61 11250
6 62 11452
6 63 14144
6 64 4354
6 65 12319
6 66 7892
6 67 10563
6 68 9876
6 69 12362
7 0 3097
7 1 4604
7 2 12070
7 3 9740
7 4 3580
7 5 14340
7 6 10378
7 8 801
7 9 5301
7 10 2108
7 11 8494
7 12 9611
7 13 3052
7 14 10187
7 15 8849
7 16 8758
7 17 3103
7 18 12494
7 19 8079
7 20 487
7 21 6808
7 22 8810
7 23 2140
7 24 10126
7 25 5557
7 26 12308
7 27 6141
7 28 6945
7 29 2681
7 30 403
7 31 8151
7 32 954
7 33 2513
7 34 3358
7 35 13886
7 36 12082
7 37 8879
7 38 11824
7 39 10173
7 40 4622
7 41 13531
7 42 8655
7 43 4803
7 44 4933
7 45 1023
7 46 6497
7 47 9079
7 48 8726
7 49 10781
7 50 5772
7 51 7700
7 52 13515
7 53 11830
7 54 10645
7 55 10646
7 56 8967
7 57 3307
7 58 7533
7 59 5240
7 60 10600
7 61 10555
7 62 13113
7 63 4552
7 64 12987
7 65 12496
7 66 9660
7 67 10766
7 68 7587
7 69 10664
8 0 9634
8 1 503
8 2 3148
8 3 11278
8 4 8986
8 5 3335
8 6 6862
8 7 10439
8 9 563
8 10 4059
8 11 9162
8 12 667
8 13 4049
8 14 11775
8 15 7044
8 16 3308
8 17 10318
8 18 9518
8 19 4660
8 20 8852
8 21 11327
8 22 5140
8 23 6834
8 24 3684
8 25 6412
8 26 2020
8 27 3322
8 28 9870
8 29 7030
8 30 9756
8 31 1272
8 32 11570
8 33 2198
8 34 9386
8 35 1851
8 36 7437
8 37 4957
8 38 8121
8 39 14222
8 40 1443
8 41 10932
8 42 2645
8 43 8869
8 44 10819
8 45 1097
8 46 2161
8 47 8003
8 48 8046
8 49 8220
8 50 12924
8 51 8160
8 52 6260
8 53 6101
8 54 6491
8 55 347
8 56 795
8 57 14486
8 58 7595
8 59 7951
8 60 3564
8 61 1878
8 62 4146
8 63 6223
8 64 477
8 65 9330
8 66 11378
8 67 8154
8 68 241
8 69 5132
9 0 13324
9 1 7174
9 2 1684
9 3 138
9 4 13110
9 5 431
9 6 8268
9 7 10592
9 8 398
9 10 3945
9 11 844
9 12 8159
9 13 10785
9 14 8651
9 15 6744
9 16 42
9 17 11770
9 18 6615
9 19 6762
9 20 6245
9 21 3579
9 22 1033
9 23 5850
9 24 6753
9 25 5933
9 26 9844
9 27 4275
9 28 12124
9 29 7305
9 30 4529
9 31 794
9 32 7459
9 33 10332
9 34 8736
9 35 11949
9 36 4433
9 37 7422
9 38 5574
9 39 1377
9 40 3440
9 41 5300
9 42 14050
9 43 22
9 44 7810
9 45 13949
9 46 4363
9 47 6412
9 48 10721
9 49 5275
9 50 3235
9 51 14114
9 52 12972
9 53 7344
9 54 8653
9 55 592
9 56 10168
9 57 10187
9 58 5120
9 59 1472
9 60 4711
9 61 11311
9 62 4920
9 63 14004
9 64 10505
9 65 10730
9 66 5321
9 67 10871
9 68 2073
9 69 10630
10 0 142
10 1 7489
10 2 11461
10 3 7030
10 4 9564
10 5 5156
10 6 6773
10 7 11805
10 8 1220
10 9 5720
10 11 10642
10 12 3661
10 13 1839
10 14 8046
10 15 2278
10 16 14045
10 17 12234
10 18 6869
10 19 3932
10 20 11514
10 21 2878
10 22 8126
10 23 9232
10 24 3914
10 25 1292
10 26 5293
10 27 5451
10 28 2836
10 29 7577
10 30 3927
10 31 1146
10 32 738
10 33 943
10 34 519
10 35 4991
10 36 2580
10 37 7281
10 38 11014
10 39 11237
10 40 1903
10 41 5541
10 42 12360
10 43 9104
10 44 8123
10 45 3049
10 46 9674
10 47 3599
10 48 9999
10 49 6565
10 50 8128
10 51 266
10 52 12052
10 53 6796
10 54 6654
10 55 2152
10 56 6230
10 57 4412
10 58 5613
10 59 7621
10 60 1847
10 61 11402
10 62 12603
10 63 12308
10 64 12753
10 65 14221
10 66 3170
10 67 6101
10 68 6244
10 69 11753
11 0 4207
11 1 654
11 2 7806
11 3 9855
11 4 3419
11 5 6735
11 6 1011
11 7 11063
11 8 7763
11 9 7685
11 10 10102
11 12 12607
11 13 14016
11 14 10467
11 15 11362
11 16 12708
11 17 3684
11 18 4179
11 19 7430
11 20 626
11 21 11361
11 22 10551
11 23 8905
11 24 5916
11 25 6603
11 26 4229
11 27 11030
11 28 5578
11 29 10273
11 30 13131
11 31 798
11 32 8067
11 33 3335
11 34 10728
11 35 2237
11 36 10644
11 37 493
11 38 10851
11 39 5120
11 40 2598
11 41 5769
11 42 3347
11 43 2904
11 44 5759
11 45 6786
11 46 13113
11 47 1020
11 48 9324
11 49 6288
11 50 13902
11 51 13550
11 52 4596
11 53 14075
11 54 4744
11 55 13309
11 56 6356
11 57 6459
11 58 13495
11 59 2395
11 60 11326
11 61 12984
11 62 7793
11 63 11442
11 64 8946
11 65 8635
11 66 13056
11 67 5713
11 68 6572
11 69 14226
12 0 4416
12 1 1126
12 2 6280
12 3 4010
12 4 6668
12 5 127
12 6 14229
12 7 3168
12 8 6100
12 9 6642
12 10 5166
12 11 12650
12 13 2242
12 14 5634
12 15 4180
12 16 9524
12 17 13637
12 18 1811
12 19 9191
12 20 11234
12 21 7336
12 22 14095
12 23 13082
12 24 14137
12 25 7232
12 26 143
12 27 12565
12 28 13363
12 29 14336
12 30 14102
12 31 6985
12 32 13614
12 33 8801
12 34 11706
12 35 11841
12 36 9245
12 37 4525
12 38 9466
12 39 12787
12 40 2452
12 41 4064
12 42 13998
12 43 10238
12 44 283
12 45 6380
12 46 11179
12 47 855
12 48 8146
12 49 12724
12 50 4544
12 51 8110
12 52 10018
12 53 8119
12 54 9823
12 55 11138
12 56 4133
12 57 6019
12 58 9172
12 59 12422
12 60 2183
12 61 13067
12 62 5121
12 63 10385
12 64 3914
12 65 3774
12 66 7297
12 67 3665
12 68 9008
12 69 13161
13 0 3396
13 1 6371
13 2 14334
13 3 10350
13 4 5517
13 5 7374
13 6 2479
13 7 956
13 8 3546
13 9 120
13 10 5059
13 11 9271
13 12 2865
13 14 11608
13 15 6608
13 16 2778
13 17 8946
13 18 2748
13 19 4577
13 20 2143
13 21 12618
13 22 2131
13 23 6003
13 24 4986
13 25 6722
13 26 12227
13 27 12133
13 28 5024
13 29 1209
13 30 9036
13 31 6135
13 32 11637
13 33 11969
13 34 14135
13 35 1411
13 36 801
13 37 2814
13 38 10447
13 39 9950
13 40 2230
13 41 7177
13 42 1381
13 43 9694
13 44 3246
13 45 6759
13 46 4190
13 47 8295
13 48 8687
13 49 12327
13 50 2832
13 51 12668
13 52 12281
13 53 2106
13 54 9072
13 55 4330
13 56 4233
13 57 14221
13 58 5365
13 59 2205
13 60 12854
13 61 12981
13 62 14323
13 63 805
13 64 7932
13 65 12780
13 66 8387
13 67 5742
13 68 3439
13 69 8287
14 0 8828
14 1 13116
14 2 10364
14 3 4188
14 4 2432
14 5 3011
14 6 10656
14 7 13081
14 8 8459
14 9 4984
14 10 3889
14 11 3843
14 12 14287
14 13 2269
14 15 4004
14 16 5444
14 17 8820
14 18 14294
14 19 14091
14 20 3237
14 21 5096
14 22 5653
14 23 7324
14 24 5603
14 25 8013
14 26 9365
14 27 12926
14 28 3954
14 29 1976
14 30 8175
14 31 8173
14 32 8101
14 33 11307
14 34 4699
14 35 10456
14 36 9946
14 37 11406
14 38 13062
14 39 3433
14 40 950
14 41 12333
14 42 1745
14 43 12765
14 44 14130
14 45 9268
14 46 1741
14 47 6920
14 48 14445
14 49 8299
14 50 7874
14 51 12923
14 52 1786
14 53 1039
14 54 13635
14 55 13263
14 56 9905
14 57 8471
14 58 4763
14 59 1077
14 60 2842
14 61 6058
14 62 3900
14 63 2757
14 64 7315
14 65 9853
14 66 7793
14 67 13455
14 68 10204
14 69 6386
15 0 12170
15 1 80
15 2 7089
15 3 835
15 4 7219
15 5 10197
15 6 13308
15 7 7222
15 8 7285
15 9 5492
15 10 9225
15 11 8326
15 12 5215
15 13 14053
15 14 1255
15 16 10417
15 17 10693
15 18 7349
15 19 6658
15 20 425
15 21 5457
15 22 8263
15 23 2947
15 24 2179
15 25 5449
15 26 8450
15 27 3875
15 28 3350
15 29 6263
15 30 7887
15 31 13483
15 32 8360
15 33 9873
15 34 11863
15 35 10967
15 36 2243
15 37 1166
15 38 11370
15 39 8933
15 40 6886
15 41 4712
15 42 11411
15 43 3008
15 44 6611
15 45 2388
15 46 13769
15 47 1515
15 48 3541
15 49 12534
15 50 1943
15 51 12251
15 52 5505
15 53 6655
15 54 12992
15 55 6861
15 56 4941
15 57 13892
15 58 12884
15 59 1817
15 60 8855
15 61 2696
15 62 13482
15 63 13160
15 64 18
15 65 9569
15 66 14435
15 67 7534
15 68 4126
15 69 4601
16 0 7181
16 1 8992
16 2 5284
16 3 9607
16 4 6974
16 5 2741
16 6 763
16 7 5159
16 8 7106
16 9 4554
16 10 5799
16 11 8855
16 12 10072
16 13 3101
16 14 2095
16 15 10075
16 17 13686
16 18 792
16 19 4463
16 20 11452
16 21 5888
16 22 12535
16 23 3282
16 24 6668
16 25 3742
16 26 3575
16 27 2887
16 28 13123
16 29 9620
16 30 1258
16 31 7719
16 32 1471
16 33 6218
16 34 5140
16 35 2790
16 36 13238
16 37 6066
16 38 2746
16 39 12128
16 40 4265
16 41 8818
16 42 6439
16 43 2662
16 44 7232
16 45 9673
16 46 6033
16 47 9117
16 48 8943
16 49 12267
16 50 5118
16 51 6835
16 52 6012
16 53 1626
16 54 10364
16 55 490
16 56 9820
16 57 9004
16 58 12183
16 59 6688
16 60 14258
16 61 4338
16 62 10234
16 63 7907
16 64 75
16 65 676
16 66 8156
16 67 2950
16 68 9440
16 69 2057
17 0 9152
17 1 6762
17 2 5997
17 3 11282
17 4 11706
17 5 5250
17 6 6157
17 7 11446
17 8 2531
17 9 9552
17 10 4083
17 11 1993
17 12 13804
17 13 1752
17 14 11151
17 15 405
17 16 6233
17 18 10532
17 19 435
17 20 3680
17 21 7363
17 22 10021
17 23 11110
17 24 14457
17 25 13521
17 26 13350
17 27 754
17 28 13843
17 29 7992
17 30 2456
17 31 1946
17 32 12027
17 33 4812
17 34 9998
17 35 10374
17 36 8881
17 37 4317
17 38 4683
17 39 13717
17 40 12404
17 41 5898
17 42 5821
17 43 10551
17 44 7560
17 45 5024
17 46 11351
17 47 13966
17 48 6432
17 49 5133
17 50 9807
17 51 12486
17 52 10445
17 53 11529
17 54 403
17 55 4846
17 56 8650
17 57 14293
17 58 3344
17 59 9330
17 60 4012
17 61 12219
17 62 13424
17 63 8426
17 64 11895
17 65 9503
17 66 13858
17 67 1243
17 68 3349
17 69 5209
18 0 1277
18 1 2796
18 2 10816
18 3 9669
18 4 5462
18 5 12997
18 6 7513
18 7 14060
18 8 6146
18 9 6513
18 10 7631
18 11 12262
18 12 5739
18 13 8350
18 14 5875
18 15 1713
18 16 626
18 17 2263
18 19 2415
18 20 3503
18 21 11969
18 22 12472
18 23 2700
18 24 10476
18 25 3523
18 26 332
18 27 3410
18 28 3093
18 29 9561
18 30 13351
18 31 2610
18 32 12203
18 33 3296
18 34 2837
18 35 7439
18 36 3015
18 37 6727
18 38 11857
18 39 10284
18 40 4079
18 41 10610
18 42 4623
18 43 660
18 44 3037
18 45 1855
18 46 13726
18 47 7258
18 48 6786
18 49 484
18 50 12045
18 51 10244
18 52 6417
18 53 13883
18 54 8865
18 55 1457
18 56 9943
18 57 8906
18 58 404
18 59 3657
18 60 9860
18 61 6514
18 62 7632
18 63 8310
18 64 3502
18 65 9520
18 66 8868
18 67 4120
18 68 11979
18 69 654
19 0 9253
19 1 3817
19 2 6319
19 3 6659
19 4 5745
19 5 8199
19 6 396
19 7 9357
19 8 8839
19 9 13596
19 10 1485
19 11 11133
19 12 12441
19 13 4773
19 14 3543
19 15 13455
19 16 13810
19 17 13042
19 18 2435
19 20 13917
19 21 10121
19 22 8439
19 23 11791
19 24 3332
19 25 4131
19 26 11500
19 27 1167
19 28 12417
19 29 3171
19 30 8074
19 31 8290
19 32 7119
19 33 11180
19 34 11978
19 35 13951
19 36 6525
19 37 9094
19 38 7206
19 39 481
19 40 8072
19 41 11029
19 42 5592
19 43 11521
19 44 4073
19 45 5897
19 46 257
19 47 5713
19 48 13652
19 49 9470
19 50 1971
19 51 9066
19 52 4447
19 53 3830
19 54 7354
19 55 6158
19 56 6088
19 57 3005
19 58 10254
19 59 2791
19 60 1342
19 61 781
19 62 13087
19 63 9589
19 64 9325
19 65 9091
19 66 7039
19 67 5471
19 68 6098
19 69 13548
20 0 9379
20 1 115
20 2 10231
20 3 4752
20 4 879
20 5 13196
20 6 10542
20 7 7838
20 8 11518
20 9 2963
20 10 14303
20 11 4979
20 12 3814
20 13 6524
20 14 12526
20 15 12828
20 16 12786
20 17 7965
20 18 8784
20 19 3989
20 21 10902
20 22 2468
20 23 10840
20 24 13533
20 25 11369
20 26 1058
20 27 3475
20 28 14250
20 29 14465
20 30 4223
20 31 12233
20 32 9250
20 33 927
20 34 3513
20 35 1738
20 36 11283
20 37 13082
20 38 1321
20 39 7384
20 40 1182
20 41 7210
20 42 3931
20 43 8540
20 44 6711
20 45 871
20 46 471
20 47 6863
20 48 12769
20 49 5535
20 50 6605
20 51 6860
20 52 2321
20 53 11195
20 54 8423
20 55 8135
20 56 1421
20 57 1876
20 58 12348
20 59 12745
20 60 11376
20 61 9940
20 62 4463
20 63 1126
20 64 13545
20 65 10867
20 66 13693
20 67 7987
20 68 3852
20 69 10291
21 0 8727
21 1 8092
21 2 6794
21 3 8234
21 4 13446
21 5 5878
21 6 9328
21 7 8781
21 8 8349
21 9 13803
21 10 13801
21 11 10197
21 12 5566
21 13 11056
21 14 981
21 15 290
21 16 11306
21 17 2221
21 18 6214
21 19 4002
21 20 4744
21 22 5838
21 23 6839
21 24 5478
21 25 1371
21 26 3493
21 27 10278
21 28 11316
21 29 2741
21 30 7132
21 31 7701
21 32 10533
21 33 14320
21 34 2338
21 35 12647
21 36 13411
21 37 7887
21 38 11975
21 39 7654
21 40 9607
21 41 6722
21 42 9737
21 43 2560
21 44 3182
21 45 4757
21 46 14436
21 47 11897
21 48 9415
21 49 3097
21 50 9819
21 51 13581
21 52 5146
21 53 3387
21 54 12138
21 55 10207
21 56 6425
21 57 9247
21 58 9221
21 59 2779
21 60 13171
21 61 14152
21 62 12454
21 63 11202
21 64 11649
21 65 5757
21 66 6152
21 67 3681
21 68 12702
21 69 7408
22 0 1455
22 1 3414
22 2 6466
22 3 337
22 4 1241
22 5 8452
22 6 5088
22 7 2000
22 8 14388
22 9 5043
22 10 12853
22 11 9330
22 12 7185
22 13 14006
22 14 796
22 15 6542
22 16 11446
22 17 7961
22 18 13490
22 19 8025
22 20 2855
22 21 12824
22 23 206
22 24 1936
22 25 4754
22 26 11570
22 27 7374
22 28 12153
22 29 10596
22 30 10628
22 31 6231
22 32 11380
22 33 11984
22 34 6410
22 35 14309
22 36 4552
22 37 2427
22 38 76
22 39 3461
22 40 10635
22 41 1807
22 42 11040
22 43 5791
22 44 11199
22 45 12865
22 46 2879
22 47 14001
22 48 10568
22 49 415
22 50 4966
22 51 11130
22 52 3481
22 53 6283
22 54 14018
22 55 1684
22 56 3617
22 57 8361
22 58 3939
22 59 11971
22 60 11229
22 61 9020
22 62 11938
22 63 13153
22 64 1082
22 65 6741
22 66 11922
22 67 4688
22 68 3785
22 69 1513
23 0 9356
23 1 4659
23 2 4985
23 3 12367
23 4 10538
23 5 7100
23 6 7034
23 7 5907
23 8 2252
23 9 11528
23 10 11332
23 11 3205
23 12 7332
23 13 12704
23 14 8300
23 15 9713
23 16 4457
23 17 315
23 18 12164
23 19 9061
23 20 12932
23 21 10165
23 22 8385
23 24 7522
23 25 195
23 26 9691
23 27 8029
23 28 13330
23 29 8774
23 30 770
23 31 11577
23 32 5083
23 33 12695
23 34 12875
23 35 3196
23 36 11161
23 37 9392
23 38 2792
23 39 9185
23 40 7845
23 41 5170
23 42 6282
23 43 12070
23 44 1018
23 45 5268
23 46 9680
23 47 5476
23 48 7785
23 49 12225
23 50 6891
23 51 8904
23 52 89
23 53 225
23 54 12165
23 55 11631
23 56 13376
23 57 10695
23 58 6522
23 59 11294
23 60 1941
23 61 9210
23 62 11684
23 63 8225
23 64 1486
23 65 12634
23 66 11568
23 67 5739
23 68 12511
23 69 2281
24 0 9805
24 1 6488
24 2 13397
24 3 1105
24 4 6720
24 5 7258
24 6 9989
24 7 815
24 8 11538
24 9 8502
24 10 10879
24 11 3740
24 12 8680
24 13 1634
24 14 5422
24 15 12710
24 16 12626
24 17 2451
24 18 4051
24 19 8584
24 20 1258
24 21 1414
24 22 12155
24 23 11771
24 25 13342
24 26 314
24 27 2460
24 28 11560
24 29 11226
24 30 13758
24 31 836
24 32 11016
24 33 7349
24 34 569
24 35 8374
24 36 13419
24 37 11916
24 38 12920
24 39 13752
24 40 8513
24 41 11763
24 42 6445
24 43 3929
24 44 9548
24 45 8454
24 46 4180
24 47 5198
24 48 11185
24 49 8362
24 50 14144
24 51 6894
24 52 775
24 53 10796
24 54 5535
24 55 3370
24 56 2851
24 57 4490
24 58 2444
24 59 11051
24 60 2813
24 61 6561
24 62 12684
24 63 432
24 64 10278
24 65 3373
24 66 9986
24 67 10143
24 68 4275
24 69 9784
25 0 4546
25 1 9825
25 2 12296
25 3 2595
25 4 14121
25 5 9605
25 6 8415
25 7 12088
25 8 13910
25 9 2632
25 10 6874
25 11 3857
25 12 11236
25 13 14117
25 14 3430
25 15 5122
25 16 1529
25 17 10239
25 18 3941
25 19 8750
25 20 7205
25 21 5253
25 22 10398
25 23 11799
25 24 7437
25 26 5412
25 27 12710
25 28 13589
25 29 1817
25 30 9986
25 31 10503
25 32 11128
25 33 2336
25 34 13231
25 35 7424
25 36 5406
25 37 6779
25 38 11423
25 39 6807
25 40 7266
25 41 2957
25 42 10825
25 43 4183
25 44 169
25 45 3588
25 46 10973
25 47 1476
25 48 3964
25 49 419
25 50 13701
25 51 6596
25 52 12427
25 53 2725
25 54 9336
25 55 11951
25 56 7691
25 57 8274
25 58 4733
25 59 12737
25 60 6435
25 61 2090
25 62 11400
25 63 2680
25 64 11814
25 65 6015
25 66 5607
25 67 3149
25 68 1852
25 69 11549
26 0 5571
26 1 3039
26 2 11930
26 3 3816
26 4 5659
26 5 9
26 6 3896
26 7 7471
26 8 7358
26 9 3804
26 10 4828
26 11 4990
26 12 11752
26 13 6098
26 14 6510
26 15 6787
26 16 1266
26 17 11398
26 18 12979
26 19 12309
26 20 834
26 21 7561
26 22 9646
26 23 2843
26 24 3101
26 25 4623
26 27 10579
26 28 11697
26 29 12901
26 30 4663
26 31 2407
26 32 7784
26 33 11457
26 34 7526
26 35 8070
26 36 11999
26 37 13200
26 38 178
26 39 12553
26 40 4522
26 41 13902
26 42 9310
26 43 6576
26 44 11205
26 45 3661
26 46 14174
26 47 3853
26 48 8563
26 49 10165
26 50 3462
26 51 12439
26 52 4123
26 53 8905
26 54 9528
26 55 9405
26 56 13253
26 57 10896
26 58 3994
26 59 10380
26 60 6702
26 61 14103
26 62 6108
26 63 7871
26 64 13206
26 65 12522
26 66 2640
26 67 5912
26 68 1874
26 69 12799
27 0 12700
27 1 2006
27 2 9801
27 3 4058
27 4 7519
27 5 4328
27 6 10970
27 7 14061
27 8 9806
27 9 6625
27 10 4027
27 11 7378
27 12 13990
27 13 13605
27 14 11749
27 15 10363
27 16 3928
27 17 8313
27 18 6474
27 19 12137
27 20 11616
27 21 11269
27 22 2044
27 23 5922
27 24 12998
27 25 2846
27 26 6484
27 28 1374
27 29 352
27 30 8107
27 31 3531
27 32 13563
27 33 663
27 34 8498
27 35 3311
27 36 3551
27 37 6162
27 38 9190
27 39 5727
27 40 4453
27 41 565
27 42 13396
27 43 5287
27 44 12386
27 45 10232
27 46 8620
27 47 8401
27 48 9691
27 49 4264
27 50 3344
27 51 13283
27 52 14211
27 53 6676
27 54 5872
27 55 988
27 56 13143
27 57 11323
27 58 12032
27 59 4446
27 60 7997
27 61 10285
27 62 431
27 63 10325
27 64 2269
27 65 13127
27 66 3847
27 67 9466
27 68 7698
27 69 1030
28 0 7442
28 1 2969
28 2 1461
28 3 60
28 4 1704
28 5 10642
28 6 12316
28 7 13936
28 8 3764
28 9 1338
28 10 8610
28 11 3067
28 12 9292
28 13 2269
28 14 5791
28 15 2045
28 16 10072
28 17 2710
28 18 5154
28 19 4026
28 20 11441
28 21 14062
28 22 13303
28 23 13004
28 24 11915
28 25 12758
28 26 4995
28 27 12152
28 29 14184
28 30 3933
28 31 12187
28 32 5913
28 33 9460
28 34 2721
28 35 8119
28 36 1662
28 37 1932
28 38 4973
28 39 6017
28 40 4983
28 41 9274
28 42 5172
28 43 7681
28 44 2555
28 45 13832
28 46 4187
28 47 3151
28 48 9178
28 49 14368
28 50 8253
28 51 11457
28 52 9211
28 53 2054
28 54 1683
28 55 9839
28 56 13914
28 57 6990
28 58 7323
28 59 6249
28 60 1089
28 61 3783
28 62 1559
28 63 8079
28 64 12842
28 65 5939
28 66 11706
28 67 3055
28 68 4287
28 69 3528
29 0 6430
29 1 7038
29 2 10926
29 3 13771
29 4 9125
29 5 13009
29 6 11178
29 7 7390
29 8 12742
29 9 13903
29 10 6245
29 11 13807
29 12 6314
29 13 1250
29 14 10451
29 15 9018
29 16 4914
29 17 10232
29 18 11211
29 19 7001
29 20 1719
29 21 9308
29 22 2895
29 23 8138
29 24 12293
29 25 6971
29 26 9828
29 27 9956
29 28 10290
29 30 827
29 31 10216
29 32 6065
29 33 10596
29 34 7613
29 35 12374
29 36 9952
29 37 5100
29 38 13822
29 39 8834
29 40 5376
29 41 4252
29 42 11483
29 43 628
29 44 13164
29 45 8191
29 46 6846
29 47 4677
29 48 13225
29 49 13413
29 50 10608
29 51 10894
29 52 1672
29 53 4778
29 54 1336
29 55 5514
29 56 10615
29 57 13286
29 58 11914
29 59 11442
29 60 13830
29 61 11733
29 62 4813
29 63 1196
29 64 5759
29 65 7835
29 66 5389
29 67 5297
29 68 8771
29 69 14247
30 0 9889
30 1 7737
30 2 12462
30 3 13836
30 4 6717
30 5 13957
30 6 9176
30 7 2125
30 8 8343
30 9 12273
30 10 10032
30 11 3807
30 12 10969
30 13 9537
30 14 9287
30 15 5331
30 16 14283
30 17 12199
30 18 3943
30 19 5887
30 20 8229
30 21 7034
30 22 12600
30 23 7274
30 24 5132
30 25 1465
30 26 7576
30 27 3104
30 28 8895
30 29 10580
30 31 4580
30 32 3908
30 33 13989
30 34 1067
30 35 8921
30 36 78
30 37 13441
30 38 12581
30 39 7167
30 40 6051
30 41 10144
30 42 976
30 43 11908
30 44 13110
30 45 13484
30 46 12912
30 47 705
30 48 9312
30 49 5302
30 50 463
30 51 2951
30 52 718
30 53 7861
30 54 11482
30 55 7733
30 56 13833
30 57 4335
30 58 5535
30 59 6990
30 60 13748
30 61 6261
30 62 4314
30 63 8429
30 64 204
30 65 281
30 66 4341
30 67 4198
30 68 11992
30 69 10125
31 0 11845
31 1 7394
31 2 124
31 3 9279
31 4 12836
31 5 8730
31 6 1171
31 7 8197
31 8 10014
31 9 2426
31 10 6611
31 11 9391
31 12 2754
31 13 7939
31 14 8546
31 15 9491
31 16 1158
31 17 14428
31 18 10258
31 19 3756
31 20 13885
31 21 7372
31 22 11669
31 23 1498
31 24 11749
31 25 8556
31 26 544
31 27 9534
31 28 13044
31 29 13935
31 30 995
31 32 14065
31 33 9217
31 34 989
31 35 13879
31 36 11494
31 37 3201
31 38 446
31 39 7458
31 40 1019
31 41 11800
31 42 14172
31 43 13489
31 44 8653
31 45 6290
31 46 1158
31 47 2592
31 48 11319
31 49 13295
31 50 2846
31 51 14274
31 52 4311
31 53 12219
31 54 12336
31 55 11664
31 56 3577
31 57 12
31 58 890
31 59 4543
31 60 587
31 61 5045
31 62 12719
31 63 1526
31 64 8452
31 65 1595
31 66 11763
31 67 13497
31 68 11404
31 69 11707
32 0 11053
32 1 1342
32 2 11521
32 3 4590
32 4 8555
32 5 4840
32 6 9045
32 7 4046
32 8 12827
32 9 10344
32 10 10637
32 11 372
32 12 2015
32 13 3700
32 14 10972
32 15 3006
32 16 8839
32 17 5655
32 18 6104
32 19 10693
32 20 2646
32 21 5012
32 22 7328
32 23 14085
32 24 1669
32 25 5668
32 26 13559
32 27 13303
32 28 2444
32 29 14359
32 30 5509
32 31 1473
32 33 10740
32 34 9579
32 35 3870
32 36 7458
32 37 2471
32 38 10450
32 39 10617
32 40 14292
32 41 2850
32 42 6243
32 43 5384
32 44 12160
32 45 10405
32 46 337
32 47 5685
32 48 347
32 49 7924
32 50 6113
32 51 7846
32 52 8964
32 53 8262
32 54 5046
32 55 14425
32 56 9873
32 57 4331
32 58 10715
32 59 3638
32 60 12593
32 61 14050
32 62 4204
32 63 1668
32 64 9456
32 65 12309
32 66 11452
32 67 10554
32 68 7331
32 69 2610
33 0 12452
33 1 12683
33 2 12895
33 3 6334
33 4 611
33 5 7382
33 6 13434
33 7 5622
33 8 13308
33 9 12391
33 10 7247
33 11 4541
33 12 3869
33 13 724
33 14 5110
33 15 3749
33 16 2655
33 17 3669
33 18 12571
33 19 4590
33 20 3000
33 21 6198
33 22 11404
33 23 1192
33 24 2385
33 25 12182
33 26 405
33 27 2222
33 28 8569
33 29 996
33 30 9676
33 31 5923
33 32 14397
33 34 340
33 35 9769
33 36 9700
33 37 14050
33 38 6188
33 39 12690
33 40 11394
33 41 9804
33 42 10365
33 43 11949
33 44 5305
33 45 5982
33 46 8155
33 47 1703
33 48 10580
33 49 5015
33 50 849
33 51 3695
33 52 2899
33 53 14049
33 54 12246
33 55 13220
33 56 6414
33 57 403
33 58 3020
33 59 11368
33 60 10649
33 61 8905
33 62 5025
33 63 7998
33 64 7904
33 65 4976
33 66 8555
33 67 13590
33 68 10996
33 69 7118
34 0 6586
34 1 4850
34 2 5434
34 3 9466
34 4 3855
34 5 1653
34 6 10940
34 7 10222
34 8 4448
34 9 4384
34 10 11322
34 11 9010
34 12 11392
34 13 8486
34 14 6754
34 15 4666
34 16 7359
34 17 13905
34 18 3274
34 19 2370
34 20 11326
34 21 10727
34 22 4964
34 23 13826
34 24 9402
34 25 12295
34 26 12673
34 27 9284
34 28 8881
34 29 10108
34 30 5157
34 31 12507
34 32 8089
34 33 14116
34 35 13741
34 36 13444
34 37 9499
34 38 9904
34 39 7338
34 40 11664
34 41 1784
34 42 862
34 43 161
34 44 2732
34 45 11075
34 46 4257
34 47 12719
34 48 9817
34 49 14038
34 50 10159
34 51 1206
34 52 14282
34 53 13510
34 54 4735
34 55 3511
34 56 3334
34 57 8651
34 58 1070
34 59 2674
34 60 5405
34 61 13396
34 62 2791
34 63 8895
34 64 4827
34 65 5124
34 66 4834
34 67 12885
34 68 10343
34 69 8205
35 0 10159
35 1 5600
35 2 9284
35 3 10290
35 4 610
35 5 9412
35 6 11822
35 7 5341
35 8 11319
35 9 943
35 10 7386
35 11 13847
35 12 10983
35 13 5943
35 14 127
35 15 3020
35 16 45
35 17 10707
35 18 6896
35 19 3531
35 20 5029
35 21 12993
35 22 10886
35 23 2451
35 24 12123
35 25 5548
35 26 744
35 27 1757
35 28 11594
35 29 2622
35 30 7078
35 31 145
35 32 6433
35 33 4567
35 34 307
35 36 9363
35 37 13878
35 38 12408
35 39 11678
35 40 6317
35 41 10309
35 42 13032
35 43 8238
35 44 13671
35 45 7906
35 46 13813
35 47 546
35 48 12040
35 49 4455
35 50 3991
35 51 303
35 52 11136
35 53 7193
35 54 8447
35 55 3677
35 56 3220
35 57 11729
35 58 9609
35 59 9624
35 60 6975
35 61 7864
35 62 4080
35 63 12386
35 64 9523
35 65 1449
35 66 12942
35 67 12982
35 68 13810
35 69 3154
36 0 3969
36 1 5689
36 2 11240
36 3 3575
36 4 6767
36 5 7950
36 6 8633
36 7 7206
36 8 4805
36 9 11922
36 10 7856
36 11 13513
36 12 1549
36 13 9559
36 14 8257
36 15 3966
36 16 7774
36 17 239
36 18 4146
36 19 14205
36 20 8282
36 21 9733
36 22 11919
36 23 10775
36 24 3997
36 25 12095
36 26 2271
36 27 3845
36 28 10486
36 29 3771
36 30 12644
36 31 1677
36 32 637
36 33 6139
36 34 5517
36 35 9511
36 37 10281
36 38 7453
36 39 393
36 40 1056
36 41 12918
36 42 848
36 43 2242
36 44 13059
36 45 13405
36 46 8174
36 47 10611
36 48 5920
36 49 1319
36 50 5161
36 51 10845
36 52 9125
36 53 938
36 54 2653
36 55 5704
36 56 10581
36 57 4174
36 58 6811
36 59 12546
36 60 12327
36 61 9448
36 62 6072
36 63 2482
36 64 6808
36 65 2488
36 66 14102
36 67 9525
36 68 11620
36 69 4440
37 0 3209
37 1 4484
37 2 5075
37 3 12885
37 4 10855
37 5 14409
37 6 10066
37 7 11982
37 8 6989
37 9 8298
37 10 13280
37 11 5224
37 12 9321
37 13 6132
37 14 550
37 15 12021
37 16 8764
37 17 9309
37 18 1804
37 19 1781
37 20 13119
37 21 2415
37 22 12477
37 23 8741
37 24 10185
37 25 11357
37 26 6687
37 27 9240
37 28 10387
37 29 8608
37 30 7088
37 31 6778
37 32 13113
37 33 9056
37 34 7651
37 35 5153
37 36 14294
37 38 6421
37 39 11123
37 40 6883
37 41 4881
37 42 11329
37 43 889
37 44 1831
37 45 14188
37 46 13409
37 47 462
37 48 10636
37 49 13199
37 50 13041
37 51 9687
37 52 10104
37 53 8199
37 54 14377
37 55 5269
37 56 6781
37 57 10439
37 58 11236
37 59 9915
37 60 10348
37 61 13089
37 62 14471
37 63 11116
37 64 13969
37 65 1342
37 66 2569
37 67 3219
37 68 1298
37 69 9500
38 0 1532
38 1 11877
38 2 1740
38 3 8893
38 4 9548
38 5 6426
38 6 12216
38 7 5497
38 8 6549
38 9 1723
38 10 1236
38 11 12575
38 12 7934
38 13 8735
38 14 6006
38 15 11179
38 16 4264
38 17 6198
38 18 626
38 19 11290
38 20 6002
38 21 13646
38 22 9302
38 23 7233
38 24 13918
38 25 1776
38 26 5242
38 27 11510
38 28 8438
38 29 13714
38 30 2449
38 31 10960
38 32 1194
38 33 3021
38 34 13928
38 35 10992
38 36 6929
38 37 5463
38 39 11880
38 40 9957
38 41 11752
38 42 9354
38 43 5132
38 44 10026
38 45 14274
38 46 8877
38 47 2377
38 48 10781
38 49 10642
38 50 747
38 51 10647
38 52 3832
38 53 11006
38 54 1673
38 55 3251
38 56 6922
38 57 14290
38 58 2859
38 59 2385
38 60 9957
38 61 2506
38 62 3130
38 63 16
38 64 8947
38 65 10815
38 66 9674
38 67 2490
38 68 13735
38 69 12855
39 0 5058
39 1 9278
39 2 4836
39 3 4896
39 4 11876
39 5 3425
39 6 10745
39 7 857
39 8 7287
39 9 11621
39 10 4638
39 11 11767
39 12 1520
39 13 10539
39 14 1769
39 15 13077
39 16 6986
39 17 10906
39 18 11299
39 19 7057
39 20 14404
39 21 13199
39 22 2957
39 23 1399
39 24 3824
39 25 12464
39 26 10427
39 27 2632
39 28 4467
39 29 11697
39 30 6037
39 31 14481
39 32 12742
39 33 8062
39 34 12619
39 35 13401
39 36 6343
39 37 6360
39 38 7727
39 40 4930
39 41 8884
39 42 10400
39 43 9358
39 44 1774
39 45 3781
39 46 5801
39 47 13715
39 48 6298
39 49 8972
39 50 13006
39 51 5668
39 52 8169
39 53 1820
39 54 12116
39 55 4344
39 56 7070
39 57 4317
39 58 12561
39 59 13405
39 60 8873
39 61 13336
39 62 14125
39 63 9635
39 64 3633
39 65 9540
39 66 13800
39 67 6732
39 68 12511
39 69 13912
40 0 4501
40 1 10541
40 2 10967
40 3 12304
40 4 2951
40 5 6672
40 6 7715
40 7 5439
40 8 5575
40 9 13166
40 10 1137
40 11 13482
40 12 2857
40 13 3969
40 14 7771
40 15 9692
40 16 3036
40 17 12521
40 18 7814
40 19 8026
40 20 11283
40 21 13001
40 22 3457
40 23 13705
40 24 623
40 25 2964
40 26 5478
40 27 11610
40 28 1773
40 29 4798
40 30 8871
40 31 6149
40 32 4398
40 33 9470
40 34 5775
40 35 3255
40 36 10291
40 37 7181
40 38 7180
40 39 2944
40 41 12477
40 42 319
40 43 2288
40 44 3321
40 45 14206
40 46 6032
40 47 13275
40 48 3101
40 49 9831
40 50 13221
40 51 517
40 52 8789
40 53 1964
40 54 11350
40 55 3776
40 56 7759
40 57 8921
40 58 13762
40 59 12987
40 60 13044
40 61 985
40 62 4543
40 63 8833
40 64 8140
40 65 7267
40 66 7586
40 67 12006
40 68 7408
40 69 136
41 0 2874
41 1 9065
41 2 5583
41 3 2814
41 4 1132
41 5 4977
41 6 5890
41 7 1844
41 8 698
41 9 12555
41 10 13878
41 11 268
41 12 3881
41 13 1798
41 14 2643
41 15 2692
41 16 6292
41 17 3314
41 18 4159
41 19 11880
41 20 12104
41 21 12969
41 22 4809
41 23 12249
41 24 7641
41 25 855
41 26 455
41 27 3691
41 28 7868
41 29 10985
41 30 13969
41 31 11587
41 32 4389
41 33 13959
41 34 1073
41 35 9194
41 36 6764
41 37 10744
41 38 159
41 39 7644
41 40 12421
41 42 12587
41 43 504
41 44 9557
41 45 7401
41 46 11721
41 47 3413
41 48 13793
41 49 4367
41 50 14093
41 51 8586
41 52 13119
41 53 13413
41 54 4622
41 55 11819
41 56 4664
41 57 14094
41 58 12706
41 59 2615
41 60 4387
41 61 11724
41 62 5510
41 63 7694
41 64 10482
41 65 1857
41 66 8320
41 67 12841
41 68 11812
41 69 14452
42 0 4330
42 1 4683
42 2 13807
42 3 535
42 4 11640
42 5 394
42 6 8125
42 7 11339
42 8 13483
42 9 6022
42 10 3371
42 11 9787
42 12 9693
42 13 9830
42 14 7975
42 15 3812
42 16 4362
42 17 12236
42 18 8440
42 19 4861
42 20 6161
42 21 9320
42 22 3592
42 23 6689
42 24 9309
42 25 11596
42 26 1859
42 27 2787
42 28 12386
42 29 9746
42 30 9426
42 31 9421
42 32 237
42 33 5946
42 34 3208
42 35 6676
42 36 12764
42 37 12702
42 38 7909
42 39 12644
42 40 3863
42 41 9449
42 43 10061
42 44 13448
42 45 13967
42 46 12592
42 47 5607
42 48 4926
42 49 2177
42 50 5484
42 51 961
42 52 7237
42 53 14050
42 54 433
42 55 1146
42 56 9379
42 57 1072
42 58 5591
42 59 4812
42 60 118
42 61 1730
42 62 4064
42 63 10691
42 64 10722
42 65 9839
42 66 12897
42 67 764
42 68 13642
42 69 8770
43 0 2423
43 1 1625
43 2 12442
43 3 10972
43 4 13940
43 5 12719
43 6 561
43 7 3741
43 8 11963
43 9 6276
43 10 11444
43 11 2944
43 12 12365
43 13 8578
43 14 9943
43 15 7601
43 16 2921
43 17 685
43 18 12949
43 19 14417
43 20 13462
43 21 854
43 22 10387
43 23 4712
43 24 2857
43 25 3760
43 26 11549
43 27 3775
43 28 9910
43 29 13330
43 30 913
43 31 2279
43 32 4481
43 33 13512
43 34 2127
43 35 3052
43 36 8688
43 37 7418
43 38 2231
43 39 4865
43 40 8429
43 41 290
43 42 9434
43 44 14001
43 45 11439
43 46 510
43 47 4674
43 48 8705
43 49 9698
43 50 13735
43 51 2179
43 52 10218
43 53 14252
43 54 4472
43 55 8410
43 56 4662
43 57 11974
43 58 10231
43 59 10106
43 60 10016
43 61 358
43 62 12
43 63 5864
43 64 9876
43 65 5759
43 66 6383
43 67 5418
43 68 12093
43 69 2662
44 0 10145
44 1 7527
44 2 2620
44 3 4082
44 4 12713
44 5 13249
44 6 11620
44 7 1376
44 8 5341
44 9 2540
44 10 2182
44 11 13655
44 12 827
44 13 6807
44 14 1447
44 15 10776
44 16 5895
44 17 13516
44 18 4440
44 19 4124
44 20 2752
44 21 2226
44 22 11877
44 23 1753
44 24 1438
44 25 10450
44 26 10641
44 27 5849
44 28 8452
44 29 6838
44 30 9427
44 31 6951
44 32 8236
44 33 5062
44 34 5428
44 35 9609
44 36 10248
44 37 5852
44 38 8013
44 39 13274
44 40 13403
44 41 12592
44 42 7826
44 43 3288
44 45 11477
44 46 8028
44 47 13810
44 48 245
44 49 14246
44 50 23
44 51 13092
44 52 5190
44 53 3599
44 54 13606
44 55 8589
44 56 6420
44 57 1606
44 58 821
44 59 9463
44 60 5209
44 61 13346
44 62 14386
44 63 14465
44 64 3065
44 65 7211
44 66 685
44 67 7292
44 68 5274
44 69 5336
45 0 11611
45 1 6737
45 2 541
45 3 1971
45 4 4787
45 5 1717
45 6 703
45 7 8006
45 8 4865
45 9 4943
45 10 13662
45 11 10682
45 12 11180
45 13 10210
45 14 5986
45 15 11730
45 16 11980
45 17 12356
45 18 10793
45 19 5083
45 20 5927
45 21 5869
45 22 12244
45 23 8199
45 24 4675
45 25 14283
45 26 12930
45 27 3872
45 28 3249
45 29 11112
45 30 3199
45 31 7824
45 32 3891
45 33 6742
45 34 983
45 35 8071
45 36 10248
45 37 13651
45 38 13559
45 39 14154
45 40 2010
45 41 8419
45 42 12242
45 43 11838
45 44 7530
45 46 11284
45 47 7054
45 48 11791
45 49 11597
45 50 8676
45 51 10587
45 52 8875
45 53 6635
45 54 11503
45 55 910
45 56 4115
45 57 1768
45 58 5502
45 59 2964
45 60 10156
45 61 13015
45 62 6419
45 63 13440
45 64 322
45 65 4534
45 66 5128
45 67 14110
45 68 5525
45 69 6654
46 0 11340
46 1 4869
46 2 12173
46 3 2476
46 4 1375
46 5 6261
46 6 4908
46 7 13844
46 8 9776
46 9 2257
46 10 6429
46 11 12765
46 12 14477
46 13 8950
46 14 2959
46 15 8390
46 16 6363
46 17 5811
46 18 11991
46 19 6513
46 20 621
46 21 520
46 22 13351
46 23 1069
46 24 14393
46 25 1291
46 26 2481
46 27 573
46 28 909
46 29 14439
46 30 1968
46 31 11471
46 32 12697
46 33 215
46 34 3058
46 35 14309
46 36 2223
46 37 12660
46 38 6821
46 39 11539
46 40 4349
46 41 3774
46 42 8661
46 43 1575
46 44 4595
46 45 9506
46 47 1532
46 48 7480
46 49 12107
46 50 12771
46 51 10727
46 52 6144
46 53 1464
46 54 3269
46 55 11120
46 56 10585
46 57 6766
46 58 14242
46 59 2045
46 60 12792
46 61 11493
46 62 7903
46 63 7719
46 64 3446
46 65 9225
46 66 8631
46 67 11777
46 68 12372
46 69 7935
47 0 12696
47 1 3209
47 2 517
47 3 8193
47 4 10044
47 5 5148
47 6 9754
47 7 3716
47 8 1445
47 9 1829
47 10 12427
47 11 4934
47 12 4142
47 13 2374
47 14 1101
47 15 4903
47 16 13644
47 17 9864
47 18 6860
47 19 6381
47 20 591
47 21 3257
47 22 10230
47 23 5517
47 24 1841
47 25 8621
47 26 8470
47 27 12177
47 28 14290
47 29 12787
47 30 3557
47 31 10200
47 32 8054
47 33 2971
47 34 2969
47 35 5038
47 36 10964
47 37 14272
47 38 8185
47 39 13307
47 40 12653
47 41 8950
47 42 3890
47 43 10278
47 44 9698
47 45 7334
47 46 13760
47 48 6844
47 49 12188
47 50 1690
47 51 13296
47 52 4574
47 53 9772
47 54 6888
47 55 14059
47 56 3296
47 57 2904
47 58 13153
47 59 13131
47 60 7155
47 61 4415
47 62 11944
47 63 6270
47 64 1098
47 65 9229
47 66 11774
47 67 5157
47 68 8585
47 69 7792
48 0 9429
48 1 10612
48 2 11080
48 3 10986
48 4 6722
48 5 7788
48 6 13384
48 7 7705
48 8 5028
48 9 12820
48 10 7273
48 11 13854
48 12 13718
48 13 2669
48 14 5404
48 15 9836
48 16 9357
48 17 284
48 18 9897
48 19 3633
48 20 1884
48 21 1587
48 22 952
48 23 3839
48 24 1801
48 25 4949
48 26 9424
48 27 14475
48 28 5304
48 29 5057
48 30 6861
48 31 12521
48 32 1408
48 33 13154
48 34 12061
48 35 994
48 36 6623
48 37 13130
48 38 11810
48 39 13263
48 40 2014
48 41 283
48 42 12474
48 43 6094
48 44 1289
48 45 8702
48 46 261
48 47 13709
48 49 10310
48 50 2835
48 51 9481
48 52 14138
48 53 6735
48 54 10154
48 55 9510
48 56 2456
48 57 13509
48 58 4457
48 59 5992
48 60 1835
48 61 1082
48 62 9439
48 63 1361
48 64 5189
48 65 2817
48 66 818
48 67 7022
48 68 1725
48 69 4440
49 0 7376
49 1 2286
49 2 7484
49 3 7753
49 4 5993
49 5 216
49 6 8224
49 7 1653
49 8 7416
49 9 12241
49 10 2625
49 11 12071
49 12 4197
49 13 7072
49 14 9072
49 15 6674
49 16 3263
49 17 12653
49 18 5155
49 19 12936
49 20 6540
49 21 10354
49 22 225
49 23 9163
49 24 2344
49 25 12453
49 26 9217
49 27 5000
49 28 5943
49 29 14121
49 30 13961
49 31 14055
49 32 7911
49 33 8914
49 34 8339
49 35 12884
49 36 10618
49 37 6209
49 38 8577
49 39 6097
49 40 7415
49 41 5171
49 42 53
49 43 12917
49 44 11152
49 45 534
49 46 4205
49 47 5262
49 48 11342
49 50 9879
49 51 9219
49 52 9460
49 53 7372
49 54 7990
49 55 600
49 56 2118
49 57 968
49 58 5664
49 59 245
49 60 12243
49 61 7291
49 62 1498
49 63 11436
49 64 14069
49 65 10794
49 66 4004
49 67 13003
49 68 10
49 69 710
50 0 11296
50 1 3559
50 2 7681
50 3 6084
50 4 9651
50 5 8035
50 6 10574
50 7 4847
50 8 13502
50 9 5822
50 10 874
50 11 329
50 12 264
50 13 309
50 14 8346
50 15 3958
50 16 8226
50 17 1552
50 18 2756
50 19 6473
50 20 6899
50 21 5474
50 22 5271
50 23 5321
50 24 5526
50 25 2265
50 26 13203
50 27 6624
50 28 4837
50 29 2236
50 30 8044
50 31 14154
50 32 10866
50 33 14133
50 34 6789
50 35 9553
50 36 1797
50 37 10690
50 38 1350
50 39 4173
50 40 12189
50 41 6878
50 42 936
50 43 5408
50 44 831
50 45 9171
50 46 12812
50 47 12912
50 48 7782
50 49 7779
50 51 12729
50 52 5453
50 53 11794
50 54 5830
50 55 1516
50 56 11431
50 57 3592
50 58 6888
50 59 11553
50 60 5229
50 61 1576
50 62 146
50 63 8627
50 64 11542
50 65 14117
50 66 5764
50 67 13421
50 68 7263
50 69 13505
51 0 3756
51 1 775
51 2 772
51 3 5912
51 4 3807
51 5 14136
51 6 3288
51 7 5588
51 8 8985
51 9 357
51 10 4142
51 11 2971
51 12 10028
51 13 2709
51 14 1434
51 15 5296
51 16 13787
51 17 3400
51 18 1991
51 19 14281
51 20 6931
51 21 5482
51 22 7597
51 23 13235
51 24 11116
51 25 6673
51 26 720
51 27 7798
51 28 1158
51 29 493
51 30 12208
51 31 11202
51 32 5830
51 33 1091
51 34 12136
51 35 1066
51 36 2661
51 37 2157
51 38 1525
51 39 3886
51 40 2035
51 41 3827
51 42 6241
51 43 4268
51 44 9413
51 45 4334
51 46 9156
51 47 1927
51 48 5017
51 49 13952
51 50 12764
51 52 8905
51 53 9234
51 54 7954
51 55 6749
51 56 9390
51 57 5375
51 58 12684
51 59 7885
51 60 9784
51 61 2494
51 62 10934
51 63 6519
51 64 9997
51 65 10775
51 66 3375
51 67 11271
51 68 8137
51 69 7051
52 0 745
52 1 12711
52 2 1018
52 3 10991
52 4 4653
52 5 4003
52 6 3561
52 7 4174
52 8 4286
52 9 4018
52 10 2901
52 11 8947
52 12 13099
52 13 5682
52 14 7274
52 15 7198
52 16 13807
52 17 12350
52 18 5601
52 19 9372
52 20 3448
52 21 8183
52 22 3800
52 23 4244
52 24 10390
52 25 10971
52 26 10849
52 27 10108
52 28 5218
52 29 444
52 30 2351
52 31 13596
52 32 5059
52 33 1969
52 34 8442
52 35 10512
52 36 10857
52 37 10820
52 38 2016
52 39 7352
52 40 3737
52 41 4327
52 42 613
52 43 11497
52 44 13133
52 45 5722
52 46 11692
52 47 5042
52 48 1284
52 49 8068
52 50 8474
52 51 12709
52 53 10808
52 54 4943
52 55 7573
52 56 10860
52 57 2898
52 58 3314
52 59 13422
52 60 11565
52 61 13097
52 62 12397
52 63 13081
52 64 14069
52 65 2453
52 66 6461
52 67 2984
52 68 4886
52 69 5575
53 0 3287
53 1 687
53 2 7900
53 3 6429
53 4 6767
53 5 10680
53 6 8051
53 7 4563
53 8 7789
53 9 10976
53 10 13292
53 11 3604
53 12 5008
53 13 10926
53 14 14453
53 15 12601
53 16 1604
53 17 7881
53 18 2771
53 19 10698
53 20 12614
53 21 6423
53 22 333
53 23 11852
53 24 5865
53 25 6177
53 26 1887
53 27 8509
53 28 11056
53 29 6158
53 30 4062
53 31 504
53 32 6461
53 33 2162
53 34 13210
53 35 4004
53 36 8615
53 37 12897
53 38 10341
53 39 6637
53 40 8668
53 41 8896
53 42 3253
53 43 577
53 44 9166
53 45 3120
53 46 486
53 47 3315
53 48 5471
53 49 8386
53 50 2078
53 51 10991
53 52 9865
53 54 4860
53 55 9439
53 56 3838
53 57 490
53 58 5800
53 59 8104
53 60 8019
53 61 6776
53 62 6950
53 63 10023
53 64 8363
53 65 96
53 66 11372
53 67 1317
53 68 13066
53 69 6104
54 0 13457
54 1 10740
54 2 12928
54 3 12497
54 4 6490
54 5 1537
54 6 2864
54 7 14011
54 8 6768
54 9 11616
54 10 3384
54 11 7217
54 12 6393
54 13 14257
54 14 3463
54 15 10378
54 16 5703
54 17 7785
54 18 3759
54 19 14393
54 20 5819
54 21 12778
54 22 9184
54 23 10255
54 24 13528
54 25 1190
54 26 13634
54 27 7666
54 28 5540
54 29 6257
54 30 9679
54 31 1982
54 32 12235
54 33 12267
54 34 7016
54 35 4842
54 36 8025
54 37 1535
54 38 8225
54 39 8408
54 40 560
54 41 5330
54 42 12089
54 43 13677
54 44 7915
54 45 7058
54 46 11110
54 47 8324
54 48 4485
54 49 12490
54 50 13762
54 51 11596
54 52 1301
54 53 10176
54 55 3840
54 56 11385
54 57 1639
54 58 11513
54 59 11085
54 60 11481
54 61 872
54 62 376
54 63 11756
54 64 1466
54 65 3904
54 66 12398
54 67 6025
54 68 12250
54 69 5714
55 0 3974
55 1 10983
55 2 11988
55 3 4564
55 4 3718
55 5 10283
55 6 1997
55 7 10162
55 8 2948
55 9 9467
55 10 3681
55 11 3980
55 12 12099
55 13 4230
55 14 10094
55 15 9180
55 16 3760
55 17 4142
55 18 4009
55 19 14050
55 20 12011
55 21 251
55 22 13373
55 23 764
55 24 2394
55 25 9031
55 26 8979
55 27 11839
55 28 2385
55 29 12801
55 30 774
55 31 8164
55 32 1712
55 33 1731
55 34 11141
55 35 9869
55 36 5563
55 37 1906
55 38 11320
55 39 5008
55 40 2020
55 41 13833
55 42 11615
55 43 6183
55 44 10203
55 45 9441
55 46 5290
55 47 14215
55 48 1676
55 49 8022
55 50 2205
55 51 11671
55 52 14155
55 53 4482
55 54 11273
55 56 507
55 57 3717
55 58 11124
55 59 6685
55 60 8558
55 61 4974
55 62 10789
55 63 1589
55 64 12548
55 65 1819
55 66 14235
55 67 12060
55 68 1784
55 69 493
56 0 8244
56 1 676
56 2 11301
56 3 2457
56 4 11235
56 5 8524
56 6 1871
56 7 10064
56 8 10356
56 9 2938
56 10 14197
56 11 6570
56 12 10726
56 13 6060
56 14 3673
56 15 11590
56 16 3435
56 17 13633
56 18 5782
56 19 8518
56 20 10962
56 21 11993
56 22 5493
56 23 11462
56 24 9933
56 25 6420
56 26 14195
56 27 12504
56 28 7047
56 29 11019
56 30 9973
56 31 8630
56 32 14340
56 33 9832
56 34 9956
56 35 3294
56 36 6779
56 37 6723
56 38 4910
56 39 12816
56 40 836
56 41 8186
56 42 10388
56 43 6530
56 44 12299
56 45 5222
56 46 3446
56 47 8478
56 48 1177
56 49 13255
56 50 1805
56 51 5352
56 52 11550
56 53 3626
56 54 5108
56 55 907
56 57 5649
56 58 78
56 59 3623
56 60 343
56 61 7916
56 62 9102
56 63 11424
56 64 9425
56 65 9432
56 66 6289
56 67 12303
56 68 10542
56 69 10374
57 0 7993
57 1 4065
57 2 6985
57 3 8645
57 4 3670
57 5 5397
57 6 726
57 7 11053
57 8 13634
57 9 5838
57 10 13629
57 11 2954
57 12 12460
57 13 2717
57 14 8144
57 15 11536
57 16 11654
57 17 12369
57 18 6650
57 19 12287
57 20 674
57 21 5286
57 22 6169
57 23 6303
57 24 1264
57 25 4649
57 26 262
57 27 8207
57 28 6306
57 29 320
57 30 10878
57 31 723
57 32 8643
57 33 11853
57 34 8806
57 35 6931
57 36 10710
57 37 7902
57 38 9428
57 39 14452
57 40 13658
57 41 6013
57 42 1494
57 43 7712
57 44 3766
57 45 11562
57 46 11363
57 47 12894
57 48 558
57 49 10940
57 50 13372
57 51 11027
57 52 14173
57 53 5153
57 54 9424
57 55 9155
57 56 3591
57 58 10278
57 59 10274
57 60 11325
57 61 12124
57 62 7478
57 63 5063
57 64 8764
57 65 2928
57 66 9224
57 67 1237
57 68 3486
57 69 12592
58 0 2972
58 1 13585
58 2 13943
58 3 2639
58 4 499
58 5 12433
58 6 6790
58 7 2393
58 8 1585
58 9 5121
58 10 14149
58 11 5828
58 12 9715
58 13 11794
58 14 12246
58 15 9438
58 16 6151
58 17 1856
58 18 10618
58 19 767
58 20 3815
58 21 1056
58 22 717
58 23 8408
58 24 14265
58 25 8571
58 26 6683
58 27 10906
58 28 8986
58 29 11671
58 30 1909
58 31 910
58 32 14071
58 33 690
58 34 3104
58 35 11327
58 36 2316
58 37 9080
58 38 11520
58 39 8057
58 40 5278
58 41 11544
58 42 11888
58 43 6813
58 44 3105
58 45 658
58 46 12997
58 47 1040
58 48 7158
58 49 12643
58 50 13563
58 51 3443
58 52 7640
58 53 5544
58 54 6813
58 55 2308
58 56 351
58 57 6461
58 59 9623
58 60 12092
58 61 6268
58 62 1793
58 63 2591
58 64 3445
58 65 13808
58 66 4478
58 67 2076
58 68 5880
58 69 5429
59 0 7356
59 1 11195
59 2 6614
59 3 3290
59 4 3508
59 5 10519
59 6 8693
59 7 3697
59 8 7671
59 9 7876
59 10 11809
59 11 3311
59 12 14379
59 13 13719
59 14 10233
59 15 3166
59 16 3636
59 17 11773
59 18 3936
59 19 2050
59 20 3712
59 21 91
59 22 10297
59 23 1222
59 24 5902
59 25 14126
59 26 6232
59 27 618
59 28 8950
59 29 5168
59 30 7280
59 31 11392
59 32 959
59 33 8896
59 34 9865
59 35 4659
59 36 12343
59 37 12417
59 38 2082
59 39 2084
59 40 8662
59 41 5840
59 42 2624
59 43 6693
59 44 990
59 45 12523
59 46 9560
59 47 11480
59 48 6224
59 49 12839
59 50 8716
59 51 12227
59 52 8286
59 53 4234
59 54 966
59 55 10570
59 56 11846
59 57 4294
59 58 5513
59 60 6751
59 61 11612
59 62 8539
59 63 1880
59 64 5809
59 65 3797
59 66 12644
59 67 12987
59 68 5777
59 69 5217
60 0 5788
60 1 9665
60 2 9142
60 3 8807
60 4 12581
60 5 6142
60 6 1886
60 7 6039
60 8 5407
60 9 7329
60 10 12918
60 11 3251
60 12 8188
60 13 396
60 14 2923
60 15 6639
60 16 9422
60 17 11359
60 18 5039
60 19 13343
60 20 10712
60 21 11756
60 22 8021
60 23 14224
60 24 809
60 25 1592
60 26 9157
60 27 8446
60 28 943
60 29 9371
60 30 2933
60 31 11364
60 32 5678
60 33 4728
60 34 5525
60 35 11014
60 36 9434
60 37 11181
60 38 9386
60 39 1275
60 40 9091
60 41 7322
60 42 2588
60 43 1615
60 44 12269
60 45 2279
60 46 8978
60 47 11572
60 48 13286
60 49 3941
60 50 2069
60 51 1442
60 52 10450
60 53 9269
60 54 8648
60 55 9386
60 56 7239
60 57 10974
60 58 2325
60 59 1143
60 61 2192
60 62 944
60 63 1438
60 64 12790
60 65 63
60 66 8487
60 67 19
60 68 1338
60 69 1839
61 0 14453
61 1 9748
61 2 2667
61 3 9733
61 4 11685
61 5 10818
61 6 6867
61 7 1419
61 8 2339
61 9 5727
61 10 5652
61 11 6041
61 12 9056
61 13 4293
61 14 1937
61 15 3043
61 16 4186
61 17 9272
61 18 9869
61 19 7918
61 20 667
61 21 13488
61 22 3228
61 23 3694
61 24 6060
61 25 10377
61 26 7277
61 27 2381
61 28 11559
61 29 8295
61 30 9745
61 31 6271
61 32 4609
61 33 11166
61 34 3796
61 35 1572
61 36 1143
61 37 11476
61 38 13963
61 39 13176
61 40 14445
61 41 10934
61 42 12270
61 43 8324
61 44 14072
61 45 7288
61 46 7275
61 47 867
61 48 12382
61 49 14130
61 50 12477
61 51 7711
61 52 198
61 53 6514
61 54 14038
61 55 4765
61 56 10769
61 57 7606
61 58 5549
61 59 3297
61 60 14192
61 62 5084
61 63 2599
61 64 7373
61 65 7091
61 66 3542
61 67 8288
61 68 3667
61 69 13415
62 0 3536
62 1 13408
62 2 13356
62 3 12390
62 4 7007
62 5 3490
62 6 9400
62 7 9297
62 8 826
62 9 13535
62 10 6450
62 11 1700
62 12 3483
62 13 12376
62 14 9439
62 15 3014
62 16 3261
62 17 9228
62 18 3301
62 19 12423
62 20 1172
62 21 8741
62 22 10429
62 23 18
62 24 8144
62 25 824
62 26 5412
62 27 4507
62 28 2723
62 29 8617
62 30 13906
62 31 943
62 32 7063
62 33 10753
62 34 716
62 35 6193
62 36 2706
62 37 1111
62 38 4719
62 39 2768
62 40 1396
62 41 1287
62 42 14135
62 43 6159
62 44 12256
62 45 11661
62 46 12339
62 47 1412
62 48 12464
62 49 1488
62 50 5414
62 51 14129
62 52 11251
62 53 4411
62 54 7650
62 55 11167
62 56 14160
62 57 8569
62 58 13701
62 59 13497
62 60 12025
62 61 12647
62 63 11399
62 64 9544
62 65 2778
62 66 704
62 67 1936
62 68 7337
62 69 9735
63 0 652
63 1 696
63 2 9229
63 3 5654
63 4 9094
63 5 3579
63 6 8481
63 7 4052
63 8 10620
63 9 5688
63 10 11743
63 11 14002
63 12 10836
63 13 912
63 14 289
63 15 13854
63 16 12236
63 17 12354
63 18 1021
63 19 5411
63 20 3519
63 21 5563
63 22 13099
63 23 7180
63 24 9504
63 25 9101
63 26 3571
63 27 2910
63 28 12103
63 29 6688
63 30 4378
63 31 6380
63 32 9007
63 33 932
63 34 11521
63 35 9963
63 36 5741
63 37 6039
63 38 2338
63 39 4171
63 40 2148
63 41 9876
63 42 773
63 43 4106
63 44 4162
63 45 1516
63 46 5403
63 47 10033
63 48 11249
63 49 6551
63 50 7326
63 51 13242
63 52 971
63 53 3049
63 54 8755
63 55 5038
63 56 2015
63 57 10100
63 58 3549
63 59 12412
63 60 12021
63 61 7979
63 62 11862
63 64 12372
63 65 13550
63 66 1741
63 67 11729
63 68 12897
63 69 14298
64 0 9089
64 1 9576
64 2 478
64 3 1162
64 4 4993
64 5 8560
64 6 8649
64 7 10614
64 8 2331
64 9 880
64 10 9879
64 11 5058
64 12 8782
64 13 11359
64 14 3977
64 15 1140
64 16 6700
64 17 8044
64 18 7434
64 19 7720
64 20 7869
64 21 271
64 22 14371
64 23 8079
64 24 13145
64 25 9061
64 26 11807
64 27 3596
64 28 1712
64 29 11667
64 30 1256
64 31 9037
64 32 14312
64 33 8749
64 34 14014
64 35 6477
64 36 11061
64 37 11852
64 38 5434
64 39 10740
64 40 9414
64 41 8764
64 42 12109
64 43 12353
64 44 1674
64 45 2164
64 46 10778
64 47 4564
64 48 11681
64 49 4893
64 50 13343
64 51 7580
64 52 12295
64 53 13300
64 54 2532
64 55 7505
64 56 3726
64 57 681
64 58 3956
64 59 5774
64 60 1706
64 61 820
64 62 11562
64 63 784
64 65 8946
64 66 9237
64 67 10694
64 68 5249
64 69 7899
65 0 10427
65 1 4840
65 2 2986
65 3 9744
65 4 9169
65 5 6417
65 6 7297
65 7 13099
65 8 6512
65 9 12319
65 10 5784
65 11 626
65 12 8680
65 13 1695
65 14 12685
65 15 6931
65 16 12430
65 17 7644
65 18 5291
65 19 10705
65 20 8830
65 21 6091
65 22 9005
65 23 13793
65 24 2855
65 25 6448
65 26 7325
65 27 2845
65 28 535
65 29 3409
65 30 12748
65 31 14309
65 32 10254
65 33 655
65 34 13031
65 35 3990
65 36 550
65 37 2846
65 38 1968
65 39 2178
65 40 2638
65 41 12157
65 42 10750
65 43 6100
65 44 3101
65 45 7543
65 46 10682
65 47 2500
65 48 10976
65 49 9267
65 50 1129
65 51 7173
65 52 1680
65 53 11461
65 54 3778
65 55 10641
65 56 7188
65 57 10851
65 58 941
65 59 3580
65 60 10843
65 61 8575
65 62 6531
65 63 4637
65 64 14335
65 66 1740
65 67 1358
65 68 10228
65 69 8131
66 0 8979
66 1 6115
66 2 13674
66 3 13250
66 4 2944
66 5 1337
66 6 9220
66 7 13869
66 8 205
66 9 10276
66 10 6480
66 11 10101
66 12 8531
66 13 9382
66 14 6052
66 15 2957
66 16 13516
66 17 4449
66 18 5031
66 19 5855
66 20 5297
66 21 12445
66 22 5263
66 23 1602
66 24 3883
66 25 5977
66 26 9248
66 27 13304
66 28 6934
66 29 4681
66 30 12956
66 31 1696
66 32 6830
66 33 6898
66 34 674
66 35 13434
66 36 1441
66 37 7864
66 38 737
66 39 5600
66 40 11965
66 41 2280
66 42 8998
66 43 404
66 44 7932
66 45 6563
66 46 5442
66 47 8162
66 48 166
66 49 791
66 50 1104
66 51 13777
66 52 517
66 53 6227
66 54 9902
66 55 13925
66 56 9571
66 57 1259
66 58 8884
66 59 3483
66 60 5001
66 61 6172
66 62 1451
66 63 392
66 64 10462
66 65 4910
66 67 9025
66 68 2237
66 69 793
67 0 1924
67 1 6159
67 2 7881
67 3 2617
67 4 5578
67 5 8364
67 6 4667
67 7 9250
67 8 5362
67 9 13034
67 10 3493
67 11 3566
67 12 6448
67 13 2009
67 14 955
67 15 13527
67 16 8292
67 17 143
67 18 7247
67 19 19
67 20 3992
67 21 12967
67 22 813
67 23 8587
67 24 865
67 25 2909
67 26 990
67 27 8570
67 28 9173
67 29 6246
67 30 13249
67 31 14208
67 32 2367
67 33 2197
67 34 3300
67 35 7213
67 36 6274
67 37 4279
67 38 10625
67 39 1191
67 40 2790
67 41 6959
67 42 2785
67 43 9386
67 44 8872
67 45 6143
67 46 7589
67 47 3436
67 48 13985
67 49 7780
67 50 9097
67 51 11795
67 52 7950
67 53 1266
67 54 4042
67 55 4250
67 56 7933
67 57 12434
67 58 7763
67 59 12387
67 60 5962
67 61 7113
67 62 9557
67 63 12919
67 64 605
67 65 10544
67 66 11772
67 68 11285
67 69 5358
68 0 5336
68 1 13616
68 2 5809
68 3 2330
68 4 13279
68 5 7138
68 6 10915
68 7 2080
68 8 4398
68 9 7163
68 10 1575
68 11 1777
68 12 1047
68 13 18
68 14 12051
68 15 3778
68 16 5414
68 17 12307
68 18 7376
68 19 12335
68 20 7900
68 21 4130
68 22 12827
68 23 12184
68 24 416
68 25 9486
68 26 10473
68 27 8644
68 28 10682
68 29 13537
68 30 3035
68 31 7716
68 32 2492
68 33 3636
68 34 3712
68 35 8022
68 36 5562
68 37 5460
68 38 3297
68 39 1450
68 40 5526
68 41 1497
68 42 5096
68 43 10680
68 44 10503
68 45 8205
68 46 12523
68 47 6655
68 48 1940
68 49 5889
68 50 10337
68 51 5597
68 52 10155
68 53 7853
68 54 4894
68 55 2102
68 56 14255
68 57 3153
68 58 2579
68 59 8282
68 60 9159
68 61 10922
68 62 1510
68 63 1243
68 64 8613
68 65 10171
68 66 1704
68 67 4671
68 69 14226
69 0 8155
69 1 7591
69 2 2262
69 3 7778
69 4 444
69 5 750
69 6 1476
69 7 14334
69 8 535
69 9 12889
69 10 8728
69 11 6439
69 12 3413
69 13 7295
69 14 9839
69 15 14410
69 16 3405
69 17 6162
69 18 8325
69 19 6532
69 20 6392
69 21 12824
69 22 6666
69 23 2248
69 24 7313
69 25 4339
69 26 14339
69 27 6764
69 28 14226
69 29 7948
69 30 7714
69 31 11988
69 32 6169
69 33 4188
69 34 2344
69 35 185
69 36 3390
69 37 8396
69 38 7526
69 39 13199
69 40 10899
69 41 2949
69 42 13893
69 43 9160
69 44 11603
69 45 5054
69 46 11972
69 47 13382
69 48 3990
69 49 10124
69 50 10683
69 51 2722
69 52 1890
69 53 3051
69 54 2672
69 55 8777
69 56 3331
69 57 4624
69 58 3436
69 59 11728
69 60 6696
69 61 10108
69 62 8984
69 63 9290
69 64 6941
69 65 12780
69 66 12669
69 67 4407
69 68 7937
45
