100 7425
0 95 4971
0 13 11831
0 19 12511
0 42 5511
0 84 13474
0 63 20713
0 16 19720
0 48 17820
0 52 22255
0 91 11835
0 56 358
0 10 6885
0 65 9456
0 27 19511
0 4 15231
0 60 13819
0 86 1929
0 35 350
0 92 13095
0 15 10723
0 93 2411
0 7 19510
0 58 9558
0 77 12174
0 67 21872
0 97 10073
0 78 5184
0 36 15067
0 12 8197
0 6 8388
0 43 7916
0 33 16249
0 73 10333
0 83 16432
0 71 2490
0 2 491
0 81 10684
0 66 18378
0 41 9886
0 14 3143
0 79 18266
0 72 12893
0 21 3330
0 45 10068
0 37 7960
0 46 9979
0 50 294
0 51 6337
0 87 15801
0 40 11243
0 47 18839
0 89 15300
0 3 18560
0 1 5579
0 22 1335
0 34 3624
0 20 14259
0 54 5029
0 75 945
0 53 3161
0 32 1506
0 39 9781
0 59 482
0 82 4171
0 94 13403
0 62 16179
0 28 22028
0 24 105
0 99 13135
0 17 6164
1 36 5617
1 18 8661
1 5 18326
1 47 1284
1 4 10722
1 95 10787
1 52 16198
1 23 1944
1 71 3903
1 19 19239
1 11 10419
1 49 4455
1 74 19807
1 21 2482
1 99 12595
1 26 16267
1 77 7096
1 63 20878
1 8 1408
1 81 15193
1 32 6584
1 78 1967
1 41 6414
1 0 15947
1 38 5210
1 24 4862
1 40 4971
1 35 5890
1 72 14443
1 68 10332
1 94 12131
1 73 18733
1 90 4827
1 43 4691
1 27 22223
1 57 8108
1 87 13903
1 92 12680
1 13 9869
1 66 4943
1 12 4403
1 65 7038
1 7 16180
1 70 13360
1 9 582
1 69 10931
1 59 13098
1 56 1418
1 39 9850
1 75 18253
1 3 5396
1 84 1433
1 96 221
1 6 12251
1 42 2131
1 82 11296
1 62 6660
1 33 15181
1 28 17011
1 2 6494
1 17 12325
1 46 10396
1 91 14621
1 55 7580
1 53 785
1 58 12526
1 60 12423
1 67 9256
1 76 17517
1 89 18942
1 48 9444
1 51 13986
1 37 13648
1 80 19618
1 88 10392
1 34 1276
2 63 15980
2 3 10128
2 24 9883
2 1 8924
2 30 1965
2 58 20615
2 0 16084
2 15 21725
2 87 11415
2 25 8886
2 9 5040
2 64 13766
2 90 9082
2 71 10384
2 96 4681
2 35 21968
2 88 7585
2 75 6715
2 41 5957
2 31 21372
2 50 5995
2 16 6403
2 44 20613
2 80 7192
2 4 13958
2 60 20208
2 6 3641
2 73 19126
2 5 19343
2 27 9341
2 26 20340
2 94 15773
2 93 20023
2 17 11958
2 67 8374
2 69 7763
2 68 1121
2 48 2665
2 81 6577
2 74 21692
2 19 16785
2 10 4303
2 85 7973
2 7 13968
2 36 17486
2 59 15908
2 43 2407
2 14 17019
2 38 15923
2 29 3470
2 40 11493
2 20 18332
2 13 13968
2 11 14344
2 78 12317
2 33 21130
2 32 18451
2 99 20600
2 97 3178
2 28 5280
2 57 9622
2 61 3065
2 22 12662
2 47 10442
2 12 14595
2 46 12562
2 84 8742
2 21 16445
2 53 3084
2 42 12956
2 45 4532
2 89 18681
2 37 2413
2 39 8685
2 62 5282
2 55 17014
2 79 17713
2 76 9790
2 70 10188
2 18 18851
2 86 3699
3 19 17946
3 85 5092
3 13 22064
3 48 4730
3 9 12787
3 88 10691
3 74 2117
3 97 869
3 37 8453
3 69 9515
3 53 13466
3 47 3068
3 27 14067
3 44 22258
3 8 9883
3 81 21194
3 12 11687
3 60 8727
3 90 5600
3 20 20980
3 58 7728
3 6 14668
3 94 18512
3 21 1065
3 22 16820
3 0 10038
3 38 318
3 72 6741
3 50 16090
3 43 3940
3 92 16171
3 79 6172
3 35 19195
3 66 19723
3 64 6395
3 51 18917
3 1 5211
3 87 13822
3 73 10136
3 41 17311
3 59 14689
3 7 8555
3 16 11560
3 89 10123
3 25 11749
3 46 9984
3 32 18250
3 45 7276
3 67 11488
3 65 778
3 33 7855
3 52 15494
3 36 67
3 15 15766
3 2 14051
3 11 1230
3 86 6907
3 76 6224
3 96 16463
3 23 11654
3 26 5748
3 84 17645
3 30 13690
3 82 17817
3 14 19670
3 55 10810
3 29 12182
3 5 2717
3 28 456
3 42 15976
3 31 17155
3 91 10583
3 63 21946
3 71 7578
3 54 8736
4 62 15779
4 50 20428
4 78 20483
4 87 18812
4 91 9425
4 98 1366
4 95 11517
4 97 18528
4 54 20655
4 31 4132
4 19 3847
4 7 431
4 81 8850
4 29 14859
4 83 14457
4 52 9506
4 99 10688
4 74 17240
4 1 21326
4 27 1898
4 32 6199
4 64 13949
4 72 2008
4 0 14342
4 59 15646
4 61 14717
4 85 15200
4 75 22111
4 73 19270
4 3 16637
4 16 18301
4 93 17328
4 37 15154
4 35 12096
4 58 4071
4 65 1075
4 40 11012
4 12 5278
4 69 20505
4 2 250
4 17 5025
4 33 19109
4 30 8160
4 23 19050
4 60 7846
4 22 4985
4 66 6769
4 51 177
4 53 8754
4 43 12450
4 55 19702
4 56 9209
4 94 16103
4 41 5353
4 46 12071
4 84 7542
4 6 20968
4 18 7644
4 89 17800
4 38 21073
4 36 15980
4 70 15250
4 88 7510
4 47 14597
4 77 19780
4 25 3605
4 79 16379
4 26 8549
4 90 1162
4 68 16408
4 13 15978
4 11 19450
4 57 6890
4 49 13335
4 34 18603
4 21 18745
5 15 16989
5 17 8276
5 57 14251
5 18 13742
5 37 10879
5 27 10897
5 30 1648
5 14 19778
5 0 15660
5 45 21401
5 7 20768
5 71 5535
5 84 14535
5 13 283
5 67 8145
5 93 135
5 41 18282
5 16 10897
5 72 20761
5 49 12324
5 86 8170
5 83 20577
5 28 19736
5 87 9273
5 43 3782
5 76 20914
5 59 6289
5 34 21170
5 98 18472
5 70 3754
5 24 12779
5 63 17614
5 74 2667
5 95 17641
5 64 14111
5 78 11380
5 11 626
5 91 627
5 96 13189
5 54 10765
5 69 1028
5 77 17967
5 38 9404
5 12 53
5 4 19973
5 90 16444
5 26 3958
5 75 3654
5 61 15642
5 88 22091
5 22 16660
5 6 939
5 65 6159
5 40 11294
5 80 3483
5 68 19560
5 2 18803
5 56 14256
5 19 11334
5 50 17678
5 3 19280
5 39 4788
5 60 381
5 1 15085
5 21 11424
5 52 11219
5 66 11199
5 94 5447
5 89 5079
5 20 20409
5 51 16490
6 94 9064
6 21 8593
6 48 11960
6 54 10467
6 73 16935
6 1 18435
6 90 19450
6 35 3262
6 85 6966
6 76 20518
6 86 20229
6 91 5962
6 20 13256
6 95 17264
6 70 9917
6 29 19356
6 49 16145
6 41 20927
6 4 5170
6 11 20845
6 0 3241
6 65 9318
6 55 17144
6 3 12104
6 66 17409
6 79 13975
6 75 11197
6 68 7093
6 39 18284
6 46 7067
6 40 18437
6 22 17941
6 45 5723
6 7 17971
6 28 5779
6 31 10989
6 63 1623
6 26 19461
6 92 119
6 87 10797
6 5 17989
6 42 11917
6 8 11078
6 32 11661
6 56 13178
6 78 14635
6 9 3124
6 83 16309
6 19 11199
6 93 19511
6 33 1695
6 98 164
6 88 18786
6 43 5316
6 27 11121
6 77 2348
6 81 12413
6 89 3724
6 74 10488
6 80 15459
6 69 10314
6 72 3974
6 15 14399
6 64 7344
6 96 15246
6 47 2755
6 58 16813
6 17 11541
6 16 7809
6 14 3409
6 50 16607
6 30 4338
6 12 13450
7 35 6676
7 29 14681
7 14 1035
7 95 21794
7 23 15899
7 24 9783
7 40 17619
7 55 13986
7 18 13641
7 50 493
7 11 2173
7 10 12652
7 20 17126
7 70 2531
7 28 6663
7 45 1522
7 22 8060
7 54 1515
7 58 6948
7 27 1119
7 51 13214
7 79 10834
7 91 1541
7 3 8463
7 96 17473
7 42 3128
7 65 16484
7 1 18581
7 26 17246
7 52 14040
7 31 14837
7 64 15481
7 68 15089
7 67 13230
7 83 15915
7 25 19484
7 98 14794
7 12 7749
7 30 14950
7 21 10005
7 9 10081
7 33 9710
7 84 7256
7 4 2767
7 86 15900
7 66 12122
7 15 19606
7 19 9318
7 77 11011
7 36 18915
7 71 2936
7 38 1322
7 13 2130
7 56 14639
7 94 5464
7 44 11135
7 49 4408
7 69 9316
7 89 8382
7 76 16958
7 47 12773
7 60 2279
7 17 17501
7 97 5659
7 37 15868
7 8 17192
7 5 15349
7 93 6785
7 63 12632
7 16 8033
7 39 1464
7 92 3982
8 23 9158
8 10 16635
8 55 16049
8 27 8703
8 82 3794
8 76 20413
8 28 21699
8 6 19657
8 59 15423
8 99 2504
8 38 4422
8 20 18534
8 85 21380
8 13 10976
8 54 4400
8 79 20017
8 33 4231
8 91 8400
8 2 2624
8 0 17343
8 32 3737
8 83 4836
8 95 4584
8 48 16595
8 30 15561
8 17 10048
8 57 19632
8 56 11972
8 80 664
8 87 16861
8 24 4334
8 84 3002
8 74 2791
8 62 4759
8 53 20890
8 37 15552
8 49 20665
8 70 3563
8 51 12163
8 35 15743
8 12 6602
8 75 9645
8 64 14887
8 71 1431
8 9 14158
8 81 3534
8 69 14378
8 73 19474
8 72 17704
8 61 4816
8 18 20780
8 98 19055
8 3 14550
8 94 1140
8 92 10684
8 25 17501
8 46 4425
8 7 7565
8 96 2032
8 16 8451
8 5 19617
8 50 3854
8 4 18541
8 21 6039
8 1 822
8 39 421
8 78 17329
8 89 11171
8 45 19917
8 86 11842
8 77 20323
8 11 20453
8 52 4156
8 66 435
8 68 20721
8 19 5134
8 34 3337
8 14 10238
8 26 11715
8 41 6381
9 25 2414
9 60 4099
9 8 1085
9 63 5484
9 54 1361
9 79 18328
9 52 18791
9 65 9003
9 81 867
9 24 16419
9 69 21657
9 1 11000
9 5 13757
9 84 20051
9 32 16675
9 93 16584
9 19 5232
9 78 19409
9 13 3782
9 31 11666
9 29 17378
9 41 7708
9 74 1908
9 94 8842
9 23 20039
9 68 9022
9 56 18843
9 21 20523
9 59 6663
9 85 16879
9 38 12095
9 4 17766
9 98 4780
9 70 7867
9 53 21416
9 36 8010
9 80 9686
9 14 16559
9 58 1204
9 42 3541
9 34 8495
9 62 3741
9 10 2716
9 7 6519
9 83 3465
9 27 10849
9 72 9262
9 96 19827
9 20 5693
9 82 21008
9 97 10611
9 0 14352
9 6 7891
9 76 12029
9 28 3460
9 46 21296
9 30 13207
9 61 14160
9 45 10840
9 55 4824
9 90 5800
9 26 11502
9 17 18696
9 12 6123
9 18 109
9 48 15371
9 89 20928
9 91 573
9 44 11251
9 33 11614
9 49 13837
9 39 7352
10 79 17524
10 65 12221
10 27 1118
10 3 21482
10 52 9213
10 8 6903
10 11 22163
10 87 5466
10 41 17652
10 14 4356
10 74 18319
10 70 13828
10 69 12277
10 56 11905
10 29 1888
10 23 20417
10 76 9579
10 1 15966
10 93 6323
10 42 1425
10 45 17800
10 85 14362
10 15 17829
10 31 679
10 6 15948
10 96 1252
10 28 19780
10 83 8105
10 13 19090
10 99 21702
10 33 2806
10 92 18176
10 86 16335
10 40 4657
10 4 10211
10 84 16287
10 9 16671
10 44 5839
10 12 22208
10 16 21021
10 90 21914
10 46 11215
10 91 16488
10 35 295
10 59 326
10 95 11526
10 5 3829
10 61 9932
10 19 1873
10 60 10483
10 47 16062
10 26 3010
10 17 1594
10 66 4053
10 58 17736
10 80 9297
10 18 17543
10 89 15615
10 50 19811
10 2 6728
10 36 15273
10 62 17433
10 63 20960
10 54 4387
10 57 19370
10 48 3061
10 22 1352
10 49 13180
10 39 6695
10 38 1422
10 51 13398
10 75 8573
10 94 18368
10 97 21380
10 81 13417
10 24 14771
11 74 19829
11 82 17553
11 56 11687
11 91 19081
11 95 6751
11 30 7927
11 89 17813
11 9 18472
11 68 19780
11 50 668
11 47 16940
11 94 12826
11 84 9174
11 85 9854
11 18 1643
11 1 976
11 15 13978
11 70 2134
11 44 2823
11 4 15454
11 2 21940
11 12 21671
11 48 3826
11 34 10128
11 77 18975
11 40 21862
11 36 9205
11 45 22202
11 92 19178
11 52 17901
11 99 1142
11 83 15686
11 86 10687
11 27 17639
11 71 10323
11 96 11043
11 39 10391
11 90 9205
11 53 9343
11 19 15271
11 72 11729
11 6 21083
11 57 20297
11 5 16751
11 49 14793
11 14 16706
11 33 14231
11 93 17898
11 35 18412
11 28 15800
11 17 3719
11 69 21869
11 3 4427
11 79 2403
11 58 18173
11 7 17977
11 87 14874
11 88 18577
11 73 3452
11 38 2631
11 31 16633
11 75 8968
11 22 16221
11 64 21698
11 80 9147
11 97 5856
11 29 8119
11 98 17119
11 65 5048
11 61 2937
11 59 6226
11 41 20110
11 25 11101
11 76 8381
11 62 13683
11 55 18336
12 21 8673
12 24 2859
12 99 9840
12 71 17659
12 54 8114
12 33 11518
12 95 11400
12 57 1567
12 47 11836
12 89 10541
12 69 21725
12 6 5848
12 87 20289
12 34 1960
12 0 17673
12 30 10921
12 49 11892
12 46 8218
12 44 3745
12 88 16279
12 11 1760
12 40 20117
12 38 2689
12 58 14979
12 78 21555
12 43 4851
12 27 233
12 59 8500
12 82 9623
12 9 9911
12 45 21138
12 86 21344
12 13 5470
12 72 3253
12 20 20282
12 52 3958
12 15 14158
12 36 2197
12 18 20418
12 22 11737
12 85 12613
12 65 6497
12 23 2785
12 16 7235
12 19 7405
12 64 386
12 93 6245
12 67 11035
12 74 13761
12 55 628
12 41 8307
12 8 15305
12 53 9353
12 84 2021
12 28 12741
12 37 4554
12 77 7317
12 81 2118
12 31 12162
12 79 4501
12 70 18615
12 63 10441
12 66 2683
12 91 13699
12 92 5702
12 32 6240
12 60 19883
12 10 20486
12 35 6989
12 29 18833
12 76 16787
12 73 17620
12 83 14467
12 7 18176
12 3 14210
13 88 16246
13 26 10098
13 45 7931
13 9 5476
13 16 21985
13 1 1062
13 75 8855
13 85 156
13 32 1636
13 71 11058
13 60 21063
13 68 16897
13 22 6868
13 48 9263
13 54 18144
13 0 7761
13 36 21129
13 94 3727
13 56 7956
13 42 16166
13 35 14121
13 29 2803
13 15 1974
13 92 15953
13 50 10670
13 66 20655
13 39 5651
13 90 114
13 20 600
13 2 9899
13 80 15913
13 70 5595
13 99 15916
13 24 16996
13 98 4613
13 5 13179
13 6 17060
13 18 10518
13 57 18660
13 64 13746
13 69 9585
13 21 22084
13 11 7331
13 83 11816
13 23 3558
13 89 6168
13 58 3804
13 95 10256
13 14 8305
13 3 6688
13 72 13172
13 78 16784
13 76 15689
13 67 8455
13 7 2661
13 25 11255
13 31 17146
13 93 10578
13 17 13500
13 10 11652
13 33 4813
13 30 15750
13 46 7701
13 91 3210
13 52 14545
13 97 14374
13 8 9763
13 44 10928
13 53 4269
14 13 16859
14 69 8253
14 19 19615
14 16 4919
14 68 4314
14 0 165
14 36 2203
14 57 13660
14 70 21299
14 29 20823
14 83 13609
14 54 21912
14 73 6507
14 75 16342
14 71 18217
14 31 1827
14 4 17958
14 38 6778
14 6 1754
14 40 2027
14 15 166
14 26 10691
14 8 13529
14 88 18850
14 10 4677
14 79 13914
14 27 16954
14 37 12216
14 98 837
14 87 16563
14 25 11434
14 72 577
14 11 6081
14 18 15318
14 43 19481
14 67 22022
14 64 20111
14 22 16648
14 95 13677
14 48 5160
14 46 4154
14 41 3503
14 53 5881
14 35 22053
14 84 16926
14 39 4314
14 89 20793
14 85 15698
14 80 17987
14 74 3194
14 58 17172
14 61 14117
14 17 13744
14 9 11263
14 91 19906
14 51 2177
14 65 20768
14 77 10357
14 99 2468
14 86 15334
14 59 13390
14 33 20894
14 28 14854
14 81 21085
14 20 10427
14 12 2986
14 76 1566
14 50 7221
14 23 17538
14 24 12514
14 78 1688
14 42 3752
14 3 11582
15 39 20062
15 87 21961
15 9 11485
15 96 21230
15 20 6219
15 97 18480
15 62 14104
15 23 3612
15 60 21580
15 56 3970
15 0 19088
15 16 21717
15 66 13636
15 73 21926
15 95 15889
15 50 19341
15 93 17386
15 24 5046
15 28 20509
15 25 20499
15 1 11504
15 72 17301
15 64 4481
15 91 13299
15 88 11658
15 2 17816
15 22 3700
15 18 14489
15 36 6584
15 47 14785
15 6 6604
15 32 20718
15 12 10169
15 26 2338
15 40 16183
15 27 19133
15 77 7796
15 34 18810
15 41 4232
15 52 4874
15 42 21325
15 29 7493
15 3 17166
15 17 14823
15 55 16670
15 68 19640
15 51 5301
15 11 18077
15 76 10587
15 38 576
15 75 22056
15 45 17112
15 46 13284
15 80 10316
15 58 13757
15 70 5663
15 7 1329
15 69 14324
15 21 21893
15 92 14242
15 37 2409
15 99 3557
15 83 17374
15 61 1831
15 82 7271
15 59 15917
15 57 2007
15 19 5390
15 98 19850
15 86 1240
15 43 9248
15 63 16895
15 33 8487
15 8 14238
15 78 6912
16 54 21416
16 70 14825
16 81 1955
16 6 17658
16 23 2062
16 0 14523
16 60 10537
16 67 16639
16 88 16334
16 9 19606
16 35 8630
16 72 20775
16 41 2257
16 48 19354
16 59 14962
16 58 7221
16 73 14376
16 68 3623
16 69 15255
16 84 10961
16 89 17082
16 65 8495
16 26 3591
16 2 13483
16 44 10198
16 74 7602
16 37 20323
16 62 3300
16 99 14536
16 96 13118
16 55 8619
16 36 14085
16 13 13702
16 38 10243
16 10 174
16 63 10144
16 76 20962
16 18 16593
16 97 7290
16 19 5500
16 32 17146
16 61 21130
16 42 12187
16 52 9382
16 93 5290
16 91 4945
16 87 21288
16 5 8758
16 90 7607
16 14 12079
16 22 7043
16 8 3107
16 80 990
16 21 18874
16 85 13634
16 86 17775
16 4 4370
16 47 16378
16 75 20147
16 33 12510
16 25 2717
16 7 4930
16 30 18151
16 12 1811
16 15 12632
16 78 20714
16 98 8525
16 27 4136
16 46 12228
16 11 16903
16 82 3081
16 3 12840
16 83 9302
16 24 18118
16 77 2076
16 34 10910
16 56 12658
16 53 11065
17 75 10085
17 30 12058
17 13 22162
17 28 6862
17 64 22242
17 50 78
17 81 10379
17 56 15101
17 99 5776
17 36 15643
17 84 5039
17 47 11880
17 48 21925
17 46 4401
17 74 17516
17 14 16483
17 91 6068
17 40 8334
17 23 15575
17 34 19325
17 72 14956
17 80 10811
17 44 7111
17 76 12642
17 62 4752
17 8 5845
17 43 9246
17 3 5092
17 60 12716
17 96 10200
17 35 21984
17 53 8900
17 63 20700
17 38 18281
17 24 17957
17 87 3908
17 20 1198
17 89 558
17 70 16650
17 98 12899
17 97 3093
17 77 15936
17 61 17726
17 67 1967
17 5 9546
17 21 1652
17 71 18275
17 31 15302
17 55 15905
17 92 15148
17 65 9617
17 9 2166
17 93 6637
17 10 13000
17 59 1501
17 19 3221
17 37 705
17 57 5876
17 82 18569
17 12 1113
17 4 15970
17 0 7484
17 69 6593
17 22 7851
17 85 3618
17 42 4341
17 18 7385
17 51 9562
17 6 14393
17 39 2469
17 25 10858
17 66 20542
17 15 9122
17 58 20461
17 49 6339
17 16 6031
18 22 14910
18 88 5748
18 31 21424
18 91 9983
18 25 19523
18 99 7236
18 83 6908
18 37 1356
18 92 9954
18 51 8392
18 21 21491
18 38 6250
18 42 14644
18 89 16211
18 33 20821
18 80 18728
18 10 22014
18 82 17475
18 12 20685
18 87 4699
18 17 3194
18 0 5433
18 73 18326
18 24 1860
18 9 7181
18 2 13128
18 8 1228
18 35 10527
18 41 1968
18 78 13442
18 60 21335
18 23 11266
18 7 22163
18 28 11436
18 71 20590
18 59 745
18 84 7757
18 45 13106
18 1 776
18 53 9272
18 96 3776
18 86 1947
18 16 13529
18 93 20967
18 4 16441
18 58 1428
18 66 14638
18 76 6982
18 11 11444
18 97 12876
18 67 5067
18 52 12139
18 39 2855
18 5 923
18 63 10957
18 62 688
18 29 9446
18 43 18285
18 75 15845
18 54 7182
18 26 13192
18 74 11682
18 95 10449
18 6 11064
18 94 12670
18 55 6692
19 66 18449
19 86 21150
19 20 15103
19 53 21612
19 68 8015
19 11 17666
19 91 21479
19 96 8008
19 37 7675
19 9 15666
19 10 409
19 83 1224
19 99 5062
19 60 5569
19 3 22024
19 49 22207
19 18 11249
19 75 19779
19 59 4910
19 28 4974
19 84 3178
19 26 4408
19 43 2643
19 55 13185
19 36 11423
19 40 12331
19 85 22249
19 64 15662
19 69 13265
19 87 7799
19 57 19750
19 95 21163
19 58 3749
19 74 16747
19 23 13557
19 65 1459
19 97 16632
19 14 9741
19 61 3775
19 24 20834
19 88 10533
19 17 1860
19 54 14682
19 35 362
19 92 12465
19 70 2121
19 63 9555
19 42 20464
19 93 4233
19 81 2754
19 8 438
19 22 9423
19 21 19804
19 62 1502
19 7 347
19 51 16796
19 29 12139
19 94 289
19 34 3429
19 72 619
19 5 10534
19 79 18595
19 39 20264
19 15 6153
19 4 8979
19 13 9174
19 56 13215
19 73 761
19 38 1673
19 2 3814
19 32 18793
19 12 6119
20 29 12786
20 37 21451
20 2 8217
20 49 3269
20 30 7055
20 85 1780
20 9 6946
20 51 3102
20 46 10256
20 89 5843
20 13 19532
20 65 8602
20 18 1209
20 42 14088
20 60 5881
20 4 18251
20 91 13263
20 5 7847
20 88 10501
20 22 10041
20 15 20376
20 55 10415
20 95 11784
20 78 22140
20 67 8600
20 33 12501
20 14 10822
20 28 1057
20 35 11483
20 40 20733
20 36 17082
20 11 9696
20 80 1127
20 58 20595
20 45 16755
20 96 4263
20 73 7038
20 90 9379
20 8 6222
20 81 3924
20 12 17725
20 19 10253
20 77 6780
20 98 19098
20 21 8316
20 44 13524
20 83 4814
20 66 18902
20 43 8382
20 99 18483
20 48 3239
20 1 17749
20 27 14621
20 61 2957
20 86 4466
20 57 14790
20 10 14566
20 7 2506
20 56 2103
20 84 16791
20 68 1318
20 34 13712
20 39 20534
20 74 22006
20 17 20036
20 79 4430
20 53 15598
20 23 7993
20 87 1022
20 92 10811
20 26 18498
20 70 17354
20 6 1174
20 50 5133
20 38 2722
20 69 2195
20 0 3740
20 32 1256
20 82 2378
20 97 9475
20 52 4248
20 41 14848
20 25 17815
20 3 8162
21 72 9300
21 24 7577
21 2 15162
21 62 17072
21 28 20180
21 98 21445
21 34 13718
21 94 8471
21 20 1753
21 40 15761
21 60 17335
21 92 3250
21 39 849
21 56 1250
21 19 20585
21 52 7421
21 67 12259
21 63 16580
21 9 9104
21 64 6891
21 30 12295
21 53 3238
21 57 18486
21 1 1211
21 95 7820
21 26 19938
21 16 10925
21 78 10352
21 13 6854
21 91 16597
21 81 11547
21 18 14995
21 43 10250
21 66 14606
21 99 18350
21 10 1914
21 58 21994
21 11 15472
21 12 21082
21 86 10761
21 15 14396
21 41 1869
21 37 6659
21 70 12240
21 49 13621
21 35 10778
21 54 11580
21 44 20658
21 50 7365
21 87 11938
21 65 19169
21 51 3251
21 5 18641
21 31 2980
21 38 20862
21 3 3900
21 36 8181
21 25 4163
21 6 11477
21 77 16843
21 93 9051
21 71 6145
21 76 8479
21 85 21685
21 29 17478
21 45 12600
21 0 7941
21 61 20825
21 4 17809
21 8 16089
21 80 277
22 94 14112
22 60 18212
22 11 1742
22 66 8596
22 58 2977
22 86 14933
22 37 6088
22 74 14860
22 97 19143
22 0 3426
22 96 15060
22 21 9300
22 83 879
22 71 12988
22 56 16650
22 79 20348
22 88 2014
22 85 638
22 45 12911
22 82 4183
22 65 18909
22 46 21275
22 99 12667
22 87 3101
22 33 2090
22 25 11567
22 68 14617
22 93 12364
22 6 11154
22 84 17023
22 4 19078
22 42 15258
22 47 446
22 40 22072
22 19 7831
22 54 20198
22 75 19479
22 18 22180
22 49 21185
22 91 15014
22 95 3576
22 9 12311
22 26 6878
22 90 21914
22 62 14716
22 44 11750
22 38 12525
22 51 16759
22 53 12058
22 67 21034
22 89 1731
22 59 8601
22 80 17182
22 81 5414
22 24 17416
22 15 13215
22 35 2061
22 1 7358
22 73 13456
22 64 20984
22 77 14055
22 5 20783
22 76 1529
22 2 6104
22 55 7757
22 61 13720
22 29 11965
22 27 15113
22 31 21248
22 8 10697
22 34 22022
22 7 2813
22 14 21935
22 30 6306
22 52 4189
22 63 17523
22 36 11001
22 10 5231
22 39 11536
22 70 12796
22 48 2362
22 57 10731
22 98 241
22 17 2993
23 36 3523
23 55 19673
23 79 6258
23 14 803
23 65 21067
23 78 21389
23 44 8153
23 0 7872
23 15 18760
23 72 4793
23 86 5132
23 61 14048
23 69 13920
23 52 18612
23 24 16322
23 74 13867
23 3 6768
23 43 17181
23 1 3699
23 70 7437
23 56 18325
23 66 20708
23 41 7329
23 6 15224
23 48 21031
23 42 5757
23 32 5048
23 58 15121
23 20 3216
23 38 13316
23 88 9312
23 12 19039
23 67 6129
23 81 21492
23 21 3803
23 29 12531
23 98 10989
23 83 8666
23 30 13540
23 31 19333
23 89 20215
23 54 9965
23 87 8453
23 9 5366
23 16 4406
23 46 8766
23 34 20115
23 99 13425
23 28 7343
23 59 7559
23 57 3968
23 17 20029
23 5 13642
23 82 15003
23 84 12458
23 90 6197
23 80 16620
23 53 19734
23 64 1742
23 50 12099
23 92 2128
23 71 12957
23 97 20676
23 77 2210
23 62 17135
23 27 21410
23 76 20013
23 35 14106
23 94 2088
23 33 16064
23 7 260
23 11 20583
23 85 15088
23 45 21237
23 95 13458
23 93 17220
24 94 15538
24 69 6747
24 76 1432
24 31 4754
24 68 12349
24 20 16933
24 45 15556
24 79 13707
24 21 9453
24 71 9089
24 4 16364
24 93 4785
24 18 5903
24 96 1491
24 39 18115
24 53 16693
24 33 18025
24 8 104
24 0 5317
24 5 2135
24 26 10369
24 55 14103
24 22 4242
24 80 21024
24 12 18108
24 42 10825
24 66 21714
24 9 1132
24 35 14292
24 29 21003
24 3 7239
24 97 16511
24 88 17178
24 67 13221
24 43 12868
24 49 10655
24 61 2897
24 32 5561
24 34 13097
24 30 4860
24 83 17542
24 72 13636
24 41 1551
24 64 3944
24 86 18780
24 56 18423
24 92 10154
24 58 1903
24 98 10226
24 73 266
24 50 12739
24 38 3063
24 75 18211
24 13 7334
24 44 14510
24 74 3076
24 48 14951
24 85 5192
24 7 17650
24 99 18630
24 89 18361
24 46 5731
24 40 17383
24 28 19968
24 59 19894
24 57 13952
24 6 12752
24 2 20432
24 1 20817
24 60 17905
24 54 4705
24 77 1656
24 11 15186
24 95 677
24 51 16927
25 49 12336
25 30 3658
25 16 12123
25 1 13168
25 81 13429
25 18 13776
25 70 22247
25 68 3240
25 44 8581
25 3 347
25 13 8505
25 76 872
25 62 9205
25 67 10230
25 82 19255
25 31 9795
25 73 18328
25 45 20255
25 10 990
25 14 7183
25 69 4008
25 32 18485
25 52 8361
25 24 10897
25 60 22005
25 96 21240
25 11 11192
25 9 7915
25 41 1956
25 64 22169
25 93 19916
25 29 5433
25 78 19159
25 34 19727
25 86 14239
25 66 15180
25 17 20550
25 40 15924
25 33 19742
25 61 19776
25 74 5030
25 51 4227
25 28 5985
25 26 18130
25 72 6158
25 91 7687
25 54 8499
25 20 10309
25 5 4682
25 27 7569
25 58 12704
25 37 12346
25 89 7054
25 12 21585
25 50 17090
25 98 18883
25 7 17748
25 47 14420
25 39 9436
25 80 4891
25 79 16399
25 95 19260
25 99 12820
25 4 14698
25 6 20658
25 65 13416
25 75 8991
25 63 18141
26 34 6033
26 96 18896
26 46 16768
26 1 10733
26 14 12500
26 81 2104
26 7 10772
26 43 22217
26 85 6236
26 83 21433
26 88 18670
26 20 796
26 57 1373
26 17 11471
26 79 3855
26 97 10705
26 33 4028
26 82 6412
26 16 2820
26 49 2925
26 0 5664
26 86 12589
26 29 19305
26 91 3984
26 32 13550
26 38 19553
26 37 14231
26 21 16201
26 60 16219
26 18 18772
26 10 21266
26 51 3618
26 11 3045
26 8 12920
26 31 3501
26 70 21552
26 64 20623
26 62 8136
26 15 19821
26 69 14221
26 48 4864
26 93 8910
26 6 11075
26 41 5863
26 42 4022
26 19 1503
26 72 17062
26 13 10972
26 30 21283
26 22 803
26 25 17971
26 56 17471
26 73 2629
26 35 8556
26 66 17346
26 99 14887
26 3 19235
26 2 1286
26 23 4919
26 39 15899
26 92 13816
26 52 18809
26 5 9708
26 12 6663
26 54 9630
26 75 14821
26 24 19444
26 98 12876
26 61 4735
26 47 10132
26 95 9864
26 50 13816
27 84 6822
27 95 13281
27 16 19127
27 2 8253
27 1 15283
27 32 6780
27 48 11868
27 7 11076
27 24 2300
27 82 11641
27 83 4939
27 8 15340
27 20 11318
27 6 3491
27 40 4827
27 13 417
27 79 20471
27 10 16352
27 23 12996
27 75 20521
27 31 12904
27 58 9782
27 55 20217
27 57 7689
27 19 21006
27 14 5044
27 47 11330
27 63 18088
27 43 16328
27 97 6746
27 29 11326
27 70 16483
27 56 6120
27 44 21320
27 21 18303
27 28 16833
27 18 16824
27 59 19852
27 69 17961
27 51 11483
27 86 20066
27 88 12913
27 38 2774
27 72 21569
27 61 15614
27 96 20991
27 87 18839
27 12 13766
27 26 20324
27 37 1954
27 33 20225
27 85 3118
27 78 5360
27 15 10987
27 68 12436
27 71 12037
27 30 4204
27 73 16001
27 92 14400
27 93 17572
27 34 8958
27 0 14658
27 49 17749
27 3 15435
27 22 5238
27 54 1547
27 9 21343
27 50 13423
27 91 11812
27 53 21188
27 65 19201
27 45 14779
27 67 3571
27 60 17922
27 81 5057
28 83 22181
28 86 4216
28 58 7906
28 4 20705
28 98 7698
28 13 21543
28 19 15016
28 22 21015
28 75 21942
28 25 12015
28 69 9662
28 46 5083
28 87 14793
28 59 18457
28 9 20338
28 55 8495
28 73 7347
28 16 7465
28 74 7371
28 11 16844
28 47 2369
28 80 20134
28 76 17645
28 43 16753
28 79 727
28 44 15064
28 63 18549
28 84 2403
28 56 2978
28 14 5855
28 82 7411
28 6 9696
28 39 18591
28 21 4720
28 1 15950
28 5 17078
28 97 1646
28 23 8676
28 53 6463
28 77 5756
28 62 20363
28 32 19568
28 3 11850
28 92 9353
28 49 12023
28 15 14870
28 94 10651
28 41 9904
28 2 16732
28 27 1345
28 50 13267
28 31 4563
28 7 13636
28 85 19807
28 34 11247
28 35 10777
28 67 14443
28 78 8946
28 71 9104
28 17 11713
28 91 15648
28 81 2045
28 68 8163
28 51 16809
28 24 12469
28 26 5525
28 90 17449
28 61 726
28 29 14304
28 99 18949
28 37 13280
28 42 18386
28 93 20789
28 70 21042
28 18 11523
28 64 8501
28 88 8233
28 96 15350
28 60 20957
28 65 13626
28 72 19108
28 36 20994
28 0 1047
29 80 18047
29 61 13659
29 96 129
29 31 6198
29 55 16965
29 25 21736
29 10 8799
29 6 14074
29 68 18537
29 64 8245
29 74 19300
29 45 6393
29 3 1151
29 88 7692
29 5 14736
29 83 18379
29 39 17269
29 40 13041
29 20 11388
29 22 16005
29 38 17652
29 9 1989
29 65 12914
29 69 17518
29 33 14021
29 37 19234
29 1 4264
29 46 3748
29 94 960
29 75 16077
29 24 3116
29 56 4588
29 18 10854
29 87 7870
29 59 4967
29 81 4661
29 90 20817
29 78 15820
29 58 1252
29 12 8427
29 13 10284
29 57 8840
29 67 18921
29 54 1255
29 44 10249
29 34 13000
29 2 10749
29 35 16525
29 71 8583
29 66 916
29 15 15096
29 91 5391
29 16 21649
29 8 15175
29 62 883
29 27 15079
29 93 6711
29 84 17498
29 28 7887
29 73 3865
29 19 16225
29 7 18141
29 70 1684
29 76 1635
29 41 7041
29 77 19783
29 36 21234
29 0 7149
29 17 3840
29 26 6404
29 79 2098
29 42 8945
29 95 7381
29 50 15154
29 32 22223
29 63 10181
30 7 11799
30 44 5345
30 42 755
30 20 7621
30 18 7435
30 23 1793
30 97 5560
30 89 12841
30 11 8523
30 13 6661
30 25 13716
30 70 10651
30 43 14330
30 12 16540
30 71 21299
30 32 11205
30 99 21153
30 57 10956
30 67 19704
30 75 18346
30 10 12947
30 66 2230
30 26 20567
30 56 8893
30 77 14049
30 3 1660
30 33 8877
30 68 10965
30 69 1680
30 41 21527
30 5 7865
30 22 16732
30 55 924
30 27 15717
30 79 16827
30 73 16939
30 82 2829
30 96 19062
30 16 20441
30 98 1496
30 74 6160
30 78 12316
30 21 2044
30 39 21174
30 65 4519
30 85 2415
30 0 10861
30 40 6739
30 48 22178
30 90 17481
30 29 8667
30 4 19475
30 8 4994
30 61 13508
30 37 21275
30 2 8988
30 87 766
30 31 19043
30 19 20171
30 94 15057
30 9 172
30 63 21069
30 91 237
30 53 17153
30 50 13394
30 49 21950
30 72 8808
30 54 11763
30 95 5668
30 84 17235
30 6 18808
30 64 5072
31 56 18396
31 20 13433
31 66 4112
31 91 14775
31 73 7986
31 64 3328
31 65 9556
31 97 10604
31 45 13693
31 54 12394
31 88 12421
31 74 21509
31 50 7361
31 55 16874
31 62 6289
31 75 21045
31 81 12836
31 27 17267
31 19 20741
31 98 21864
31 7 1643
31 86 2878
31 35 14987
31 48 5758
31 21 16677
31 23 5520
31 67 11149
31 84 16265
31 13 3375
31 71 13602
31 41 17706
31 46 19794
31 93 10179
31 87 18424
31 78 6556
31 94 14924
31 36 5983
31 30 18918
31 40 8342
31 38 10038
31 9 21531
31 58 1162
31 82 19993
31 80 12155
31 47 5733
31 72 15576
31 60 21916
31 33 9056
31 3 11962
31 12 18857
31 76 16528
31 22 18579
31 70 6065
31 43 8982
31 37 1611
31 96 6372
31 69 2456
31 5 2304
31 53 5720
31 77 5673
31 39 9162
31 44 18262
31 49 18433
31 92 6819
31 85 78
31 25 5236
31 18 15015
31 79 13113
31 34 8048
31 52 15665
31 89 6069
31 28 4540
31 68 2073
31 6 6031
31 26 8373
31 11 15346
31 2 4846
31 10 6925
31 90 21803
31 0 10474
32 74 3674
32 67 11712
32 73 6844
32 7 5099
32 48 13104
32 37 18041
32 4 2310
32 26 137
32 78 12925
32 27 17613
32 87 19190
32 53 15668
32 59 15491
32 33 19819
32 35 16144
32 70 6854
32 5 10875
32 88 18825
32 60 7760
32 40 5361
32 76 18084
32 10 13047
32 45 934
32 95 10144
32 55 1112
32 47 13349
32 52 13775
32 13 20730
32 65 12955
32 92 22147
32 94 13990
32 63 4499
32 9 15333
32 82 19563
32 64 10535
32 97 7466
32 31 6977
32 98 985
32 16 7428
32 19 15968
32 86 22116
32 23 3734
32 72 12548
32 6 6492
32 57 8345
32 22 12720
32 99 11514
32 0 12554
32 36 19415
32 71 19910
32 77 13399
32 66 15930
32 11 14079
32 44 18538
32 80 6488
32 81 6014
32 75 6227
32 2 179
32 89 16842
32 58 4839
32 42 1476
32 61 4943
32 24 4052
32 54 12262
32 8 5286
32 15 7933
32 91 13262
32 50 4125
32 79 7217
32 29 7559
32 46 3307
32 62 14004
32 90 14880
32 51 10421
32 93 13527
33 94 12810
33 46 4045
33 25 4210
33 29 6779
33 9 9081
33 64 2912
33 78 20481
33 68 3752
33 6 12116
33 49 1829
33 88 12100
33 57 15635
33 18 4241
33 35 2010
33 65 4116
33 32 17486
33 81 6347
33 72 19393
33 7 10200
33 92 19431
33 17 11566
33 77 16547
33 22 8633
33 61 17522
33 5 8234
33 2 8073
33 37 8334
33 11 8426
33 89 9060
33 24 14951
33 13 12031
33 95 20642
33 52 18307
33 73 13120
33 63 12407
33 69 10770
33 38 2213
33 47 20694
33 3 4458
33 70 5119
33 76 21269
33 56 12505
33 12 17911
33 44 10495
33 99 6752
33 59 12261
33 71 14427
33 30 10038
33 62 3722
33 60 3113
33 45 12055
33 83 9479
33 31 17925
33 16 17735
33 48 5650
33 8 19259
33 91 3035
33 14 20443
33 67 482
33 28 15937
33 50 3307
33 15 20753
33 27 14160
33 39 17371
33 55 9422
33 36 4726
33 98 16943
33 97 8462
33 23 8642
33 42 5820
33 86 2528
33 58 13667
33 74 18326
33 34 18000
33 41 5560
33 20 12886
33 26 2976
33 96 10166
33 53 14770
33 1 8045
33 0 5279
34 51 1083
34 47 20595
34 5 17653
34 58 8980
34 23 3881
34 31 1886
34 28 12100
34 29 409
34 87 316
34 74 6058
34 54 18501
34 24 10023
34 64 20516
34 93 14159
34 16 592
34 72 17161
34 19 2998
34 11 22090
34 48 20575
34 10 11318
34 18 4584
34 21 18156
34 90 7883
34 85 11152
34 20 22052
34 62 19823
34 9 12562
34 80 19609
34 82 21884
34 92 2957
34 36 13052
34 52 16224
34 38 2411
34 26 9348
34 59 4128
34 39 12776
34 77 8094
34 91 10744
34 57 8540
34 56 12386
34 49 16651
34 13 15144
34 37 18133
34 76 5763
34 69 21452
34 43 7211
34 33 78
34 66 15113
34 8 17978
34 6 88
34 95 5882
34 15 21829
34 94 1285
34 71 18686
34 32 8016
34 14 18692
34 40 14870
34 42 5910
34 61 8547
34 27 2795
34 46 11667
34 86 9346
34 88 15777
34 1 2948
34 45 18769
34 7 14803
34 3 8709
34 44 21001
35 65 7509
35 6 3410
35 52 6609
35 81 3951
35 82 15499
35 60 5579
35 72 10701
35 61 4956
35 57 7230
35 84 21758
35 71 21862
35 83 6529
35 51 18626
35 96 15443
35 56 13945
35 0 6178
35 85 5797
35 2 10657
35 90 16437
35 26 8109
35 16 3901
35 7 4744
35 64 12951
35 66 15401
35 23 11514
35 44 442
35 33 3445
35 88 12226
35 17 21587
35 47 5449
35 13 6227
35 27 18347
35 24 9435
35 70 2232
35 40 12638
35 54 10893
35 8 1557
35 93 14702
35 73 21430
35 50 1968
35 91 5438
35 37 16065
35 45 6201
35 77 3695
35 69 20537
35 31 2847
35 67 1429
35 19 19315
35 25 13150
35 76 2832
35 49 10736
35 95 1660
35 3 13037
35 48 20806
35 74 22045
35 78 19308
35 14 12264
35 22 8317
35 53 11927
35 5 19189
35 80 8534
35 32 18189
35 11 1456
35 29 5205
35 34 12913
35 39 1650
35 9 20199
35 41 306
35 68 4947
35 58 18366
35 92 15866
36 0 9650
36 16 13029
36 1 2016
36 7 3458
36 69 16913
36 68 17953
36 78 4875
36 28 16991
36 93 20875
36 85 10483
36 3 21865
36 75 6674
36 96 21887
36 41 20512
36 91 11168
36 46 1552
36 21 5438
36 13 13360
36 43 13046
36 50 14764
36 94 14511
36 63 4545
36 33 1058
36 37 11250
36 49 224
36 12 13142
36 54 5673
36 45 17275
36 17 10001
36 27 1788
36 86 17141
36 77 10475
36 58 12053
36 88 2227
36 79 2862
36 84 20482
36 57 4509
36 73 21637
36 89 901
36 20 2128
36 72 22010
36 67 1339
36 52 10490
36 5 17756
36 18 11664
36 55 13755
36 74 12897
36 70 3047
36 65 8763
36 6 15590
36 31 910
36 42 10858
36 53 17241
36 35 4223
36 39 6483
36 62 18542
36 56 7287
36 34 5373
36 19 19306
36 10 3202
36 80 16947
36 87 4355
36 44 15369
36 64 443
36 2 9863
36 76 6203
36 71 17877
36 30 17902
36 61 10187
36 90 1843
36 32 21577
36 59 9380
36 11 17364
36 26 13297
36 47 6468
36 60 13177
36 8 16301
36 66 10440
36 25 14920
36 22 2981
36 9 13885
37 19 7418
37 40 17497
37 11 2064
37 4 14194
37 90 2708
37 73 3582
37 82 19924
37 53 12836
37 79 19016
37 34 306
37 13 16858
37 91 7749
37 58 12908
37 8 1165
37 74 14376
37 25 7069
37 5 19058
37 68 7500
37 66 11961
37 88 1553
37 81 1624
37 21 12129
37 48 19153
37 45 19692
37 9 1255
37 7 1567
37 44 12028
37 16 19543
37 39 4173
37 71 12578
37 15 11673
37 56 13756
37 32 16051
37 18 2403
37 70 682
37 31 2155
37 49 20220
37 24 11411
37 2 10107
37 51 15917
37 22 2811
37 63 7505
37 41 22226
37 55 192
37 84 14106
37 87 8297
37 46 19542
37 80 19177
37 23 9441
37 10 6189
37 1 21758
37 98 9486
37 85 13120
37 95 12171
37 36 14353
37 72 9302
37 14 18825
37 64 10048
37 86 4155
37 43 6768
37 3 10920
37 59 4366
37 62 17952
37 6 20637
37 20 9342
37 50 9890
38 28 16151
38 1 13872
38 27 6309
38 76 3014
38 86 10599
38 78 15817
38 21 19688
38 41 18285
38 57 10848
38 92 19581
38 88 6657
38 46 15621
38 14 20904
38 94 21230
38 4 21343
38 20 21765
38 42 44
38 79 869
38 91 12885
38 39 12827
38 8 4962
38 99 16167
38 48 1797
38 29 2312
38 32 5488
38 56 16480
38 53 12045
38 85 12577
38 12 5867
38 9 16953
38 67 16698
38 77 19391
38 50 4481
38 15 3804
38 45 20398
38 11 19841
38 7 18532
38 55 16491
38 54 17546
38 44 2136
38 16 3253
38 75 18599
38 80 21237
38 62 21669
38 68 12093
38 24 1343
38 95 11302
38 3 39
38 89 20733
38 83 12247
38 58 14808
38 52 9950
38 70 4908
38 23 19852
38 43 14147
38 90 3638
38 34 19742
38 61 5993
38 97 6482
38 35 15758
38 73 4252
38 93 18933
38 96 20336
38 87 5037
38 63 2266
38 17 18074
38 69 5521
38 26 13737
38 51 15515
38 64 21900
38 2 21696
38 37 6043
38 19 1324
38 6 3446
38 40 15671
38 74 18089
39 22 5086
39 43 2368
39 93 18541
39 69 7556
39 59 9031
39 70 20238
39 21 9349
39 72 19749
39 81 9845
39 55 3392
39 26 11887
39 35 13520
39 83 16680
39 25 21889
39 80 1950
39 85 21190
39 51 12293
39 94 20906
39 68 10620
39 2 4132
39 60 4461
39 34 13907
39 13 4832
39 6 19240
39 9 12599
39 89 1716
39 75 17838
39 92 12613
39 46 20313
39 57 5741
39 90 12765
39 76 1552
39 62 1669
39 86 1596
39 29 20629
39 18 1752
39 73 18188
39 88 11020
39 56 7476
39 16 8630
39 3 13200
39 71 6164
39 17 7296
39 84 5557
39 28 13272
39 58 17120
39 91 9885
39 7 4832
39 79 7613
39 4 16698
39 20 12995
39 63 18992
39 32 429
39 15 11746
39 99 15729
39 36 19572
39 74 7169
39 45 6703
39 37 8792
39 95 3694
39 24 7035
39 53 17440
39 61 19443
39 33 4743
39 82 16516
39 11 8578
40 50 15018
40 95 18392
40 13 16718
40 73 6157
40 42 6702
40 54 21066
40 48 7719
40 15 11602
40 24 9845
40 71 8140
40 67 17454
40 26 5103
40 88 2489
40 52 21294
40 69 5636
40 99 5069
40 33 22244
40 44 15515
40 49 5001
40 23 20
40 51 12592
40 46 328
40 65 13768
40 20 14712
40 18 20372
40 16 9168
40 58 4559
40 78 2068
40 11 3310
40 4 6881
40 29 8257
40 77 20183
40 19 6302
40 6 10954
40 56 19998
40 14 2139
40 90 15637
40 57 15522
40 81 19985
40 97 1783
40 5 22029
40 0 16804
40 74 14432
40 22 561
40 9 12900
40 12 12858
40 72 204
40 86 10026
40 91 619
40 87 21405
40 8 543
40 47 18689
40 55 18956
40 82 7476
40 76 12361
40 34 21741
40 70 2896
40 39 20206
40 2 19497
40 3 10890
40 60 10741
40 28 4847
40 27 9234
40 66 13216
40 93 11252
40 63 19467
40 79 21520
40 96 10716
40 45 11525
40 61 5387
40 21 6929
40 80 3642
40 32 11142
40 59 18067
40 41 10002
41 31 3633
41 88 10001
41 67 4854
41 23 20037
41 82 21018
41 25 15670
41 99 11685
41 65 13385
41 15 4407
41 7 18651
41 95 18967
41 18 9750
41 74 3777
41 92 1904
41 89 20379
41 5 19445
41 51 14536
41 10 18193
41 78 12419
41 13 20352
41 30 11472
41 81 14549
41 72 14722
41 90 10232
41 63 18613
41 70 1966
41 64 8304
41 60 7779
41 14 14887
41 34 17266
41 73 17401
41 68 466
41 61 9534
41 85 17256
41 42 19642
41 93 363
41 54 2301
41 45 10626
41 87 786
41 36 7302
41 35 6255
41 59 16387
41 58 586
41 20 3157
41 4 14500
41 38 13758
41 3 12986
41 83 1996
41 66 4186
41 9 10156
41 55 3353
41 12 5261
41 62 11322
41 80 9582
41 52 19392
41 97 3965
41 56 13703
41 33 8616
41 79 3623
41 71 17394
41 84 22269
41 77 1840
41 86 22272
41 29 3262
41 94 6641
41 57 1291
41 46 20523
41 98 4727
41 76 17677
41 17 22059
41 91 2496
41 26 12826
41 22 1596
41 27 10087
42 77 6916
42 62 18387
42 68 15690
42 65 11666
42 6 19678
42 3 9448
42 23 8367
42 29 20709
42 31 3431
42 43 10107
42 14 11867
42 69 591
42 59 10055
42 66 1817
42 84 7284
42 46 4870
42 72 18980
42 12 16051
42 55 16864
42 92 17675
42 19 13207
42 56 9468
42 32 8851
42 89 5799
42 88 1591
42 18 11938
42 80 5931
42 83 4019
42 9 11133
42 47 4802
42 87 8560
42 73 620
42 16 17408
42 0 18164
42 63 18616
42 10 13934
42 74 11039
42 1 6009
42 49 2033
42 81 22256
42 95 2255
42 45 2625
42 38 18678
42 27 14783
42 24 5938
42 22 15006
42 60 13768
42 7 933
42 61 12804
42 58 17797
42 75 4282
42 2 432
42 57 3896
42 51 13113
42 15 16794
42 93 15534
42 30 18453
42 41 8539
42 35 3330
42 50 4403
42 17 177
42 79 17273
42 34 68
42 40 2321
42 20 3216
42 44 1232
42 39 10858
42 21 17133
42 67 19856
42 86 1371
42 4 6109
42 94 18988
42 64 10735
42 28 11101
42 52 8853
43 95 10777
43 10 21183
43 50 16631
43 86 2808
43 33 10002
43 69 13020
43 59 17639
43 75 10238
43 97 13858
43 34 15478
43 28 19678
43 52 18740
43 62 16917
43 51 19035
43 6 1205
43 2 2354
43 45 6377
43 55 13469
43 74 18622
43 63 17637
43 67 12833
43 64 13444
43 29 3838
43 58 11127
43 4 21489
43 11 3649
43 66 13185
43 9 7778
43 3 4316
43 22 11363
43 35 21273
43 1 7466
43 20 20862
43 61 20796
43 79 13358
43 32 1228
43 46 16216
43 21 22060
43 83 2777
43 27 16368
43 48 7945
43 68 2270
43 88 2182
43 80 10986
43 41 22138
43 37 2775
43 24 19135
43 99 3824
43 54 14287
43 56 7149
43 82 7485
43 39 17343
43 84 2791
43 98 10833
43 8 19723
43 71 787
43 53 3362
43 5 5470
43 90 1223
43 96 9688
43 87 2024
43 89 13681
43 47 3017
43 15 12478
43 78 3143
43 13 13395
43 81 734
43 94 6017
43 19 5660
43 23 10122
43 38 11531
43 49 9489
43 25 9982
43 92 3581
43 12 17173
43 40 21500
43 57 10189
43 26 11928
43 44 17735
43 65 18664
44 37 7357
44 67 14985
44 20 18703
44 27 3131
44 12 11500
44 13 10733
44 62 5043
44 58 14045
44 99 3160
44 11 6872
44 89 14628
44 19 13309
44 21 14888
44 0 20353
44 29 16197
44 77 2368
44 50 18894
44 56 5962
44 17 8739
44 18 1314
44 54 18944
44 3 9109
44 93 13506
44 52 18849
44 88 5691
44 97 4786
44 34 12649
44 49 16879
44 65 10743
44 66 18319
44 81 7153
44 60 17845
44 42 4464
44 26 7707
44 31 18585
44 8 7115
44 35 18695
44 41 21177
44 63 4160
44 86 20575
44 69 1657
44 46 4491
44 33 19694
44 47 14291
44 71 3488
44 72 18877
44 75 18660
44 5 7647
44 30 9724
44 82 8792
44 73 20266
44 78 17044
44 28 13714
44 2 13117
44 61 19799
44 10 6744
44 55 20859
44 91 3702
44 87 11730
44 6 12929
44 80 16315
44 79 16798
44 7 18115
44 25 15686
44 48 809
44 22 9025
44 57 7442
44 23 7938
44 14 7604
44 45 17806
44 94 9916
44 90 2375
44 43 7181
44 4 2378
45 35 19771
45 44 19983
45 49 12874
45 18 5167
45 37 12732
45 42 21223
45 97 5057
45 0 15294
45 15 12
45 20 7760
45 65 12159
45 7 7712
45 73 3463
45 61 5315
45 48 13203
45 90 7012
45 24 5767
45 39 1856
45 4 5156
45 11 6826
45 56 16328
45 57 2699
45 27 5406
45 52 4694
45 60 4091
45 34 8709
45 86 18594
45 12 21437
45 70 21895
45 69 9377
45 40 6205
45 25 10448
45 13 20996
45 31 17136
45 28 12737
45 51 5122
45 62 21776
45 47 3652
45 30 8552
45 41 4110
45 53 12690
45 23 8137
45 79 12999
45 81 6579
45 9 6428
45 77 1383
45 66 18290
45 68 19911
45 87 1591
45 83 14328
45 17 8854
45 64 11166
45 99 6123
45 74 11882
45 95 20865
45 63 10024
45 80 17171
45 75 1728
45 19 4173
45 38 7923
45 8 5025
45 89 10257
45 22 9548
45 59 10603
45 82 13177
45 6 1087
45 1 166
46 93 19129
46 28 3152
46 77 215
46 83 486
46 59 2960
46 26 13859
46 35 13052
46 22 9308
46 2 11501
46 54 15972
46 60 9723
46 40 19168
46 24 14846
46 42 5119
46 55 12151
46 0 17818
46 78 8913
46 72 6110
46 76 16215
46 16 6803
46 99 3648
46 36 19200
46 75 7538
46 14 9474
46 95 12377
46 44 21145
46 30 18538
46 32 6675
46 88 13827
46 91 18223
46 87 17179
46 63 17774
46 89 1753
46 3 6313
46 47 14727
46 65 4826
46 53 16792
46 48 17630
46 8 14248
46 9 5371
46 19 10653
46 41 10907
46 43 22090
46 50 9885
46 6 4696
46 33 19445
46 82 12966
46 11 13930
46 80 4392
46 7 20268
46 34 8940
46 71 1658
46 20 3752
46 51 19533
46 1 3535
46 52 6324
46 90 15261
46 23 16855
46 39 1266
46 10 4706
46 67 18134
46 86 2384
46 37 13050
46 21 14289
46 92 8963
46 81 5537
46 73 4027
46 25 11432
46 27 7468
46 12 5160
46 70 18057
46 58 16451
46 29 21
46 62 14384
46 15 10569
46 64 1175
46 74 1748
46 69 19238
46 57 14826
46 79 1654
46 68 11650
46 96 9085
46 85 8805
47 66 5835
47 8 17674
47 17 13668
47 4 919
47 1 16994
47 99 18909
47 3 3265
47 32 19779
47 28 13070
47 91 14526
47 42 12639
47 75 10920
47 46 20037
47 76 8770
47 89 706
47 13 13997
47 97 10023
47 15 3189
47 18 3421
47 43 3439
47 56 523
47 57 13934
47 20 21113
47 16 5042
47 68 21237
47 73 2534
47 40 5272
47 77 79
47 14 12496
47 86 21587
47 41 12082
47 22 13224
47 23 3747
47 88 11089
47 74 5456
47 25 6187
47 51 7118
47 60 4076
47 30 10815
47 12 4688
47 26 15139
47 36 7655
47 90 4933
47 10 13479
47 81 15993
47 48 10697
47 24 13436
47 45 224
47 2 13348
47 84 10541
47 53 10275
47 49 803
47 94 8264
47 27 3881
47 31 4950
47 63 6007
47 52 6900
47 71 4054
47 61 20202
47 59 4377
47 64 14375
47 96 9843
47 37 16295
47 54 4602
47 79 4577
47 92 4483
47 33 11248
47 19 9428
47 38 6817
47 69 3278
47 34 63
47 44 16064
47 87 9393
47 98 7097
47 9 5350
47 5 16234
48 27 21574
48 14 13194
48 39 9313
48 64 9080
48 95 4407
48 82 4402
48 25 17710
48 9 20077
48 89 7009
48 76 18740
48 69 16819
48 3 22207
48 63 50
48 68 8211
48 29 15445
48 46 4075
48 30 10292
48 87 3709
48 45 5937
48 28 12437
48 18 17396
48 33 22208
48 92 11283
48 67 10370
48 17 20234
48 21 14027
48 93 21449
48 57 10350
48 91 6064
48 51 9664
48 97 16117
48 6 9682
48 32 15190
48 43 16036
48 79 16877
48 83 1203
48 52 11196
48 37 14231
48 22 20888
48 75 16925
48 11 9995
48 31 11978
48 58 9036
48 96 16362
48 60 5857
48 7 8833
48 50 19017
48 47 4887
48 66 13353
48 62 16414
48 88 12564
48 12 3966
48 35 7607
48 56 14406
48 98 11618
48 1 15843
48 90 13854
48 44 18489
48 0 17992
48 20 2845
48 19 20483
48 84 5746
48 94 6018
48 70 13696
48 49 3255
48 4 18078
48 36 9497
48 38 18139
48 2 16876
48 74 20406
48 10 9683
49 93 11661
49 79 16156
49 24 15453
49 17 21914
49 44 4729
49 98 17710
49 41 21441
49 7 11453
49 80 20670
49 54 5040
49 70 15033
49 1 4673
49 59 5191
49 61 11596
49 73 14227
49 45 19584
49 64 3420
49 62 2739
49 4 3002
49 29 20607
49 28 6232
49 15 21136
49 40 13947
49 52 7868
49 3 3373
49 76 8024
49 6 9844
49 97 3361
49 71 21138
49 81 8315
49 23 19583
49 75 14712
49 47 16299
49 38 3617
49 53 9332
49 25 11504
49 26 10471
49 78 2186
49 58 21481
49 31 21247
49 89 19404
49 92 20378
49 86 9901
49 68 9320
49 20 21082
49 91 3418
49 10 9495
49 67 1279
49 16 11541
49 65 21695
49 43 18057
49 37 3966
49 30 1466
49 22 2952
49 74 2183
49 87 14505
49 94 5430
49 90 13081
49 69 15658
49 36 20802
49 5 15862
49 39 14857
49 66 15012
49 77 3704
49 95 16931
49 50 17035
49 18 14967
49 2 14423
49 96 7247
49 12 16963
49 21 15156
49 83 22162
49 27 12613
49 34 10991
50 8 10284
50 35 2593
50 77 12985
50 2 18986
50 84 20562
50 43 816
50 88 8333
50 0 12888
50 16 9593
50 13 5370
50 93 7301
50 62 15322
50 87 763
50 19 7439
50 95 12708
50 94 17676
50 64 6892
50 26 21079
50 99 11743
50 85 3225
50 45 8448
50 59 5653
50 47 5017
50 98 13144
50 29 10803
50 49 725
50 79 9526
50 11 2098
50 71 12523
50 53 13680
50 27 11995
50 51 5839
50 90 14773
50 31 21803
50 82 2553
50 34 7821
50 21 20102
50 6 3874
50 56 33
50 22 20755
50 20 11426
50 23 20994
50 30 6701
50 81 3818
50 7 7616
50 75 16162
50 38 10719
50 69 7307
50 73 16329
50 78 3160
50 48 14661
50 28 21087
50 4 20418
50 9 12543
50 89 9730
50 57 14070
50 76 279
50 96 2892
50 39 20867
50 18 5353
50 41 10687
50 10 17778
50 86 10887
50 72 5178
50 24 13841
50 92 8099
50 15 13952
50 54 13832
50 55 6507
50 67 17407
50 37 12745
50 52 13703
50 66 7550
50 17 11436
50 65 13174
50 12 18933
50 40 19005
50 91 13252
51 73 6166
51 56 5257
51 52 7649
51 21 20069
51 64 7804
51 81 8980
51 95 1575
51 37 10277
51 98 14888
51 39 11400
51 60 22127
51 2 7919
51 66 21816
51 75 8243
51 15 1084
51 63 13090
51 90 15365
51 62 4741
51 57 11548
51 38 15928
51 58 13212
51 71 5635
51 59 6017
51 93 10104
51 12 11118
51 50 5904
51 42 17786
51 46 2469
51 8 7055
51 91 12571
51 69 3887
51 24 8626
51 36 14460
51 84 9989
51 44 8481
51 18 15885
51 7 15134
51 17 8512
51 76 21190
51 14 9604
51 61 13598
51 85 11022
51 88 3897
51 43 19940
51 40 15915
51 68 6872
51 6 1298
51 96 8888
51 78 18715
51 32 18980
51 86 21549
51 13 8333
51 53 20087
51 65 20232
51 89 2090
51 23 1925
51 20 13274
51 54 7686
51 34 18210
51 25 10634
51 3 2583
51 26 2526
52 3 2845
52 90 14823
52 24 16327
52 5 8562
52 68 4923
52 34 12418
52 41 18494
52 67 13079
52 83 750
52 32 4689
52 51 21620
52 28 10132
52 85 13373
52 74 21841
52 15 19164
52 11 16200
52 59 21847
52 63 5163
52 8 21602
52 82 14823
52 23 3424
52 27 7634
52 17 11706
52 38 5610
52 70 19999
52 71 14476
52 26 13170
52 10 11188
52 54 15566
52 89 10277
52 55 4656
52 57 10788
52 98 20483
52 58 16416
52 66 2273
52 76 3808
52 62 15551
52 64 477
52 95 5886
52 42 5937
52 46 12910
52 2 2577
52 9 17323
52 88 12788
52 93 12199
52 69 22125
52 7 11997
52 21 10591
52 53 5424
52 12 9819
52 49 4679
52 16 20356
52 18 12962
52 79 15212
52 33 12626
52 81 21648
52 84 2108
52 43 12270
52 99 11119
52 6 103
52 45 5898
52 14 17840
52 37 20227
52 56 18848
52 0 11629
52 1 14940
52 39 14173
52 36 10118
52 44 2647
52 4 3056
52 40 16105
52 35 11358
52 65 2576
52 19 16516
52 77 6132
52 29 5344
52 91 8016
52 60 9536
52 50 7958
53 57 7812
53 67 19286
53 86 19676
53 55 18174
53 8 19875
53 66 9688
53 33 10828
53 41 9201
53 92 15117
53 65 12103
53 32 17062
53 93 3686
53 35 10674
53 71 12598
53 78 11697
53 13 7691
53 75 128
53 23 1136
53 11 12222
53 4 3721
53 5 1997
53 50 14387
53 95 969
53 0 13882
53 42 7744
53 1 2731
53 82 12303
53 94 9472
53 98 3937
53 36 2327
53 10 5076
53 30 13428
53 80 7104
53 51 14257
53 12 1241
53 61 2563
53 68 6394
53 6 12126
53 79 11987
53 60 21701
53 73 5466
53 2 12328
53 7 7584
53 44 20321
53 72 2687
53 25 21433
53 37 8282
53 59 8217
53 62 3434
53 46 13828
53 52 5065
53 74 4068
53 56 15519
53 81 5922
53 97 2363
53 85 16600
53 88 13465
53 19 161
53 20 20863
53 24 19464
53 27 13241
53 84 14046
53 15 2405
53 14 8196
53 63 3115
53 28 4130
53 16 14196
53 39 11705
53 64 2051
53 29 22246
53 18 14026
53 69 891
53 31 20069
53 47 10314
53 83 18375
53 54 20633
53 17 21639
53 34 17159
53 22 798
53 89 1489
54 64 12531
54 97 17637
54 39 15620
54 43 11620
54 71 13031
54 2 17118
54 69 7751
54 24 8795
54 28 10204
54 32 1063
54 21 6524
54 90 19061
54 15 6345
54 94 9025
54 31 4844
54 58 22042
54 72 10813
54 57 2514
54 30 3165
54 80 14234
54 17 8547
54 5 11022
54 87 2360
54 51 12091
54 60 17838
54 50 2702
54 23 186
54 38 13861
54 70 20698
54 46 9350
54 78 15345
54 34 2480
54 77 20172
54 92 897
54 73 5935
54 41 22200
54 20 5636
54 48 3872
54 22 3849
54 82 10896
54 33 11154
54 49 8328
54 89 3387
54 7 18515
54 42 21934
54 25 6881
54 9 15647
54 67 843
54 55 8788
54 1 8482
54 79 19626
54 4 9567
54 19 10163
54 47 2304
54 16 13032
54 91 9430
54 63 9928
54 35 21676
54 99 6927
54 81 10724
54 61 16288
54 88 8967
54 44 14820
54 86 3537
54 8 11613
54 56 20434
54 45 15874
54 84 15145
54 53 7706
54 96 17406
54 65 2019
55 75 12388
55 90 8825
55 34 15621
55 64 16492
55 36 22062
55 18 7571
55 31 8229
55 32 72
55 54 21219
55 78 1601
55 77 9595
55 61 9007
55 82 17094
55 29 16671
55 40 513
55 7 6582
55 80 7603
55 71 9206
55 62 15841
55 73 1136
55 76 21321
55 57 4468
55 67 8408
55 10 21175
55 28 17856
55 47 17620
55 15 19065
55 92 20711
55 12 21918
55 86 14152
55 6 18612
55 52 10741
55 30 13115
55 99 4311
55 37 17069
55 66 17714
55 33 19867
55 65 21399
55 48 2579
55 23 12379
55 35 9161
55 4 837
55 14 21591
55 5 4545
55 41 16694
55 81 12195
55 24 1382
55 9 9461
55 46 3496
55 25 20200
55 98 3569
55 70 7645
55 3 3665
55 88 10773
55 74 16773
55 83 13395
55 94 1473
55 91 15633
55 50 13500
55 26 2023
55 60 10837
55 22 18154
55 1 21218
55 68 3190
55 17 11580
55 8 16996
55 97 17670
55 51 17245
55 0 20321
55 44 17140
55 56 20374
55 69 16581
55 2 14409
55 39 11397
55 85 3564
55 89 18727
55 84 3399
55 58 21192
55 53 167
55 21 11540
55 59 12989
55 42 20541
55 13 14352
56 35 21951
56 48 11752
56 40 1197
56 98 18224
56 49 9499
56 86 13408
56 43 16144
56 14 11998
56 96 14030
56 18 6123
56 31 4449
56 63 2149
56 5 6693
56 64 18013
56 38 19155
56 94 2827
56 21 4778
56 41 11191
56 23 6568
56 6 353
56 52 17770
56 62 14827
56 39 7841
56 44 6076
56 47 10498
56 70 1480
56 75 21848
56 88 9699
56 19 17033
56 20 11681
56 55 101
56 93 17222
56 74 8288
56 12 20113
56 78 11365
56 89 16444
56 83 5274
56 17 11478
56 80 21415
56 32 8307
56 1 21942
56 50 18360
56 99 10983
56 66 13062
56 28 5785
56 54 12404
56 33 15251
56 7 1699
56 97 11448
56 57 18437
56 11 10560
56 29 6409
56 13 20575
56 92 14148
56 25 21243
56 79 12317
56 36 616
56 82 8812
56 91 16364
56 42 6080
56 81 2416
56 77 8826
56 58 19202
56 76 10669
56 68 17101
56 15 12184
56 90 20348
56 60 17998
56 4 9438
56 85 13104
56 24 16918
56 16 20958
56 46 7319
57 56 7048
57 37 14502
57 61 7762
57 0 6178
57 96 17039
57 93 13742
57 35 14693
57 39 8444
57 18 15868
57 65 10891
57 64 15506
57 75 18280
57 81 15466
57 27 19042
57 63 1006
57 24 16443
57 16 3634
57 77 19896
57 34 470
57 52 7109
57 70 5603
57 45 17525
57 72 14772
57 71 15119
57 41 7276
57 54 11854
57 32 10875
57 88 18872
57 5 15505
57 90 12265
57 55 7026
57 69 20344
57 29 8579
57 73 10339
57 62 1724
57 3 7451
57 4 4268
57 13 12564
57 1 20039
57 6 942
57 87 11031
57 94 11054
57 19 18377
57 28 21670
57 25 2448
57 44 2441
57 82 3664
57 78 22056
57 85 2590
57 12 10174
57 91 9794
57 36 19266
57 8 15828
57 76 2056
57 95 18929
57 86 18857
57 22 871
57 23 13304
57 53 11141
57 98 19512
57 74 6848
57 60 15592
57 68 21981
57 26 15238
57 43 708
57 31 18436
57 9 16808
57 17 18521
57 89 3978
57 7 16296
57 49 21425
57 47 20153
57 30 19469
57 67 8417
57 92 17939
58 19 10301
58 45 2812
58 74 18144
58 52 8515
58 84 17547
58 81 16568
58 28 6267
58 79 16108
58 72 6206
58 43 8750
58 86 2809
58 27 7141
58 30 20812
58 80 8807
58 8 8295
58 14 8629
58 69 9278
58 38 6838
58 70 9577
58 93 9207
58 49 1723
58 26 8258
58 33 20638
58 9 16138
58 71 13368
58 55 15660
58 78 14032
58 65 1038
58 96 2688
58 21 20912
58 39 5924
58 6 780
58 67 791
58 48 7221
58 41 14316
58 98 12136
58 22 16989
58 16 10054
58 66 8572
58 76 15743
58 97 9000
58 75 12515
58 99 5161
58 57 14722
58 25 3719
58 61 7522
58 17 14432
58 5 8436
58 59 14965
58 60 14885
58 20 13057
58 50 8818
58 68 3157
58 47 3037
58 18 3699
58 92 15618
58 7 4173
58 62 16552
58 73 1830
58 95 7978
58 85 19191
58 91 21918
58 37 19794
58 53 1500
58 83 7069
58 77 15170
58 87 1513
58 3 13926
58 90 13313
58 35 22146
58 40 428
58 54 3772
58 64 4720
58 32 8473
58 0 10320
58 15 11085
59 20 12529
59 30 3040
59 4 7544
59 88 11668
59 23 574
59 21 20809
59 9 6532
59 24 4308
59 96 16948
59 3 13611
59 53 19298
59 99 13755
59 76 10085
59 51 14866
59 93 194
59 41 15658
59 44 14336
59 70 21164
59 8 21775
59 48 19269
59 52 17474
59 34 2676
59 90 2596
59 60 15711
59 40 1536
59 55 3963
59 95 14194
59 29 21681
59 72 15719
59 45 18909
59 80 22125
59 73 5205
59 43 7434
59 50 17148
59 94 3968
59 22 21322
59 15 17105
59 79 7328
59 7 12192
59 32 8915
59 84 22010
59 36 109
59 46 566
59 78 1016
59 5 16387
59 38 3412
59 13 21330
59 26 9226
59 81 4770
59 86 3382
59 63 4977
59 64 12177
59 68 6890
59 87 22041
59 85 3972
59 33 322
59 82 20876
59 66 5996
59 65 15472
59 56 2494
59 69 21710
59 97 22239
59 35 12148
59 31 13357
59 18 12087
59 16 4803
59 42 20718
59 49 848
59 98 12432
59 0 7439
59 77 21968
59 12 7167
59 58 9599
59 54 18130
60 55 13401
60 35 3691
60 93 6571
60 43 5609
60 90 4477
60 87 5006
60 8 21049
60 89 17901
60 37 8040
60 20 8065
60 7 3655
60 26 12044
60 2 17083
60 0 9083
60 59 17356
60 76 14352
60 14 1594
60 88 1420
60 92 18044
60 69 9594
60 9 15246
60 77 8395
60 86 9686
60 29 20184
60 22 17011
60 11 18118
60 94 17043
60 15 18874
60 62 12572
60 83 21104
60 18 12158
60 58 13609
60 5 16577
60 67 1905
60 23 2190
60 42 21940
60 12 19171
60 85 18414
60 71 251
60 66 21664
60 28 14653
60 91 17992
60 34 5312
60 54 9145
60 50 1105
60 84 21286
60 56 13980
60 68 9313
60 32 14709
60 47 18060
60 21 6328
60 97 17520
60 96 11926
60 65 12608
60 3 16503
60 74 4332
60 10 22168
60 36 21349
60 1 1792
60 17 13441
60 63 8664
60 52 18354
60 75 9030
60 53 16618
60 41 13200
60 72 8714
60 24 21241
60 6 198
60 27 22080
60 19 2786
60 31 19814
61 34 10113
61 43 13233
61 97 17612
61 64 15104
61 25 10447
61 69 12755
61 51 9646
61 33 19751
61 60 21448
61 91 9469
61 50 3403
61 55 17445
61 41 19881
61 78 19154
61 17 6114
61 44 17008
61 42 12087
61 72 10109
61 57 10342
61 10 17535
61 2 16796
61 98 21259
61 52 11505
61 71 10702
61 54 9218
61 5 2870
61 93 20674
61 68 1533
61 95 1036
61 83 5880
61 20 9095
61 46 10663
61 9 5365
61 26 14361
61 74 5115
61 21 21076
61 82 9916
61 13 20410
61 94 16070
61 63 20432
61 56 14613
61 99 18381
61 27 16356
61 4 15216
61 47 1777
61 73 9022
61 22 4425
61 76 17028
61 23 9183
61 8 8730
61 14 3083
61 3 13657
61 49 9062
61 1 9873
61 36 21444
61 87 5344
61 29 2297
61 12 5956
61 28 15648
61 67 2931
61 96 14578
61 85 13034
61 66 6569
61 16 4086
61 58 9370
61 89 18207
61 35 19402
61 6 17066
61 15 22092
61 75 21791
61 53 12751
61 39 13226
61 84 7774
61 30 3649
61 59 12845
61 88 13596
61 31 6136
62 23 16834
62 16 2744
62 60 3051
62 81 11494
62 48 20162
62 21 5982
62 84 15438
62 19 1432
62 91 20890
62 61 160
62 33 3327
62 76 5459
62 96 3264
62 69 19526
62 34 21952
62 12 10097
62 87 13631
62 74 12215
62 29 10511
62 97 5159
62 89 15012
62 6 3312
62 25 911
62 68 16720
62 47 7844
62 83 8070
62 35 15031
62 51 18235
62 92 10458
62 93 21982
62 38 14215
62 36 13184
62 14 12295
62 10 9697
62 0 7445
62 55 10077
62 39 16289
62 73 5651
62 72 5375
62 31 17428
62 3 16689
62 70 3656
62 32 19376
62 46 16470
62 59 1511
62 64 5910
62 5 20291
62 45 3313
62 53 11907
62 42 21441
62 63 11936
62 50 16874
62 54 5774
62 56 22010
62 58 14441
62 1 11443
62 8 4336
62 98 14573
62 85 5138
62 90 2644
62 44 9509
62 22 8661
62 52 9870
62 28 1383
62 43 3793
62 80 2636
62 86 17353
62 11 9107
62 18 21593
62 2 14175
62 95 6522
62 71 16173
62 27 5390
62 99 3778
62 26 13085
62 7 19899
62 41 3847
62 17 1514
63 83 10802
63 56 18309
63 78 7720
63 98 11787
63 57 16980
63 97 7096
63 25 10762
63 68 10300
63 81 3027
63 12 11434
63 30 6139
63 27 9946
63 14 11691
63 45 6854
63 47 1930
63 46 6829
63 50 5860
63 49 1053
63 6 12173
63 92 4782
63 73 2783
63 7 5033
63 62 15787
63 59 8180
63 31 14507
63 35 14070
63 24 3777
63 23 14579
63 58 7578
63 3 5485
63 0 20822
63 10 6400
63 93 3624
63 17 10620
63 4 10629
63 60 18353
63 37 17521
63 44 4308
63 32 3111
63 5 22102
63 76 20168
63 96 4524
63 80 11769
63 15 19114
63 40 19682
63 54 21579
63 18 20711
63 21 1422
63 70 13012
63 95 380
63 33 19864
63 71 21919
63 52 14762
63 61 2522
63 38 12192
63 82 13935
63 8 21704
63 65 14429
63 66 9371
63 72 8087
63 26 8168
63 53 13763
63 74 19575
63 99 22064
63 91 13214
63 39 9231
63 51 5491
63 84 9835
63 42 14355
63 20 241
64 5 15951
64 8 19754
64 97 640
64 19 8751
64 44 17037
64 39 18735
64 54 18708
64 52 7901
64 78 8089
64 20 18966
64 98 16418
64 92 8220
64 63 14791
64 55 5134
64 10 865
64 60 9863
64 11 12203
64 99 5471
64 32 17840
64 16 11397
64 57 9962
64 84 9346
64 80 1880
64 62 20281
64 35 11272
64 96 11061
64 82 2323
64 38 5073
64 77 1125
64 9 11412
64 0 16715
64 83 13772
64 73 13684
64 68 410
64 53 169
64 4 7531
64 41 6494
64 24 4385
64 26 9283
64 1 10034
64 42 1451
64 81 1078
64 31 19525
64 90 21396
64 88 10725
64 65 470
64 95 5236
64 72 7634
64 50 2833
64 75 12386
64 86 2733
64 46 19723
64 67 6912
64 56 4781
64 94 9810
64 18 16908
64 27 9799
64 70 17025
64 85 5015
64 37 4475
64 58 8528
64 14 15100
64 13 12452
64 51 6569
64 29 19579
64 47 14949
64 33 13848
64 71 4036
64 25 3021
64 91 7739
64 69 9456
64 40 15786
64 61 14620
64 48 12080
64 28 19065
65 60 20695
65 24 2774
65 28 14722
65 75 7849
65 17 12874
65 76 983
65 1 4028
65 51 2083
65 97 20330
65 66 2646
65 62 4090
65 6 14350
65 85 21032
65 2 1401
65 92 5969
65 73 6127
65 46 19083
65 94 19926
65 90 15192
65 25 531
65 88 9616
65 42 6191
65 30 9815
65 69 14722
65 31 6656
65 15 11204
65 80 7529
65 43 18684
65 32 4988
65 81 16866
65 55 564
65 22 3832
65 11 20185
65 29 1222
65 16 14994
65 34 3302
65 21 18
65 37 537
65 87 15728
65 89 9746
65 20 9865
65 36 9618
65 0 5101
65 26 21266
65 82 5664
65 68 13153
65 8 6610
65 61 6433
65 78 4978
65 79 1716
65 35 3280
65 50 16290
65 91 11096
65 57 20402
65 44 1987
65 3 17435
65 19 14881
65 38 11436
65 83 13867
65 63 16814
65 39 19745
65 5 4007
65 98 4417
65 45 11561
65 84 7650
65 64 11669
65 74 19618
65 49 15921
65 33 21371
65 70 3932
65 10 5424
65 77 7590
65 41 7119
65 12 5247
66 93 1962
66 4 21801
66 6 3825
66 74 10009
66 67 11140
66 0 16562
66 91 5738
66 95 4032
66 84 1934
66 94 21697
66 29 16154
66 36 17551
66 69 21959
66 65 631
66 48 2037
66 73 17984
66 34 12241
66 26 48
66 75 18962
66 5 21937
66 27 9758
66 51 13912
66 59 11538
66 21 6961
66 60 21068
66 76 432
66 3 7989
66 56 5796
66 10 19793
66 22 571
66 38 5707
66 72 7942
66 30 804
66 39 18459
66 40 4340
66 79 16257
66 54 22152
66 98 20574
66 16 3278
66 77 7595
66 49 19526
66 68 15077
66 25 1991
66 24 16649
66 53 4192
66 46 17746
66 14 2945
66 64 19353
66 31 5953
66 23 545
66 2 18603
66 1 15202
66 41 7132
66 32 4286
66 61 16887
66 55 19330
66 18 2115
66 89 9451
66 45 3223
66 97 18266
66 17 14205
66 87 1630
66 85 2307
66 70 13275
66 33 14539
66 99 6505
66 63 18612
66 9 7481
66 8 1263
67 71 12509
67 88 18840
67 89 3183
67 42 7625
67 26 15787
67 28 17092
67 56 3601
67 46 3730
67 99 7746
67 52 14614
67 96 2026
67 86 19246
67 81 12447
67 65 3234
67 32 10321
67 4 13133
67 31 9557
67 79 17130
67 78 18662
67 74 6348
67 97 13998
67 47 17468
67 15 10164
67 13 1692
67 68 19753
67 36 4578
67 83 5708
67 48 9325
67 94 15901
67 63 13128
67 11 19090
67 38 14674
67 66 19883
67 6 9544
67 2 11615
67 39 8871
67 40 709
67 91 4333
67 16 8938
67 60 3725
67 33 8894
67 53 7558
67 24 6053
67 29 15703
67 12 17442
67 58 5300
67 41 12300
67 45 4548
67 93 13219
67 70 20505
67 27 17
67 51 3180
67 7 7300
67 34 4408
67 50 7964
67 0 555
67 3 15366
67 90 7960
67 92 10304
67 85 7156
67 25 17375
67 95 19621
67 64 20861
67 19 12663
67 75 7202
67 44 17019
67 80 14575
67 20 21016
67 22 16975
67 21 8286
67 55 19456
67 54 1791
67 61 5103
67 59 15150
67 98 5933
67 87 2101
68 34 12999
68 56 6476
68 83 17490
68 92 3212
68 50 1775
68 46 10050
68 20 6232
68 31 20932
68 69 4523
68 13 18454
68 94 1649
68 77 8920
68 39 18099
68 93 19529
68 35 16002
68 0 19501
68 61 524
68 3 12460
68 6 1545
68 76 757
68 26 8351
68 11 196
68 12 14454
68 85 11374
68 82 9882
68 2 14022
68 10 12438
68 16 20712
68 53 20325
68 97 2582
68 14 12153
68 8 7458
68 15 2420
68 36 12086
68 84 18184
68 66 10067
68 65 10338
68 40 9369
68 32 12882
68 41 4112
68 54 17202
68 37 16325
68 59 6989
68 90 18113
68 38 4551
68 67 1708
68 42 10470
68 78 13852
68 73 13819
68 17 10609
68 95 10894
68 71 16523
68 24 13231
68 52 16079
68 7 7127
68 88 13375
68 23 6319
68 49 11780
68 74 16645
68 60 11400
68 57 22011
68 64 1377
68 86 20237
68 89 13299
68 4 5417
68 63 7529
68 33 16635
68 48 11746
68 19 16497
68 70 14587
69 82 9509
69 90 20100
69 24 10020
69 40 21894
69 91 18365
69 10 20991
69 53 389
69 25 13846
69 72 15592
69 30 392
69 97 13996
69 73 12101
69 70 20749
69 12 20803
69 31 11738
69 61 9331
69 55 12024
69 46 4611
69 27 5692
69 48 14415
69 74 19871
69 67 13885
69 19 7034
69 21 6040
69 8 598
69 37 11093
69 13 1686
69 35 7347
69 39 4789
69 0 7869
69 83 13184
69 79 22186
69 81 10453
69 41 13367
69 57 17766
69 47 2122
69 92 13987
69 78 1764
69 54 14225
69 34 3172
69 71 9239
69 58 132
69 6 7384
69 14 9580
69 93 8948
69 22 3759
69 26 14159
69 51 2654
69 50 21229
69 65 8562
69 88 147
69 84 1998
69 59 21234
69 28 7651
69 4 11077
69 80 4406
69 20 7171
69 68 15330
69 63 1842
69 94 20214
69 86 4730
69 66 19007
69 45 2229
69 29 21732
69 11 12168
69 52 5724
69 98 6348
69 36 13112
69 16 11963
69 32 19057
69 42 7586
70 58 5050
70 30 4127
70 83 14588
70 29 20394
70 0 13374
70 61 3624
70 72 11744
70 35 8863
70 71 3253
70 19 17845
70 8 231
70 15 12375
70 76 15428
70 41 7448
70 52 6277
70 82 12345
70 89 9263
70 75 1550
70 99 8662
70 79 22003
70 18 15428
70 2 7154
70 4 21080
70 13 15134
70 40 6560
70 63 3209
70 53 10227
70 42 12810
70 46 1300
70 87 3665
70 36 14620
70 73 12769
70 3 7943
70 68 9572
70 67 20497
70 34 13836
70 17 9876
70 97 19145
70 9 2753
70 27 10789
70 51 9508
70 25 15683
70 48 16622
70 39 17550
70 49 9206
70 62 19401
70 94 2439
70 10 21969
70 28 20055
70 96 3363
70 43 11489
70 59 14769
70 56 2081
70 12 9895
70 1 19080
70 98 11192
70 6 18322
70 55 13028
70 64 22103
70 20 4225
70 31 15644
70 77 18778
70 80 17961
70 90 19065
70 69 5941
70 86 18010
70 93 8562
70 78 8229
70 23 9858
70 85 16129
70 5 17008
70 37 20650
70 24 18849
70 74 4080
70 92 19131
70 88 21390
70 7 9892
70 45 3999
70 60 6804
71 69 19267
71 62 11887
71 75 179
71 68 20069
71 1 19747
71 41 14774
71 85 7904
71 24 14161
71 99 1913
71 10 9371
71 56 815
71 67 4645
71 81 10463
71 89 18739
71 63 6726
71 78 1660
71 55 14042
71 65 3086
71 2 7408
71 93 13156
71 83 11146
71 58 17329
71 95 4371
71 90 12706
71 43 4168
71 37 16270
71 23 14568
71 57 5003
71 26 18340
71 46 5672
71 32 19907
71 96 10691
71 59 1253
71 12 2948
71 0 4160
71 52 8210
71 29 17945
71 34 7766
71 8 17863
71 66 16295
71 84 12792
71 25 16375
71 49 3486
71 61 10081
71 77 2995
71 98 15063
71 27 3458
71 16 2078
71 13 20359
71 91 2335
71 11 2385
71 33 18544
71 72 19621
71 14 1833
71 20 6446
71 53 20359
71 47 14194
71 70 16576
71 6 11525
71 51 13378
71 22 464
71 28 4416
71 39 7010
71 74 12122
71 94 15509
71 44 12662
71 4 16256
71 50 21516
71 36 15348
71 40 12341
72 58 2413
72 81 6594
72 57 6364
72 6 21516
72 61 10430
72 99 16758
72 92 16383
72 35 3014
72 16 22265
72 42 13657
72 22 21057
72 53 3350
72 28 15115
72 47 4386
72 32 16630
72 70 20113
72 34 11524
72 1 18408
72 41 20279
72 24 3861
72 87 8509
72 49 3287
72 51 4126
72 12 17183
72 79 16216
72 11 8249
72 82 20416
72 54 2171
72 21 15959
72 26 20927
72 25 17712
72 60 8176
72 19 18811
72 89 2009
72 59 217
72 10 14
72 76 4603
72 91 16843
72 93 10412
72 90 17908
72 40 15948
72 78 7564
72 29 4561
72 38 2112
72 27 3372
72 96 14174
72 97 10525
72 3 13523
72 56 102
72 69 6909
72 30 1588
72 95 14844
72 66 21522
72 71 5350
72 44 16391
72 0 2799
72 77 18089
72 4 21800
72 39 10993
72 86 4907
72 64 11585
72 8 8780
72 33 11325
72 37 13931
72 31 8983
72 5 9724
72 23 807
72 74 8589
72 94 16708
72 15 14238
72 17 20035
72 75 17122
72 67 10006
72 2 14278
72 14 2284
72 55 2882
72 85 10286
72 62 21895
73 65 1732
73 60 4058
73 32 19865
73 1 13829
73 79 9415
73 58 6572
73 80 12055
73 53 19280
73 57 20181
73 49 15978
73 88 10716
73 0 15058
73 8 4178
73 75 14129
73 92 2336
73 31 2725
73 27 2288
73 41 2768
73 28 12037
73 72 15451
73 85 8262
73 93 13489
73 20 20494
73 96 17446
73 83 10972
73 64 8990
73 98 18678
73 19 13752
73 36 20586
73 44 16173
73 4 6141
73 39 4575
73 25 10496
73 6 14817
73 71 22117
73 99 4816
73 46 12813
73 11 12084
73 54 14378
73 14 17287
73 9 5600
73 67 8861
73 52 19102
73 16 8374
73 34 5810
73 35 4282
73 81 17002
73 45 3768
73 74 15151
73 69 4827
73 56 21159
73 21 12152
73 15 5623
73 37 10229
73 12 10284
73 66 17779
73 82 8503
73 17 8613
73 40 20801
73 13 8506
73 2 2738
73 47 16850
73 18 6550
73 86 12600
73 84 6782
73 24 10574
73 94 3231
73 95 220
73 43 7374
73 5 8068
73 59 8708
73 68 7742
73 87 11640
73 61 20802
73 29 20861
73 77 15034
73 33 5161
74 29 10438
74 88 20053
74 15 21184
74 97 7238
74 73 11351
74 34 18170
74 3 21916
74 59 5719
74 35 17540
74 64 3155
74 10 18688
74 51 5801
74 66 15172
74 84 1385
74 22 12696
74 2 17773
74 50 4292
74 26 4456
74 42 20187
74 16 5256
74 44 19047
74 57 12473
74 25 10147
74 92 11504
74 48 4258
74 32 12885
74 39 16959
74 78 21376
74 28 15630
74 87 7676
74 76 18525
74 9 6231
74 19 10443
74 1 11683
74 71 11259
74 52 13434
74 24 10190
74 94 18232
74 12 18288
74 27 4628
74 70 14485
74 33 4475
74 90 8798
74 14 12451
74 4 1767
74 46 12210
74 7 14202
74 38 921
74 17 13518
74 47 12970
74 30 9806
74 21 21478
74 79 12126
74 49 252
74 8 18411
74 43 15146
74 13 4835
74 58 11444
74 55 4273
74 67 5277
74 89 18744
74 56 5432
74 6 6567
74 96 9258
74 93 13666
74 31 3134
74 61 19601
74 75 12192
74 81 6668
74 36 18264
74 63 16040
74 23 1835
74 83 4062
74 62 6416
74 0 884
74 45 1718
74 91 301
74 53 1927
75 16 17523
75 44 11834
75 81 3679
75 24 2775
75 79 7172
75 93 17136
75 80 12433
75 69 8973
75 26 16029
75 36 12693
75 52 19254
75 28 14328
75 14 2852
75 29 13608
75 5 18038
75 77 9919
75 35 15439
75 31 1031
75 43 15927
75 66 19652
75 41 8525
75 61 18661
75 78 20807
75 10 14763
75 83 9397
75 67 6134
75 95 17904
75 25 10246
75 46 4490
75 54 14340
75 97 18837
75 53 12665
75 11 18514
75 72 12863
75 65 17626
75 68 11100
75 12 7241
75 94 13194
75 62 19699
75 48 15422
75 40 14935
75 30 10136
75 37 7902
75 56 11332
75 6 7240
75 64 11621
75 4 2624
75 47 12735
75 55 1424
75 22 2933
75 38 4596
75 23 20327
75 86 15778
75 59 10752
75 13 10317
75 98 9169
75 92 14496
75 1 9067
75 42 12327
75 8 13241
75 20 10093
75 2 294
75 9 2832
75 58 7362
75 0 16339
75 84 4060
75 15 10444
75 73 15977
75 87 157
75 71 20472
75 57 11106
75 7 19806
75 34 11398
75 96 16463
75 21 2084
75 88 21824
75 99 10222
76 8 11224
76 20 18557
76 49 11043
76 25 6870
76 7 7827
76 47 20600
76 33 4520
76 34 6842
76 67 2703
76 88 10295
76 12 5460
76 5 11910
76 44 4130
76 57 16312
76 93 16065
76 38 16713
76 61 11514
76 78 9126
76 23 7372
76 17 2563
76 3 18318
76 21 20009
76 64 20556
76 35 16397
76 86 2254
76 30 19089
76 89 5961
76 24 6959
76 98 16571
76 13 5268
76 82 18493
76 99 7514
76 92 20297
76 75 169
76 36 21098
76 27 13616
76 45 979
76 2 14509
76 26 15357
76 66 2035
76 94 20855
76 77 18139
76 81 7713
76 68 21020
76 29 5012
76 6 1842
76 37 9980
76 41 20578
76 39 1432
76 4 12413
76 84 21926
76 60 15326
76 62 15635
76 63 17941
76 53 18755
76 58 2724
76 97 2989
76 40 1234
76 87 11870
76 79 2404
76 91 9133
76 69 5953
76 73 3526
76 54 8151
76 74 7916
76 10 10109
76 51 17586
76 90 18281
76 11 11535
76 59 10762
76 9 5278
77 46 11839
77 49 13073
77 42 13841
77 28 2061
77 56 15148
77 35 11973
77 50 19525
77 18 9517
77 2 13705
77 10 8602
77 36 970
77 91 15458
77 17 11064
77 87 10872
77 7 10363
77 95 13488
77 62 12767
77 3 4702
77 51 4900
77 63 9120
77 19 1970
77 82 4661
77 53 3282
77 90 16104
77 45 14607
77 4 1008
77 32 12117
77 99 9869
77 66 2612
77 61 4251
77 5 12627
77 72 16000
77 79 12226
77 40 12955
77 88 6865
77 73 2243
77 48 18558
77 96 4611
77 78 8061
77 94 3511
77 80 18363
77 83 7505
77 1 3174
77 67 5093
77 27 1298
77 75 12560
77 29 11892
77 64 4747
77 55 10345
77 47 8009
77 22 6117
77 38 21086
77 24 21478
77 58 17723
77 86 12568
77 43 19270
77 31 19564
77 74 16225
77 59 5996
77 54 20368
77 6 4783
77 11 21138
78 6 8289
78 99 6757
78 75 10228
78 14 12980
78 24 15113
78 55 20011
78 84 10328
78 71 8588
78 18 2742
78 62 22214
78 15 9449
78 43 4560
78 93 6564
78 85 21273
78 42 21176
78 41 14969
78 83 4669
78 33 19022
78 40 14180
78 8 18339
78 94 143
78 20 7973
78 90 16742
78 36 2701
78 3 19500
78 69 11120
78 19 6337
78 26 3546
78 80 3809
78 56 6721
78 86 17243
78 74 2728
78 1 17303
78 50 14695
78 72 220
78 77 13870
78 23 17999
78 2 19974
78 65 2195
78 82 1010
78 73 19009
78 64 20808
78 76 20504
78 67 7747
78 29 11063
78 52 17249
78 38 17892
78 61 714
78 46 13575
78 60 1143
78 95 17743
78 81 4677
78 96 20831
78 34 20604
78 25 2104
78 59 7386
78 13 8138
78 21 2384
78 63 3995
78 79 10142
78 27 19545
78 16 7777
78 47 19542
78 30 14839
78 53 17068
78 57 21826
78 58 21601
78 39 14298
78 35 22048
78 17 5509
78 98 2464
78 12 15382
78 68 14144
78 9 4350
78 54 20872
78 49 21847
78 4 5759
78 97 8622
79 66 13744
79 67 12077
79 74 13337
79 59 16196
79 9 10856
79 97 2319
79 42 1502
79 51 2574
79 93 110
79 27 7628
79 25 5999
79 72 9366
79 10 19618
79 39 14029
79 12 17034
79 3 9188
79 26 902
79 1 9988
79 11 13453
79 8 13026
79 53 2661
79 87 6550
79 36 13200
79 89 4913
79 90 16940
79 85 12547
79 47 1336
79 81 19066
79 33 7885
79 7 12076
79 45 21298
79 41 3351
79 62 1049
79 78 10642
79 73 10419
79 68 7316
79 4 7583
79 44 20152
79 99 18854
79 69 20687
79 88 18544
79 43 7090
79 19 8154
79 94 268
79 16 16191
79 77 7182
79 14 7134
79 52 12087
79 38 372
79 20 2788
79 80 12071
79 76 22092
79 6 13541
79 48 309
79 98 2749
79 58 16346
79 28 13317
79 82 3990
79 65 7800
79 83 825
79 55 17312
79 91 7477
79 49 19745
79 29 7649
79 17 16637
79 86 16713
80 31 13579
80 34 11806
80 38 17631
80 30 14985
80 4 22158
80 47 17972
80 25 22090
80 62 11386
80 97 11327
80 27 18677
80 0 18478
80 75 14253
80 72 4028
80 82 4676
80 42 9619
80 58 17636
80 18 4271
80 87 9721
80 89 11921
80 54 11006
80 24 2592
80 45 12350
80 76 17110
80 35 1846
80 37 18375
80 11 7330
80 43 5177
80 39 12250
80 98 7499
80 81 10408
80 79 6011
80 16 21923
80 29 20888
80 69 3227
80 6 4917
80 52 8788
80 71 5187
80 83 22133
80 99 7023
80 56 6061
80 36 15699
80 9 9445
80 85 17762
80 17 14649
80 19 3632
80 60 5444
80 10 12380
80 94 4384
80 90 19840
80 78 151
80 53 7245
80 84 7687
80 22 4772
80 46 17950
80 12 20127
80 7 37
80 65 21493
80 64 15947
80 50 21866
80 96 9274
80 1 18881
80 77 3521
80 92 5750
80 66 12025
80 32 11298
80 49 7812
80 41 4607
80 33 7814
80 88 14284
80 2 10691
80 73 20586
80 23 3092
80 63 11004
80 59 19846
80 15 15628
81 60 2972
81 83 2057
81 49 17301
81 71 17497
81 37 18506
81 66 22184
81 42 1054
81 8 3904
81 11 18425
81 65 6837
81 53 14930
81 79 1703
81 43 13883
81 15 13767
81 45 643
81 54 7906
81 14 17612
81 40 14054
81 76 7597
81 59 14165
81 1 18419
81 96 20361
81 26 14034
81 18 2666
81 27 12318
81 77 16647
81 61 12367
81 92 1953
81 67 313
81 2 18262
81 78 530
81 52 4833
81 46 11014
81 86 8421
81 6 5583
81 84 17665
81 13 6093
81 70 14383
81 64 20577
81 62 2253
81 7 7490
81 63 10495
81 32 8214
81 89 9552
81 91 11498
81 44 13908
81 10 14101
81 17 2023
81 0 17297
81 95 15204
81 34 6232
81 72 8201
81 82 181
81 35 15194
81 12 3774
81 73 21801
81 88 8086
81 28 9836
81 21 22172
81 24 5166
81 87 1874
81 33 8169
81 58 1304
81 41 2046
81 80 19623
81 3 11032
81 75 21524
81 19 12801
81 57 9033
81 38 19019
81 25 15214
81 93 7622
81 51 7305
81 99 14649
81 23 19669
82 19 8583
82 7 17596
82 36 1087
82 63 4009
82 61 12977
82 96 4643
82 4 17590
82 32 8965
82 18 18401
82 77 16034
82 66 22099
82 99 15490
82 62 7874
82 57 3396
82 38 20709
82 37 16958
82 94 1733
82 53 9200
82 84 4092
82 9 7943
82 74 8972
82 10 7562
82 3 475
82 41 12038
82 64 14677
82 40 200
82 52 15828
82 68 20351
82 23 1696
82 54 17799
82 16 15974
82 59 14387
82 33 20885
82 29 14619
82 73 8625
82 95 5105
82 47 1619
82 56 18307
82 15 6306
82 14 18290
82 93 1443
82 43 1934
82 1 1900
82 35 11626
82 98 19131
82 11 8719
82 25 14453
82 2 4664
82 31 15262
82 8 622
82 71 9258
82 42 17288
82 60 576
82 45 14371
82 48 8110
82 5 1851
82 92 6007
82 17 7292
82 88 12803
82 86 7499
82 6 233
82 26 16738
82 44 1894
82 22 5948
82 46 68
82 39 4017
82 27 13590
82 97 17009
82 55 10315
82 65 9681
82 70 14111
82 50 21761
82 51 19262
82 30 12222
82 78 21089
82 12 16367
82 81 20195
82 20 5096
83 40 17272
83 42 21962
83 6 18990
83 12 19712
83 38 17096
83 17 5199
83 8 14566
83 30 2476
83 75 14333
83 44 12019
83 89 7562
83 9 20617
83 96 5110
83 26 4928
83 36 13970
83 22 12541
83 84 613
83 94 9225
83 35 11457
83 7 5377
83 43 16577
83 32 4448
83 41 17896
83 70 1021
83 69 6907
83 56 14323
83 25 11107
83 34 9936
83 82 10376
83 28 7810
83 73 10069
83 74 18351
83 55 19852
83 90 10339
83 85 19350
83 71 16205
83 72 7849
83 20 18890
83 76 18182
83 95 12254
83 60 12356
83 47 15691
83 19 3398
83 97 620
83 3 7393
83 13 8710
83 48 9381
83 4 15420
83 51 10236
83 87 9626
83 24 10346
83 99 3023
83 49 13171
83 98 15443
83 62 6920
83 0 15402
83 59 16346
83 16 13907
83 77 5686
83 37 15042
83 64 8042
83 50 14496
83 67 14091
83 58 6839
83 53 13898
83 18 17956
83 52 11659
83 81 11862
83 79 14959
83 66 9005
83 21 10050
84 18 6986
84 63 4592
84 58 14117
84 65 7979
84 54 360
84 6 3279
84 55 15530
84 74 11086
84 15 10815
84 62 21389
84 42 8993
84 56 4550
84 96 19474
84 24 14793
84 77 1966
84 41 14210
84 52 11954
84 67 10362
84 38 14727
84 92 1101
84 71 9442
84 88 12968
84 4 21946
84 76 9547
84 93 1590
84 11 21098
84 17 18631
84 9 7268
84 91 19582
84 69 11120
84 87 15811
84 48 2369
84 49 9179
84 44 304
84 1 554
84 33 11481
84 30 8187
84 28 3367
84 34 16799
84 13 11004
84 36 4770
84 26 4187
84 60 11932
84 3 15430
84 59 14639
84 40 73
84 37 6139
84 12 20299
84 83 11418
84 10 10218
84 16 579
84 5 18495
84 97 4134
84 61 20913
84 20 57
84 57 21069
84 85 21052
84 78 10128
84 86 8232
84 32 1520
84 68 13649
84 0 4115
84 94 17250
84 39 15630
84 7 8504
84 19 14212
84 73 1782
84 8 10262
84 14 16751
84 80 17823
84 72 556
84 46 18543
84 66 12100
85 77 5376
85 97 1451
85 47 73
85 19 8895
85 99 3005
85 53 16529
85 41 16675
85 61 12537
85 59 18461
85 23 5426
85 45 2197
85 30 10292
85 91 19469
85 56 1768
85 22 7338
85 80 15199
85 1 11847
85 82 9280
85 86 16868
85 8 3933
85 71 11635
85 12 6290
85 69 4779
85 50 17840
85 76 6929
85 9 6185
85 18 19613
85 78 9387
85 3 4184
85 28 11902
85 14 15849
85 7 21190
85 34 7243
85 79 7384
85 15 9519
85 21 8446
85 39 16062
85 26 14383
85 35 16974
85 54 8450
85 87 10022
85 43 7380
85 70 8803
85 31 930
85 94 3143
85 6 13043
85 46 11657
85 4 16247
85 75 4336
85 98 9285
85 62 6990
85 27 4909
85 89 18043
85 10 15922
85 65 5609
85 66 3042
85 93 19375
85 11 21891
85 83 12962
85 44 13379
85 55 17587
85 95 21502
85 51 52
85 13 16998
85 42 20808
85 88 6244
85 16 220
85 38 11728
85 48 1928
85 0 19591
86 55 15403
86 90 16625
86 67 18474
86 93 107
86 50 9410
86 53 8097
86 75 10159
86 31 9320
86 34 17432
86 59 5178
86 79 7981
86 38 2162
86 83 8757
86 5 5737
86 24 13833
86 87 16333
86 82 7364
86 64 19764
86 68 17820
86 27 3661
86 6 13544
86 23 14180
86 29 5710
86 85 16017
86 60 15874
86 89 18831
86 97 6250
86 36 16707
86 80 15564
86 7 6024
86 51 15425
86 18 20350
86 63 6734
86 21 18680
86 9 14926
86 84 12720
86 0 227
86 15 16765
86 30 17688
86 17 10392
86 91 6984
86 95 8369
86 3 21615
86 72 21991
86 14 5113
86 26 16103
86 54 13333
86 92 772
86 99 5165
86 43 532
86 78 15509
86 66 15935
86 11 12522
86 32 3477
86 28 19717
86 69 18183
86 33 17924
86 57 19585
86 74 17011
86 77 1462
86 96 6132
86 65 18051
86 88 20630
86 25 8202
86 48 7747
86 40 9378
86 16 14886
86 73 7975
86 70 17596
86 81 9298
86 58 17322
87 19 1496
87 97 5695
87 35 11549
87 17 3069
87 50 4514
87 26 11671
87 46 16123
87 40 19773
87 25 6958
87 7 19628
87 76 5367
87 28 4836
87 33 8798
87 69 10815
87 37 12062
87 63 20935
87 47 6055
87 14 19496
87 94 20911
87 68 996
87 79 1418
87 5 3926
87 62 14306
87 98 18184
87 72 2078
87 85 1227
87 81 13714
87 84 21676
87 56 1667
87 9 7749
87 10 15682
87 86 18001
87 45 10671
87 27 6992
87 54 11965
87 74 9807
87 31 13181
87 65 16039
87 61 20942
87 66 1361
87 51 6378
87 99 14997
87 48 17279
87 0 13299
87 32 16941
87 75 10102
87 41 12181
87 39 12876
87 90 8944
87 22 9498
87 70 2820
87 60 19403
87 88 8506
87 73 14363
87 12 16188
87 1 6933
87 34 15567
87 58 8578
87 77 17967
87 57 12021
87 44 10605
87 43 8575
87 52 10367
87 30 2234
87 91 6975
87 64 2540
87 11 9979
87 36 5341
87 21 5844
88 81 8709
88 22 5877
88 45 6972
88 56 1413
88 26 16008
88 38 5969
88 27 7766
88 34 118
88 20 3060
88 73 7840
88 37 13978
88 89 1249
88 13 22057
88 64 15339
88 65 18304
88 67 742
88 87 21178
88 92 19732
88 48 7983
88 83 9244
88 70 20870
88 25 15052
88 76 17781
88 49 20819
88 75 8076
88 21 712
88 54 561
88 82 10053
88 59 14422
88 11 1822
88 96 4946
88 85 7547
88 51 21260
88 68 773
88 46 17246
88 5 12290
88 17 3024
88 23 19115
88 97 16479
88 2 18702
88 98 11178
88 6 9461
88 57 1571
88 15 7339
88 50 6757
88 95 12509
88 80 19094
88 55 4347
88 8 6489
88 47 11759
88 35 20832
88 61 17334
88 94 19379
88 10 562
88 3 15267
88 62 22156
88 40 18206
88 52 19383
88 32 2533
88 93 9037
88 1 16708
88 60 13027
88 42 11817
88 16 1261
88 28 363
88 66 15773
88 9 21759
88 0 21981
88 31 10265
88 12 18046
88 18 2809
88 14 2125
88 7 6564
89 75 15269
89 94 183
89 79 18412
89 22 10888
89 71 3588
89 70 17511
89 48 18278
89 96 20393
89 78 3262
89 54 17353
89 97 15174
89 10 11548
89 57 12956
89 23 7054
89 31 9995
89 4 9995
89 72 18026
89 29 21977
89 83 14279
89 12 17266
89 62 7826
89 27 8246
89 40 20338
89 37 6944
89 41 5113
89 92 2418
89 91 10615
89 82 21754
89 58 2324
89 49 8869
89 77 13102
89 88 11151
89 18 11580
89 73 10346
89 42 20819
89 68 11928
89 6 13632
89 84 19027
89 52 4183
89 35 11791
89 25 213
89 98 10939
89 3 11669
89 95 10126
89 45 17372
89 43 20965
89 53 430
89 5 12498
89 46 5930
89 93 15471
89 44 5381
89 87 20950
89 56 4192
89 39 9032
89 30 12374
89 26 1464
89 32 6289
89 66 14663
89 7 111
89 11 1949
89 76 1272
89 34 20344
89 19 3225
89 86 13767
89 1 43
89 69 13102
89 8 6853
89 55 6611
89 38 10934
89 99 9587
89 81 4888
89 51 4394
89 63 17453
89 67 6248
89 13 11040
89 28 13497
90 74 18182
90 17 3676
90 9 9309
90 61 7669
90 98 19208
90 15 21809
90 12 410
90 79 300
90 60 18967
90 48 1230
90 33 18583
90 44 12281
90 45 10289
90 81 6048
90 92 15027
90 72 5783
90 27 21444
90 0 3843
90 95 20604
90 68 21497
90 8 12702
90 80 3040
90 75 11527
90 10 12490
90 94 21668
90 97 9457
90 83 2274
90 6 13854
90 39 7369
90 67 8845
90 29 19264
90 41 900
90 65 21110
90 89 7565
90 26 8244
90 51 8160
90 55 13062
90 82 2482
90 59 10414
90 35 12736
90 13 3954
90 91 9203
90 47 18241
90 63 20731
90 70 12756
90 58 7393
90 18 12441
90 36 352
90 34 6865
90 78 12453
90 71 9468
90 11 5839
90 3 3574
90 57 12562
90 4 5727
90 64 19782
90 40 5944
90 25 8201
90 69 1435
90 32 1551
90 76 20718
90 21 11014
90 88 3260
90 38 7604
90 85 154
90 49 8181
90 19 5675
90 43 7570
90 2 4586
90 62 14458
90 87 3585
90 5 16550
90 96 5991
90 30 8848
90 84 5663
90 86 14588
90 16 8370
91 34 19563
91 90 13986
91 94 4872
91 28 14920
91 15 12988
91 61 16957
91 33 21526
91 62 9300
91 80 7091
91 76 3290
91 40 16347
91 63 21821
91 19 11228
91 2 20713
91 41 15384
91 73 1753
91 27 2888
91 84 11643
91 65 11087
91 83 7984
91 43 7234
91 47 12409
91 45 1075
91 10 9349
91 54 2555
91 9 14732
91 36 353
91 88 2732
91 77 8457
91 86 14935
91 99 15278
91 56 506
91 7 16673
91 75 11938
91 14 15924
91 51 10300
91 67 16847
91 31 18386
91 21 13332
91 20 10525
91 60 15902
91 18 16629
91 72 18194
91 4 4562
91 30 10056
91 66 2335
91 78 15819
91 16 8936
91 17 5175
91 95 2534
91 8 1375
91 37 19640
91 11 20365
91 42 19123
91 97 964
91 25 9762
91 50 21495
91 29 22107
91 92 10066
91 53 3703
91 26 8759
91 48 11226
91 13 9551
91 59 10822
91 23 19276
91 24 22111
91 71 6780
91 6 9579
91 87 4295
91 70 4289
91 1 6510
91 3 12522
91 98 14194
91 57 8043
91 55 18078
91 35 17205
91 22 5823
91 74 5247
92 69 19839
92 68 8288
92 64 17200
92 42 13938
92 46 19653
92 70 20844
92 9 2785
92 6 19151
92 87 4620
92 65 1970
92 81 18930
92 17 21332
92 13 4907
92 51 8188
92 18 4326
92 86 18522
92 21 13515
92 16 20204
92 3 11115
92 27 20598
92 90 17596
92 97 5406
92 22 510
92 28 8901
92 31 20056
92 88 20387
92 94 19834
92 78 15239
92 34 291
92 57 4120
92 53 21153
92 32 7154
92 58 11581
92 1 10758
92 99 8396
92 29 9076
92 60 5630
92 95 6752
92 63 5938
92 89 3031
92 93 20671
92 55 4676
92 7 12852
92 48 16311
92 59 17408
92 83 8287
92 14 2470
92 25 4268
92 96 5075
92 47 8134
92 26 22183
92 79 20507
92 50 11289
92 45 10584
92 44 11191
92 80 6164
92 75 2007
92 84 7774
92 5 11260
92 66 10906
92 37 18957
92 38 12044
92 8 16787
92 11 16449
92 39 11249
92 35 15255
92 67 15867
92 98 12983
92 24 12448
92 4 7552
92 72 21332
92 2 679
92 85 13520
92 56 22040
92 49 1736
93 20 12993
93 28 1198
93 41 21176
93 32 12617
93 92 21928
93 54 15059
93 26 17623
93 45 21447
93 2 2875
93 51 21174
93 35 8639
93 88 14972
93 38 1691
93 98 18162
93 5 20703
93 44 91
93 74 19311
93 3 6821
93 46 1906
93 73 1396
93 31 15612
93 80 17177
93 48 22158
93 72 15596
93 23 9586
93 15 8388
93 76 2711
93 69 21995
93 60 9432
93 50 3864
93 85 1328
93 6 13816
93 21 16141
93 14 21289
93 86 1698
93 77 14928
93 82 2756
93 68 8424
93 9 1958
93 94 11118
93 8 18378
93 0 21101
93 17 15186
93 91 18591
93 95 4414
93 97 19989
93 56 21477
93 70 14988
93 96 3083
93 67 4616
93 61 20255
93 25 5646
93 22 5066
93 13 8680
93 27 7195
93 29 13902
93 10 13019
93 90 4565
93 43 6373
93 49 1139
93 18 17273
93 75 15228
93 12 14998
93 40 11075
93 19 14866
93 11 15991
93 39 16580
93 37 4018
93 63 19029
93 79 6307
93 81 15148
93 24 563
93 33 20442
93 87 18690
94 70 20025
94 97 19360
94 85 5891
94 57 8557
94 45 14924
94 53 15200
94 11 19983
94 17 4594
94 52 2431
94 12 21241
94 36 21906
94 62 14642
94 81 19009
94 4 17709
94 99 16879
94 77 18267
94 47 5470
94 29 8221
94 27 16335
94 26 2004
94 13 6111
94 19 1617
94 76 1252
94 89 17122
94 59 11416
94 90 18800
94 64 4662
94 22 19385
94 72 6113
94 55 14409
94 86 5655
94 69 6293
94 73 18388
94 21 21099
94 0 18826
94 58 2653
94 38 3253
94 46 21181
94 2 10525
94 68 841
94 88 2345
94 34 16257
94 75 13564
94 43 22117
94 71 6477
94 20 19130
94 1 5745
94 41 7697
94 74 21572
94 30 10403
94 5 7905
94 79 14188
94 82 20780
94 50 13492
94 48 12856
94 6 15973
94 80 19513
94 83 5654
94 51 14771
94 37 6534
94 35 21808
94 87 9657
94 39 1809
94 31 11365
94 32 18464
94 61 112
94 3 2624
94 42 20456
94 16 6469
94 18 4965
94 67 5800
94 66 17388
94 63 11167
94 15 6552
94 95 19282
94 28 19865
94 98 17756
94 54 4091
94 84 22044
95 9 13355
95 65 1718
95 93 20664
95 19 2267
95 43 11881
95 31 16862
95 14 4483
95 7 16021
95 33 2520
95 75 15596
95 72 17456
95 0 20741
95 80 515
95 8 6684
95 48 13150
95 92 12411
95 52 18587
95 59 20656
95 60 16678
95 78 5262
95 88 2663
95 61 16494
95 77 10041
95 74 13278
95 24 1819
95 83 6184
95 16 16875
95 54 6500
95 66 21376
95 98 20837
95 11 2906
95 32 17949
95 5 19154
95 94 7998
95 34 19636
95 42 6728
95 64 15947
95 69 14210
95 36 15030
95 26 930
95 56 14693
95 51 13816
95 67 63
95 46 1089
95 96 8334
95 12 7203
95 27 8555
95 50 10870
95 29 8435
95 2 17996
95 22 5305
95 25 14149
95 38 3029
95 63 2516
95 28 15778
95 99 19306
95 17 729
95 35 15198
95 57 9892
95 47 7694
95 10 15037
95 3 18127
95 86 17286
95 15 21619
95 6 760
95 23 15673
95 37 5705
95 97 6977
95 40 3480
95 20 19467
95 55 5745
96 91 440
96 42 11848
96 16 14986
96 35 8349
96 20 18768
96 99 11927
96 46 22198
96 26 2276
96 90 6172
96 72 22137
96 29 8708
96 84 17864
96 85 21299
96 65 14961
96 64 13222
96 75 3077
96 62 6476
96 63 11793
96 56 2735
96 34 6962
96 54 5074
96 24 5650
96 55 12766
96 71 18145
96 89 1405
96 86 18005
96 14 9966
96 10 17729
96 12 11742
96 93 9247
96 78 18329
96 8 5423
96 47 5574
96 5 20501
96 48 9621
96 41 16131
96 25 16552
96 58 8385
96 23 15021
96 38 22140
96 52 16917
96 17 10112
96 4 5702
96 43 5518
96 7 2153
96 9 5706
96 21 1420
96 1 15321
96 15 6081
96 92 2880
96 68 17183
96 98 16329
96 50 9065
96 77 21070
96 67 7572
96 74 18064
96 6 20217
96 13 13551
96 73 3060
96 44 14394
96 2 21278
96 49 16369
96 76 18302
96 36 21604
96 94 19833
96 11 17517
96 51 8983
96 28 14245
97 94 8691
97 83 4300
97 37 14605
97 24 19833
97 1 11590
97 43 21337
97 84 15342
97 62 5566
97 13 8297
97 29 8848
97 2 15477
97 36 9775
97 40 12095
97 68 14585
97 8 10781
97 90 18549
97 92 1247
97 18 10150
97 96 10676
97 58 15888
97 55 18302
97 88 5902
97 49 11765
97 60 3230
97 89 19688
97 25 15299
97 56 8690
97 50 2193
97 74 3796
97 35 5767
97 17 19133
97 6 18645
97 21 16531
97 70 4856
97 47 17314
97 39 17316
97 86 18595
97 30 9362
97 33 19305
97 12 157
97 59 11646
97 23 2812
97 99 20698
97 15 4694
97 48 3427
97 63 14140
97 4 22226
97 0 11280
97 82 6035
97 75 208
97 54 899
97 20 17471
97 22 17594
97 53 15080
97 45 8773
97 51 17067
97 66 6889
97 7 15338
97 46 21328
97 57 2023
97 26 19618
97 11 11774
97 42 2614
97 3 15701
97 44 4808
97 38 4883
97 78 11588
97 80 19844
97 77 13995
97 81 14004
97 34 4554
98 97 21083
98 10 19526
98 11 18904
98 34 8736
98 0 5230
98 9 2834
98 67 15996
98 3 7044
98 85 14832
98 47 12958
98 33 12648
98 59 835
98 6 21940
98 93 16576
98 16 4121
98 90 7029
98 55 95
98 42 17492
98 18 20361
98 58 8852
98 7 19875
98 62 17302
98 94 20228
98 87 1681
98 72 7794
98 54 16765
98 5 1779
98 17 21220
98 41 19786
98 1 18910
98 76 11854
98 60 6803
98 65 8599
98 39 16143
98 37 6085
98 77 12707
98 74 19809
98 82 21215
98 29 2979
98 13 18779
98 66 19940
98 22 21648
98 30 12867
98 32 2699
98 38 8827
98 78 1833
98 68 13125
98 52 2318
98 23 12868
98 91 17628
98 49 9850
98 61 1637
98 44 15105
98 8 4324
98 4 9090
98 19 15408
98 21 17159
98 27 14843
98 35 3151
98 73 10975
98 86 18564
98 48 19137
98 83 17078
98 36 18920
98 56 11512
98 53 14787
98 26 20773
98 20 7577
98 24 16743
98 80 9266
98 99 14133
98 57 15759
98 88 19505
98 28 1461
98 75 19303
99 31 6550
99 15 8042
99 26 10705
99 18 19331
99 22 3751
99 53 17349
99 49 5712
99 98 14582
99 67 18557
99 21 18237
99 17 19634
99 45 22240
99 81 908
99 57 2959
99 93 3673
99 46 1453
99 73 15201
99 72 6580
99 79 14579
99 92 12664
99 83 2814
99 55 18281
99 87 20213
99 39 10550
99 24 10840
99 94 7937
99 42 12874
99 6 21983
99 97 11450
99 3 16400
99 68 3318
99 37 19639
99 64 3430
99 29 16828
99 76 11529
99 4 8787
99 90 1188
99 96 10386
99 41 2221
99 5 17018
99 10 1295
99 85 15046
99 7 17310
99 50 11502
99 44 10871
99 58 15443
99 12 16647
99 25 14608
99 20 5072
99 9 15594
99 69 2745
99 40 19900
99 52 16723
99 88 17840
99 35 21366
99 89 397
99 59 5020
99 43 9813
99 62 19719
99 82 1732
99 95 14585
99 13 8918
99 91 2270
99 60 8017
99 78 6965
99 11 5887
99 36 8560
99 32 6199
99 33 6581
99 23 19307
99 1 17357
99 61 4052
99 14 4540
99 74 13361
99 34 11750
99 2 776
99 8 13858
62
