70 3622
0 57 3162
0 7 6694
0 22 6150
0 44 4613
0 25 9293
0 33 2830
0 8 2390
0 63 7790
0 30 10506
0 66 2588
0 54 4109
0 2 7010
0 40 3739
0 29 9075
0 47 2667
0 11 2443
0 9 6543
0 6 844
0 38 1281
0 62 4587
0 65 4121
0 67 8455
0 60 4820
0 68 10682
0 45 2220
0 39 122
0 27 7557
0 21 6313
0 17 6845
0 14 658
0 56 5845
0 3 7840
0 31 10222
0 12 5699
0 61 9542
0 64 10568
0 4 2583
0 37 4353
0 19 5412
0 23 3731
0 69 3337
0 26 4679
0 10 9603
0 35 1824
0 50 6044
0 48 4217
0 53 8295
0 58 1933
0 15 9609
0 16 9963
0 13 4681
0 20 8937
0 18 5349
1 20 4916
1 43 3346
1 40 8234
1 33 28
1 53 10207
1 54 4180
1 57 7345
1 25 10094
1 34 6935
1 19 703
1 58 7126
1 14 4675
1 64 9495
1 55 8559
1 10 4368
1 24 6342
1 52 3657
1 68 3116
1 22 7286
1 50 6716
1 59 594
1 7 6390
1 45 7730
1 17 5347
1 0 7672
1 39 3838
1 66 4449
1 63 915
1 47 8788
1 9 9601
1 27 7449
1 41 5957
1 65 1839
1 2 2513
1 44 5188
1 61 473
1 56 7213
1 30 5295
1 18 746
1 48 1205
1 46 1732
1 16 5788
1 62 10625
1 31 6603
2 47 9528
2 32 8079
2 54 10848
2 21 9842
2 23 7388
2 1 10131
2 62 475
2 26 3550
2 17 5394
2 5 2915
2 13 5066
2 55 3132
2 3 4839
2 49 8751
2 67 6218
2 50 97
2 68 2643
2 46 76
2 53 9473
2 33 10793
2 45 860
2 22 1505
2 48 6186
2 0 1877
2 36 10577
2 31 1175
2 43 9263
2 18 2578
2 16 7280
2 59 3012
2 41 8047
2 38 4707
2 69 5960
2 14 7487
2 58 9793
2 57 4017
2 61 7712
2 52 7986
2 60 792
2 10 7369
2 44 3290
2 64 1490
2 15 2610
2 39 7106
2 20 9008
2 8 4924
2 63 1589
2 66 3542
2 29 4742
3 6 2086
3 16 7021
3 44 8169
3 64 6704
3 58 1841
3 31 3363
3 65 922
3 1 2220
3 10 4636
3 39 216
3 30 3853
3 46 4657
3 22 3835
3 9 1750
3 28 7969
3 55 1483
3 53 1978
3 14 6122
3 61 5948
3 24 5765
3 18 551
3 57 10830
3 13 1240
3 8 7239
3 21 9593
3 43 7661
3 32 2599
3 7 8893
3 51 6216
3 62 10358
3 19 9058
3 56 613
3 35 7131
3 33 4398
3 59 6863
3 36 9973
3 48 10570
3 50 1672
3 11 7693
3 17 9448
3 49 4347
3 52 10782
3 63 2337
3 38 1230
3 67 9259
3 25 1769
3 4 3796
3 37 6865
3 0 8355
3 5 4999
3 26 5197
3 60 7931
3 34 5081
4 54 909
4 5 9414
4 12 6991
4 45 9167
4 57 10676
4 42 7181
4 38 1132
4 52 8929
4 41 3791
4 56 10379
4 60 7441
4 48 5190
4 61 3257
4 59 7992
4 2 3679
4 3 3179
4 10 2622
4 30 -8
4 63 7451
4 37 2592
4 64 2580
4 17 6208
4 8 4597
4 34 1529
4 26 2962
4 65 8653
4 43 5687
4 69 784
4 53 1322
4 68 339
4 24 10436
4 25 10853
4 21 10201
4 29 471
4 27 6787
4 22 3776
4 50 3054
4 11 1135
4 51 3206
4 40 5019
4 35 224
4 62 4802
4 31 3315
4 33 1207
4 67 8877
4 19 9352
4 44 6256
4 28 3229
4 9 3061
4 66 10608
5 22 9400
5 30 5730
5 33 7355
5 28 5957
5 25 3246
5 49 3046
5 46 1701
5 45 9210
5 34 7943
5 42 9164
5 55 2623
5 68 3934
5 29 4589
5 17 398
5 8 831
5 10 2855
5 21 5509
5 69 7443
5 2 8001
5 4 4211
5 18 10566
5 3 28
5 60 6709
5 35 1716
5 12 2442
5 58 7167
5 50 357
5 65 8818
5 53 10071
5 63 7149
5 48 2705
5 44 6486
5 51 4116
5 52 3918
5 0 5609
5 1 5535
5 57 8536
5 38 3936
5 64 5090
5 62 5392
5 26 3435
5 7 6910
5 47 425
5 14 654
5 36 99
5 66 5664
5 27 2817
5 20 8694
5 56 9681
5 54 2003
5 43 2779
5 31 5858
5 13 7112
5 16 5715
5 19 10436
6 14 6250
6 60 2433
6 52 2709
6 15 6093
6 7 2976
6 1 8769
6 51 3166
6 3 7476
6 30 4614
6 21 250
6 2 8703
6 19 6834
6 16 3495
6 32 3019
6 38 5631
6 48 9817
6 37 9140
6 44 3582
6 50 1630
6 47 4555
6 22 821
6 29 7833
6 0 2026
6 11 2817
6 41 6151
6 9 746
6 31 9275
6 10 9767
6 4 8677
6 33 4837
6 63 4167
6 20 43
6 34 6362
6 58 8164
6 35 3068
6 49 5346
6 65 8444
6 43 19
6 13 9158
6 45 6229
6 12 3118
6 5 435
6 18 626
6 24 2030
6 53 3654
6 55 6699
6 57 8745
6 27 3179
7 44 5805
7 5 5899
7 28 4872
7 49 6052
7 31 9852
7 35 819
7 64 8547
7 41 8153
7 26 9301
7 45 543
7 9 7220
7 67 2090
7 53 5100
7 63 9506
7 12 12
7 14 7295
7 0 9186
7 66 5709
7 52 2222
7 33 3363
7 29 9062
7 19 1010
7 40 8451
7 20 8595
7 34 8947
7 24 7664
7 56 8171
7 65 6756
7 38 4486
7 47 9467
7 22 770
7 51 3734
7 43 1910
7 57 6573
7 8 68
7 13 5303
7 55 5006
7 6 4424
7 58 4156
7 48 4631
7 4 7295
7 61 7113
7 30 6656
7 15 10294
7 37 2162
7 54 2225
7 46 5344
7 21 1065
7 36 10821
7 62 3617
7 59 1024
7 39 6564
7 1 1485
8 58 8621
8 46 4821
8 25 1758
8 36 1893
8 26 3974
8 69 2040
8 67 9518
8 39 422
8 34 3935
8 38 1039
8 14 2113
8 66 2451
8 17 1291
8 49 6779
8 31 697
8 28 2984
8 60 10812
8 19 322
8 52 4427
8 7 9149
8 1 3280
8 16 1981
8 33 5432
8 21 3537
8 54 5103
8 12 9032
8 37 9114
8 32 9552
8 43 10296
8 63 6107
8 20 4832
8 4 614
8 61 5373
8 3 9841
8 44 5458
8 56 570
8 45 7731
8 55 3870
8 68 107
8 59 3428
8 57 8142
8 30 1122
8 9 5533
8 22 3851
8 0 6672
8 11 5174
8 62 3003
8 23 8304
8 15 7247
8 18 3966
8 27 3481
8 51 10494
9 53 7658
9 2 8065
9 42 7825
9 51 10186
9 0 3357
9 65 1548
9 21 7956
9 20 5075
9 54 569
9 28 964
9 6 8271
9 41 768
9 5 8343
9 37 7395
9 36 3995
9 25 1092
9 38 7637
9 33 1652
9 52 8905
9 39 4664
9 61 1839
9 48 5853
9 14 2726
9 60 4283
9 31 358
9 17 6893
9 24 4154
9 59 -46
9 32 1255
9 27 9125
9 26 7522
9 68 4633
9 57 5244
9 55 4959
9 43 1849
9 47 378
9 69 6092
9 63 10085
9 7 3142
9 56 6824
9 62 4269
9 4 1738
9 58 4429
9 1 2621
9 3 5135
9 16 1043
9 49 10316
9 15 3477
9 19 10365
9 18 4412
9 64 8068
9 50 9483
10 7 588
10 34 5477
10 50 7479
10 20 4905
10 12 1994
10 5 3607
10 38 843
10 61 89
10 64 6414
10 49 3714
10 56 2982
10 4 4260
10 29 7058
10 54 284
10 55 596
10 33 9557
10 66 2180
10 35 5462
10 68 8501
10 52 1482
10 32 9428
10 57 7357
10 25 9547
10 67 4450
10 28 9339
10 62 3402
10 51 5942
10 43 1362
10 27 2400
10 31 7791
10 36 314
10 14 7394
10 22 6312
10 16 9044
10 18 8388
10 59 53
10 21 8336
10 69 10197
10 48 1371
10 53 3012
10 6 6412
10 65 2648
10 58 10315
10 11 10385
10 39 3016
10 42 7733
10 24 5464
10 17 2625
10 30 1811
10 47 3299
10 23 6890
10 13 2227
10 44 4274
10 8 6062
10 9 2904
11 36 6002
11 60 10790
11 51 9294
11 54 8352
11 52 9670
11 9 6745
11 68 8121
11 65 9031
11 35 1458
11 45 5913
11 49 6525
11 37 2928
11 22 9404
11 21 10851
11 20 8807
11 2 8020
11 1 9290
11 27 9
11 43 2665
11 58 4068
11 40 5016
11 10 9601
11 32 181
11 41 10562
11 66 3588
11 12 164
11 5 5043
11 28 5850
11 44 6991
11 34 10855
11 13 2668
11 55 10449
11 46 8408
11 53 4176
11 42 1096
11 6 1735
11 18 4473
11 0 8275
11 67 6921
11 69 8932
11 3 2380
11 61 9783
11 59 -37
11 47 818
11 19 9876
11 50 7278
11 33 884
12 39 3394
12 20 9636
12 58 5028
12 46 3903
12 28 3085
12 51 5305
12 11 7022
12 61 7095
12 35 8094
12 16 8210
12 54 8223
12 52 3037
12 19 6878
12 36 2627
12 8 1852
12 40 1385
12 10 7704
12 26 8312
12 14 7781
12 5 1092
12 30 2255
12 57 966
12 17 9664
12 27 10391
12 42 4720
12 31 7718
12 55 10235
12 67 1026
12 44 8742
12 23 10143
12 32 1165
12 65 6585
12 29 3110
12 43 1447
12 33 9434
12 62 3387
12 41 2414
12 25 1539
12 56 1950
12 2 2502
12 48 8536
12 47 218
12 50 2958
12 7 4424
12 3 6782
12 37 8276
12 21 -31
12 38 8866
12 13 7999
12 49 7967
12 69 1698
13 12 3746
13 50 7088
13 49 6854
13 5 4462
13 57 10356
13 33 5339
13 35 7511
13 48 8632
13 65 644
13 38 671
13 55 7072
13 58 1801
13 24 5513
13 27 1853
13 41 3512
13 28 4940
13 4 -65
13 66 867
13 20 1399
13 63 2356
13 14 6866
13 18 9435
13 17 7697
13 6 1991
13 16 6060
13 60 8969
13 22 7057
13 44 4230
13 40 7006
13 11 8456
13 56 2568
13 15 9834
13 59 491
13 1 8035
13 68 209
13 67 1077
13 46 2593
13 2 1894
13 30 9173
13 53 100
13 3 2415
13 10 7110
13 39 3048
13 8 4829
13 64 1552
13 31 8552
13 29 824
13 21 8361
13 42 8262
13 34 10317
14 1 9496
14 7 4316
14 65 3787
14 35 5327
14 55 9385
14 45 7187
14 43 9141
14 31 4272
14 39 105
14 0 947
14 19 3475
14 20 1143
14 24 5315
14 11 1861
14 3 612
14 54 2259
14 12 9976
14 50 9825
14 60 9595
14 4 6916
14 48 8763
14 23 4148
14 53 1203
14 22 4743
14 63 8755
14 27 3728
14 68 807
14 17 7899
14 30 9894
14 9 544
14 32 3440
14 34 652
14 29 7401
14 58 1336
14 6 1618
14 52 319
14 26 4131
14 25 6202
14 66 3581
14 21 7873
14 64 5464
14 8 734
14 49 8768
14 57 6308
15 32 6057
15 60 5959
15 23 7396
15 55 5496
15 61 3147
15 30 5124
15 33 9322
15 31 6139
15 42 3674
15 9 10476
15 19 2718
15 5 1701
15 37 1400
15 2 7441
15 20 8276
15 35 7150
15 67 341
15 63 2486
15 62 2479
15 25 7610
15 64 3467
15 6 10615
15 47 9747
15 40 7327
15 45 3046
15 12 7468
15 0 1207
15 34 3441
15 4 7075
15 39 3943
15 65 1420
15 22 1683
15 36 9643
15 27 9768
15 13 10425
15 49 1932
15 66 2682
15 18 10515
15 53 8412
15 69 3339
15 68 6338
15 8 1785
15 54 4592
15 16 3502
15 21 373
15 59 3139
15 38 7550
15 41 3181
15 52 3582
16 4 9947
16 12 5561
16 23 6828
16 10 5032
16 48 8222
16 57 869
16 22 10680
16 45 5046
16 26 4851
16 33 10401
16 47 8834
16 40 2077
16 7 3167
16 41 10730
16 39 2400
16 63 3259
16 8 4498
16 54 7417
16 55 2852
16 24 10528
16 59 1537
16 37 3564
16 35 6971
16 30 8291
16 20 7994
16 3 2111
16 60 10650
16 15 435
16 43 2101
16 46 4795
16 13 2422
16 0 10225
16 9 1639
16 21 423
16 17 10767
16 38 8027
16 61 639
16 25 6784
16 19 231
16 2 5948
16 18 8488
16 62 5816
16 65 5961
16 1 8548
16 29 5020
16 31 3981
16 42 8135
16 68 3684
16 66 9711
16 52 10290
16 32 908
16 50 10467
16 56 6050
16 27 2176
16 34 377
17 1 4575
17 34 8948
17 8 10747
17 60 5681
17 5 9750
17 53 8082
17 27 5981
17 6 7917
17 51 1628
17 35 740
17 26 2956
17 31 9534
17 58 1460
17 22 5509
17 20 5354
17 23 1039
17 48 4474
17 49 10006
17 30 2975
17 11 3643
17 12 9722
17 2 844
17 28 6531
17 61 7759
17 33 8999
17 43 4269
17 44 1837
17 29 430
17 38 6950
17 42 3937
17 15 4729
17 54 1776
17 0 4987
17 41 8350
17 32 9408
17 66 6890
17 52 10155
17 3 10516
17 63 9305
17 40 7697
17 46 916
17 4 1611
17 21 10055
17 10 6770
17 62 1804
17 18 2231
17 68 221
17 64 48
17 19 3860
17 13 9049
17 57 1077
17 56 5489
17 39 3315
17 65 5036
17 16 3480
17 36 1381
17 55 6071
17 9 3667
17 14 6159
17 24 10411
18 9 1626
18 61 7825
18 68 8035
18 59 10623
18 57 609
18 64 6432
18 2 3883
18 5 601
18 45 930
18 8 4463
18 69 9284
18 58 3433
18 60 7875
18 49 10608
18 67 1310
18 35 844
18 41 10511
18 3 1845
18 39 696
18 19 417
18 43 10442
18 48 4661
18 29 3283
18 38 8837
18 50 9075
18 33 5426
18 1 9373
18 46 7232
18 32 1907
18 23 2816
18 17 8139
18 28 6718
18 42 358
18 22 8466
18 20 10326
18 55 2933
18 30 7561
18 37 1298
18 4 2880
18 11 3998
18 65 9970
18 6 3317
18 47 3815
18 34 9219
18 14 5265
18 16 10758
18 7 9092
18 10 7612
18 15 1907
18 40 3365
19 45 9315
19 62 6738
19 2 6557
19 0 10387
19 46 381
19 40 1257
19 63 5818
19 15 5395
19 7 8092
19 1 6407
19 36 4683
19 25 5230
19 34 2044
19 42 8106
19 5 9328
19 11 8960
19 64 8141
19 16 7482
19 44 896
19 48 112
19 9 9288
19 4 8746
19 14 8497
19 28 7392
19 47 5158
19 68 7740
19 41 6635
19 32 2038
19 57 2791
19 50 9459
19 56 5077
19 61 7878
19 59 6286
19 23 7381
19 60 1663
19 39 5439
19 10 2807
19 67 1546
19 18 550
19 51 6009
19 43 9100
19 27 7557
19 33 8459
19 3 964
19 26 4441
19 58 7054
19 35 8599
19 31 3755
20 61 5755
20 60 187
20 40 10049
20 63 9886
20 50 7111
20 16 3042
20 1 1210
20 44 1265
20 65 7109
20 45 10272
20 56 9583
20 12 7326
20 67 3358
20 13 2611
20 3 7701
20 14 453
20 58 2151
20 4 6772
20 52 1466
20 11 4127
20 55 951
20 9 3486
20 46 185
20 5 3115
20 53 6310
20 59 10392
20 37 8545
20 43 8413
20 34 8966
20 26 5549
20 18 7813
20 7 3677
20 41 72
20 23 7963
20 51 3721
20 8 10213
20 6 5507
20 17 597
20 21 10586
20 35 6339
20 68 8879
20 25 4225
20 49 9125
20 57 6152
20 36 10469
20 39 5488
20 0 10514
20 2 344
20 62 6685
20 10 10195
20 31 6227
20 54 1324
20 69 7747
20 66 10392
20 42 3948
20 33 208
20 22 7580
21 31 9227
21 46 4671
21 28 2308
21 43 9480
21 26 7987
21 34 1616
21 18 5033
21 12 9084
21 23 1790
21 9 4045
21 38 3726
21 55 8202
21 49 8963
21 67 4212
21 62 3902
21 64 10367
21 63 1795
21 40 3973
21 16 10604
21 58 2866
21 1 2523
21 39 9785
21 17 9635
21 52 8313
21 47 5539
21 3 4308
21 5 7703
21 36 2150
21 30 534
21 61 4518
21 0 5659
21 11 8768
21 10 1344
21 35 251
21 66 2533
21 33 8136
21 37 3497
21 7 1730
21 15 8863
21 68 9496
21 51 8836
21 27 1762
21 29 9334
21 13 5781
21 24 7865
21 8 1313
21 25 6170
21 54 3844
21 42 9230
21 50 10457
21 2 3671
21 44 2331
21 41 7989
21 45 8738
21 22 8048
22 64 1113
22 31 3645
22 26 8376
22 40 135
22 44 3554
22 62 6673
22 24 2183
22 1 6655
22 3 4286
22 6 10497
22 53 3955
22 66 8300
22 17 427
22 0 8595
22 11 8200
22 65 10227
22 50 9267
22 12 -26
22 23 47
22 10 10230
22 41 9415
22 38 9754
22 34 3597
22 67 10128
22 43 8277
22 7 5099
22 15 3850
22 69 1041
22 13 10258
22 63 644
22 28 9392
22 25 1853
22 32 9307
22 18 7172
22 57 4752
22 19 2949
22 51 9361
22 59 1965
22 54 6772
22 33 3260
22 8 5333
22 49 7568
22 37 6019
22 27 10849
22 42 1211
22 68 9413
22 47 5022
22 46 1662
22 48 3554
22 9 8041
22 60 9436
22 30 1916
22 55 9731
22 2 1909
22 16 10000
22 45 1126
22 4 4223
22 5 4191
22 61 156
22 29 7351
23 34 3663
23 36 6388
23 6 3142
23 51 769
23 2 4816
23 29 10387
23 47 4651
23 20 8524
23 42 4179
23 26 4671
23 31 5911
23 48 352
23 8 1645
23 28 2342
23 14 9984
23 55 1828
23 58 5153
23 60 6067
23 62 5903
23 16 7369
23 59 876
23 57 6459
23 17 5666
23 41 7511
23 37 5628
23 65 5351
23 64 9426
23 39 497
23 5 2424
23 46 2022
23 68 6734
23 7 9438
23 13 5531
23 4 9692
23 15 3443
23 50 6519
23 63 2533
23 25 9219
23 66 8226
23 56 10171
23 19 4691
23 24 1623
23 32 8803
23 40 6565
23 61 2120
23 9 7151
23 44 5934
23 0 3010
23 53 9464
23 12 380
23 30 6850
23 49 9282
23 54 9878
23 21 3608
23 10 2162
23 33 9248
24 33 9168
24 3 3691
24 34 4546
24 62 849
24 60 377
24 38 6022
24 49 6401
24 46 5963
24 42 1061
24 20 10020
24 37 8111
24 27 5921
24 25 1021
24 5 5090
24 44 3836
24 7 6523
24 17 7300
24 14 7172
24 58 5551
24 8 8878
24 6 9998
24 11 6343
24 32 2664
24 66 8930
24 56 7588
24 50 3555
24 68 8494
24 40 5777
24 39 1838
24 45 10444
24 64 6741
24 51 1947
24 9 8533
24 43 9436
24 12 6888
24 1 3011
24 48 2916
24 18 5346
24 69 10172
24 47 5512
24 53 5212
24 10 997
24 2 10372
24 36 4083
24 54 3142
24 63 10631
24 19 9626
24 29 2842
24 55 4220
24 16 2431
24 31 3804
24 26 6367
24 15 5836
25 63 355
25 56 3086
25 8 8636
25 52 6636
25 68 5388
25 67 3173
25 55 9372
25 9 10446
25 40 10504
25 24 2123
25 65 2468
25 36 6366
25 30 5997
25 4 4645
25 39 2507
25 53 7553
25 61 2189
25 7 3555
25 51 9711
25 19 4760
25 48 2810
25 3 4768
25 34 482
25 11 532
25 45 4054
25 66 2288
25 10 839
25 49 2773
25 13 5144
25 21 5474
25 26 9493
25 47 10073
25 22 10676
25 46 4433
25 31 141
25 62 8551
25 69 5113
25 0 7260
25 38 4342
25 60 4040
25 32 10691
25 58 5958
25 64 10710
25 6 10406
25 35 360
25 44 2672
25 15 2219
25 27 10396
25 43 7400
25 18 8771
25 12 8532
25 23 426
25 54 9642
25 2 1052
25 5 7220
25 20 1726
25 1 1573
25 28 45
25 37 9005
26 57 4483
26 25 1382
26 56 8328
26 55 8856
26 65 789
26 17 4185
26 53 5743
26 13 3516
26 4 3831
26 5 8385
26 46 5607
26 32 10049
26 39 476
26 20 9938
26 59 257
26 45 2946
26 28 9763
26 29 6093
26 19 1902
26 54 9274
26 34 10051
26 16 3990
26 52 637
26 14 6712
26 31 5792
26 15 3445
26 47 6569
26 0 2382
26 69 2474
26 64 1621
26 1 5569
26 40 10704
26 23 5252
26 63 3546
26 49 502
26 33 8815
26 9 10604
26 36 570
26 35 2500
26 3 6311
26 43 4367
26 50 3369
26 7 5372
26 51 7799
26 24 10551
27 46 1004
27 44 10650
27 42 3790
27 14 9489
27 6 2351
27 43 5130
27 28 7969
27 18 8640
27 64 6845
27 0 3782
27 53 5595
27 52 3543
27 56 8321
27 19 5156
27 3 5301
27 63 984
27 32 3422
27 4 4429
27 62 237
27 61 6839
27 31 9735
27 17 7726
27 23 4610
27 39 8992
27 67 3112
27 13 6958
27 15 719
27 57 2909
27 22 3925
27 30 6049
27 45 8153
27 68 2730
27 34 2100
27 12 1254
27 7 1473
27 24 4839
27 40 2733
27 59 8918
27 55 8916
27 36 6320
27 9 1701
27 60 8630
27 65 5271
27 50 6553
27 1 4386
27 35 920
27 29 5564
27 49 2665
27 41 49
27 2 4259
27 11 7484
27 48 3380
27 66 4716
27 51 721
27 37 736
27 16 6717
27 33 5060
27 10 3641
28 34 5326
28 10 4330
28 51 3727
28 32 5306
28 56 5922
28 6 5954
28 38 6038
28 64 6088
28 54 7645
28 52 4884
28 69 765
28 19 1421
28 36 1950
28 17 2342
28 59 10388
28 68 10090
28 66 5643
28 40 9694
28 31 9339
28 27 10091
28 21 7256
28 15 9006
28 43 9977
28 44 3642
28 45 4022
28 7 1314
28 1 7159
28 49 4477
28 42 10303
28 62 8915
28 5 4444
28 29 853
28 25 3541
28 65 3139
28 50 8702
28 63 9058
28 3 6551
28 0 3393
28 22 6509
28 39 1821
28 20 10740
28 61 10179
28 18 7324
28 30 3500
28 12 5906
28 35 1486
28 67 4651
28 14 3112
28 9 2878
28 46 279
28 2 10135
28 24 2300
28 16 2455
28 11 9365
28 13 6177
28 60 7029
28 8 2045
29 50 9975
29 60 4891
29 57 10865
29 13 2096
29 15 6197
29 44 4083
29 48 10207
29 24 8894
29 59 10713
29 35 2218
29 10 10033
29 51 936
29 67 9907
29 26 6138
29 64 6307
29 27 -67
29 8 3895
29 41 5094
29 0 4100
29 34 2842
29 42 4319
29 17 4944
29 28 5349
29 20 1330
29 69 355
29 46 4708
29 31 4250
29 16 9619
29 53 8233
29 65 1881
29 61 324
29 7 3520
29 54 5713
29 14 7614
29 19 1941
29 12 10789
29 45 4203
29 63 9214
29 39 2021
29 37 9384
29 38 10214
29 36 9239
29 9 9241
29 21 5155
29 25 3709
30 66 10711
30 53 1453
30 46 6385
30 13 6949
30 25 2390
30 49 8099
30 31 2404
30 15 7542
30 62 10640
30 7 1272
30 44 4424
30 12 3240
30 54 10641
30 45 3447
30 32 5648
30 3 2727
30 10 542
30 17 3548
30 65 10675
30 39 7294
30 50 6425
30 37 9925
30 59 9249
30 5 1438
30 35 7995
30 9 4442
30 40 578
30 63 10064
30 0 4886
30 60 10231
30 58 10391
30 16 6035
30 24 10568
30 52 4767
30 67 7099
30 41 3693
30 57 1925
30 48 7847
30 69 7913
30 26 1018
30 22 4720
30 51 6642
30 55 5344
30 61 8091
30 19 1163
30 56 573
30 38 4944
31 26 482
31 13 5330
31 36 7491
31 19 859
31 50 9001
31 18 5669
31 51 176
31 62 10291
31 60 968
31 65 3896
31 35 7826
31 25 4597
31 57 5655
31 7 1937
31 32 10679
31 4 1518
31 28 5276
31 29 5328
31 68 2329
31 14 4121
31 6 3870
31 10 729
31 2 937
31 44 10808
31 30 2118
31 12 4171
31 63 1916
31 45 7228
31 9 1724
31 15 3810
31 16 9997
31 59 485
31 34 1242
31 8 5256
31 21 10001
31 49 9316
31 67 8854
31 41 2027
31 39 4270
31 3 2418
31 0 4336
31 38 3767
31 5 10138
31 53 1338
31 58 2107
31 17 1984
31 64 197
31 23 1060
31 66 10162
31 42 10334
31 52 374
31 1 10244
32 67 5226
32 6 8137
32 12 10714
32 58 7551
32 54 10243
32 0 4676
32 8 4365
32 66 9996
32 46 3284
32 41 6406
32 55 2612
32 14 4132
32 69 3269
32 39 4990
32 17 2846
32 57 1544
32 59 6236
32 23 8628
32 22 10008
32 9 4045
32 3 8336
32 5 6914
32 35 4120
32 19 5193
32 15 -34
32 36 9807
32 62 1653
32 27 10175
32 34 1746
32 42 8948
32 38 4449
32 25 3584
32 1 2300
32 56 4981
32 60 949
32 16 9644
32 28 2497
32 26 6503
32 63 6746
32 2 2107
32 65 550
32 53 1884
32 47 3585
32 51 3787
32 33 10085
32 30 -22
32 61 7385
32 52 10545
32 44 10179
32 18 4615
33 55 7585
33 45 10691
33 23 231
33 38 9703
33 62 7564
33 59 6462
33 21 3821
33 10 8612
33 48 8930
33 69 9342
33 12 6570
33 27 3356
33 64 7799
33 50 730
33 42 5408
33 49 6457
33 36 2535
33 43 1510
33 34 8130
33 35 9555
33 58 1876
33 6 3575
33 3 334
33 24 729
33 52 8581
33 5 9400
33 67 438
33 46 7033
33 8 3301
33 19 10213
33 18 5462
33 61 7039
33 66 10803
33 41 6245
33 14 1689
33 40 2021
33 13 2991
33 28 5655
33 63 4764
33 32 1757
33 9 8493
33 0 4289
33 7 4283
33 39 9450
33 29 5831
33 25 6688
33 51 8983
33 68 3240
33 17 1349
33 31 10336
33 4 10528
34 67 4569
34 15 2161
34 33 2812
34 38 6480
34 52 5542
34 57 4265
34 24 8987
34 17 10777
34 68 -18
34 29 10362
34 44 3848
34 45 4458
34 8 5901
34 53 1077
34 66 1107
34 30 3283
34 39 502
34 7 3379
34 26 4521
34 42 366
34 55 805
34 13 5237
34 4 2781
34 20 2119
34 47 4872
34 62 1839
34 43 910
34 10 10597
34 64 8261
34 60 9471
34 65 5621
34 41 8816
34 1 6912
34 50 7107
34 2 8990
34 18 2712
34 61 6428
34 12 10704
34 63 8443
34 54 8912
34 49 3033
34 19 4291
34 28 3187
34 37 6684
34 40 4557
34 0 7767
34 51 10568
34 23 5904
34 59 9875
34 58 8793
34 25 6823
34 16 9178
35 25 1337
35 61 1409
35 38 10434
35 28 4835
35 9 2933
35 29 10498
35 57 6362
35 23 5918
35 31 8510
35 20 9505
35 13 8134
35 0 8475
35 49 5600
35 22 9764
35 15 6646
35 6 2827
35 10 8239
35 16 7489
35 43 5980
35 37 3661
35 1 9668
35 58 4874
35 48 4551
35 34 10675
35 67 9778
35 42 3665
35 59 2138
35 69 9007
35 54 1817
35 45 6884
35 27 5264
35 7 9348
35 63 291
35 3 8779
35 26 9035
35 14 6904
35 52 3970
35 2 9250
35 17 2637
35 40 3412
35 36 8320
35 62 1300
35 24 7047
35 55 903
35 47 4733
35 21 9030
35 18 9491
35 64 7274
36 28 9406
36 23 6852
36 8 6732
36 65 5981
36 21 9408
36 54 2846
36 15 6899
36 20 9198
36 41 8630
36 12 3344
36 37 6995
36 10 5660
36 31 8636
36 40 3661
36 67 8606
36 34 5959
36 66 1895
36 49 8145
36 29 7909
36 4 125
36 24 6999
36 60 5259
36 39 4624
36 33 9522
36 44 9610
36 48 7953
36 5 726
36 9 10155
36 17 10748
36 11 5598
36 50 10276
36 19 4695
36 22 2556
36 64 10328
36 6 7950
36 26 9418
36 18 10095
36 7 6774
36 61 2044
36 68 9154
36 0 1931
36 32 5180
36 51 4991
36 47 10626
36 3 9100
36 1 4897
36 35 9878
36 69 6819
36 30 3642
36 14 1871
36 63 691
37 68 3256
37 15 6892
37 64 2336
37 10 6350
37 13 4589
37 33 4324
37 0 7097
37 4 5635
37 41 9532
37 42 3144
37 23 9131
37 9 1408
37 1 9611
37 27 10612
37 52 496
37 14 8381
37 11 10014
37 55 6983
37 3 2094
37 59 8812
37 50 4538
37 56 633
37 20 10354
37 58 7234
37 36 5874
37 28 799
37 35 871
37 43 4416
37 2 5038
37 38 4075
37 32 10344
37 7 -35
37 61 8065
37 31 7551
37 69 9706
37 19 3293
37 49 618
37 62 5470
37 48 9307
37 6 6813
37 21 1744
37 63 2193
37 51 2012
37 8 274
37 5 1552
37 54 4074
37 30 9516
37 22 10022
37 45 327
37 57 10392
38 1 8930
38 35 6259
38 6 4254
38 40 1562
38 69 6809
38 8 7476
38 51 6429
38 17 2880
38 53 10140
38 65 7266
38 12 596
38 7 9354
38 0 933
38 10 1384
38 48 7752
38 62 6107
38 66 6763
38 31 10026
38 52 9717
38 43 6266
38 13 894
38 55 10304
38 39 1276
38 60 5011
38 15 9849
38 20 10617
38 59 2175
38 22 4268
38 19 7413
38 3 6294
38 23 7591
38 11 2659
38 25 2644
38 34 7770
38 44 1383
38 41 3695
38 29 6689
38 2 7094
38 27 9267
38 18 6312
38 26 6807
38 16 4917
38 58 4501
38 9 1537
38 49 257
38 14 8034
38 28 8715
38 50 8451
38 46 5372
38 30 7549
39 38 8691
39 56 3440
39 19 5729
39 11 6454
39 27 9711
39 10 9705
39 66 6953
39 44 5515
39 35 9614
39 60 10480
39 57 5520
39 16 1644
39 2 2415
39 31 4464
39 53 6438
39 63 4519
39 32 111
39 50 2082
39 28 4492
39 23 11
39 49 3911
39 61 6389
39 40 9271
39 17 543
39 45 1736
39 42 5626
39 5 948
39 64 841
39 25 9171
39 52 4516
39 24 8236
39 1 4074
39 29 1977
39 21 2667
39 58 7088
39 18 1109
39 55 6389
39 67 3942
39 4 8923
39 7 1648
39 41 1662
39 30 3793
39 68 2392
39 51 1419
39 14 9696
39 9 5929
39 47 3228
39 33 2214
39 34 3022
39 43 2666
39 48 5624
39 36 9310
40 19 7525
40 68 7017
40 9 1799
40 7 3939
40 13 10195
40 24 10275
40 32 2085
40 16 1881
40 22 4982
40 33 7585
40 52 9373
40 58 7358
40 66 5052
40 25 6147
40 3 -26
40 42 7707
40 55 3124
40 8 2115
40 34 4073
40 65 9621
40 35 8556
40 53 4124
40 26 4186
40 23 3869
40 11 5654
40 57 8873
40 64 5354
40 6 5979
40 17 7935
40 50 2675
40 30 7932
40 51 9512
40 61 3288
40 47 8832
40 18 2857
40 37 1701
40 43 1907
40 5 2995
40 1 7726
40 31 1456
40 41 8498
40 28 8157
40 48 10526
40 62 3930
40 27 6321
40 54 3932
40 0 4966
40 38 4478
40 36 5507
40 29 7729
41 19 -6
41 16 3238
41 37 1895
41 23 1168
41 32 7103
41 28 10842
41 29 432
41 2 1401
41 62 9125
41 3 7296
41 49 5642
41 9 6850
41 15 1704
41 59 10835
41 5 10241
41 61 3380
41 68 2816
41 26 5076
41 14 5177
41 42 3299
41 55 8894
41 46 3598
41 7 1769
41 56 3933
41 8 7944
41 67 7012
41 1 467
41 35 8597
41 43 306
41 20 9956
41 65 931
41 25 9477
41 31 9742
41 57 8604
41 66 6124
41 27 6463
41 36 5427
41 33 9964
41 45 7160
41 51 2464
41 6 5031
41 12 9207
41 30 6112
41 64 10511
41 24 4454
41 21 3798
41 34 1434
41 10 1650
41 47 707
41 54 3367
41 48 9533
41 39 3755
41 4 8963
41 52 8366
41 17 3399
41 13 7791
42 62 8128
42 28 8648
42 55 5696
42 54 10757
42 66 9749
42 22 9809
42 31 6120
42 52 2621
42 2 1366
42 45 434
42 49 7746
42 64 712
42 58 8259
42 15 3055
42 20 4587
42 17 5508
42 40 2096
42 1 8056
42 34 10833
42 44 6035
42 10 6662
42 29 7679
42 18 2184
42 43 241
42 6 5929
42 51 249
42 38 2082
42 14 5837
42 47 7550
42 25 2273
42 53 6427
42 56 2713
42 69 3548
42 61 5523
42 41 5000
42 68 217
42 32 734
42 57 -38
42 63 4110
42 50 7247
42 4 2204
42 12 4948
42 21 6071
42 35 4107
42 30 7731
42 8 5933
42 24 9493
42 19 4573
42 16 3744
42 5 3108
42 59 707
42 60 3745
42 65 2311
42 67 2436
42 33 8087
42 26 7187
43 21 583
43 25 3759
43 69 6548
43 50 346
43 58 3888
43 27 5672
43 41 490
43 30 4883
43 12 1620
43 22 1147
43 67 7520
43 17 6883
43 7 5665
43 39 8689
43 6 2370
43 20 10317
43 4 9364
43 24 234
43 3 9584
43 15 9471
43 47 8199
43 31 7993
43 52 7398
43 68 8381
43 34 621
43 44 2236
43 2 9064
43 32 7962
43 13 7208
43 49 7945
43 26 5012
43 63 9767
43 64 1729
43 36 9122
43 1 8480
43 10 1020
43 28 9117
43 48 1482
43 0 10170
43 38 6564
43 65 1108
43 59 2366
43 33 4641
43 46 483
43 11 10243
43 37 631
43 18 2577
43 51 7029
43 9 6954
43 45 9735
43 53 1898
43 61 2090
43 23 4632
44 57 5052
44 23 7678
44 41 7808
44 12 6353
44 53 7697
44 11 8210
44 48 1276
44 5 4556
44 22 1396
44 43 6246
44 39 3005
44 8 5826
44 2 9699
44 36 2906
44 20 1698
44 32 4777
44 30 4144
44 66 3124
44 7 5085
44 54 8890
44 31 8242
44 10 4395
44 26 3586
44 18 1276
44 15 7400
44 40 3439
44 27 10024
44 69 803
44 65 4545
44 29 8569
44 34 9824
44 38 10682
44 50 3661
44 45 877
44 62 9998
44 46 8568
44 42 10446
44 56 2477
44 49 662
44 67 10813
44 37 1879
44 35 9809
44 0 5344
44 9 4869
44 61 2100
44 63 9916
45 52 5113
45 6 6667
45 33 3329
45 44 4912
45 37 9417
45 20 8802
45 7 1260
45 28 4487
45 61 5780
45 17 8160
45 62 3253
45 21 344
45 69 442
45 19 4021
45 25 6112
45 5 6913
45 15 444
45 49 3081
45 41 185
45 30 9292
45 22 10398
45 51 9737
45 36 10598
45 63 2325
45 9 9385
45 3 5449
45 66 244
45 46 4963
45 39 9540
45 55 5221
45 4 5506
45 64 10099
45 34 6854
45 10 3301
45 67 4697
45 47 9158
45 57 2395
45 60 602
45 12 2166
45 23 8588
45 56 3236
45 38 5609
45 59 6161
45 0 10172
45 27 7282
45 1 6803
45 31 105
45 40 4347
45 11 9413
45 24 7648
46 6 7086
46 0 7746
46 47 2167
46 28 6666
46 4 6711
46 54 10249
46 5 748
46 2 9751
46 37 10099
46 7 1292
46 31 3101
46 65 7395
46 23 131
46 58 451
46 14 1602
46 43 5368
46 17 10576
46 1 9620
46 34 1977
46 60 118
46 24 1838
46 62 -8
46 68 39
46 39 5345
46 10 6314
46 57 2474
46 32 7997
46 25 9360
46 15 9355
46 11 8627
46 16 8031
46 53 10402
46 38 8216
46 63 9222
46 40 9143
46 12 4212
46 55 4335
46 35 8318
46 61 6145
46 69 9259
46 56 5145
46 27 6397
46 51 625
46 3 9902
46 18 8613
46 29 9300
46 67 6360
46 33 7741
46 49 4468
46 19 9307
46 59 3488
46 44 2538
46 42 8807
46 13 5778
46 30 161
47 3 305
47 69 4500
47 20 2074
47 11 8288
47 39 4221
47 22 7883
47 56 1014
47 19 4885
47 46 222
47 65 7846
47 66 1182
47 63 1609
47 7 4332
47 44 10075
47 17 1953
47 31 10055
47 67 8467
47 60 5859
47 14 9675
47 40 4238
47 48 9096
47 50 8224
47 45 9582
47 54 2002
47 23 4829
47 1 6151
47 57 7926
47 2 6587
47 35 7500
47 43 8816
47 8 2511
47 13 5735
47 25 3254
47 38 6213
47 33 124
47 12 5195
47 64 8139
47 37 5480
47 9 8423
47 36 2241
47 28 2582
47 10 2152
47 32 2508
47 30 6600
47 61 2789
47 34 7113
47 42 3104
47 68 5097
47 59 5787
47 53 7456
47 58 2325
47 52 481
47 41 5336
48 43 10107
48 0 685
48 55 9322
48 62 7492
48 37 9116
48 32 2672
48 36 4438
48 4 7672
48 21 3069
48 56 9503
48 58 7765
48 9 631
48 63 8386
48 34 3011
48 1 4906
48 24 1271
48 11 6101
48 28 937
48 35 8189
48 50 1972
48 66 2392
48 57 3567
48 44 8491
48 10 8619
48 2 6976
48 30 7394
48 53 10830
48 26 4277
48 59 1476
48 14 8236
48 33 4492
48 13 7771
48 42 5367
48 47 693
48 17 5899
48 3 4870
48 68 6969
48 12 7234
48 65 449
48 51 300
48 61 9803
48 5 2388
48 46 9995
48 49 7428
48 29 4524
48 23 1614
48 52 2743
48 41 6947
48 7 3081
48 6 6247
48 18 8276
49 13 1426
49 34 5911
49 65 607
49 26 5943
49 15 2532
49 16 7822
49 33 4752
49 14 6899
49 10 9943
49 24 4735
49 67 5347
49 53 5878
49 44 1107
49 22 7206
49 69 2110
49 27 4884
49 43 10777
49 9 5593
49 64 9999
49 20 3494
49 23 1262
49 56 9528
49 18 6315
49 68 8470
49 54 7943
49 62 7870
49 4 -12
49 29 952
49 11 4551
49 6 5785
49 5 7827
49 31 695
49 61 4214
49 59 1486
49 60 4927
49 28 6157
49 66 10112
49 8 3977
49 57 1713
49 3 2552
49 0 1143
49 51 4071
49 2 1246
49 25 607
49 45 8326
49 17 9429
49 30 5473
49 48 5251
49 52 8851
49 46 4413
49 47 5700
50 51 2594
50 57 4835
50 18 898
50 19 6364
50 52 6718
50 41 7467
50 59 5201
50 6 467
50 15 4077
50 38 1522
50 7 8843
50 48 4075
50 66 3540
50 21 6612
50 30 920
50 56 9000
50 5 -46
50 9 719
50 53 7940
50 67 3356
50 35 9501
50 58 10437
50 65 9563
50 14 9524
50 37 112
50 47 2705
50 23 2635
50 46 1277
50 61 2107
50 2 7281
50 55 8698
50 45 4666
50 49 9087
50 68 2713
50 3 8021
50 33 9692
50 32 10712
50 28 7531
50 4 8379
50 40 295
50 63 3378
50 1 8888
50 69 2883
50 11 869
50 27 5785
50 36 10581
50 31 10287
50 62 3613
50 10 2965
50 13 6238
50 44 8364
50 60 4498
50 34 4199
50 8 6890
50 0 172
50 20 6647
51 57 1297
51 59 480
51 27 6732
51 13 1327
51 44 3207
51 62 4823
51 69 5558
51 18 1389
51 45 2744
51 29 10433
51 5 8088
51 41 6171
51 58 9469
51 23 4170
51 39 374
51 37 3470
51 16 3737
51 56 2769
51 19 10090
51 6 8948
51 25 3396
51 63 3273
51 60 3640
51 28 10724
51 64 4197
51 11 7262
51 52 7797
51 42 1336
51 30 892
51 1 2405
51 14 1975
51 61 8859
51 48 2846
51 7 10779
51 21 8162
51 26 9377
51 54 4328
51 10 4916
51 20 6298
51 24 3577
51 50 8856
51 34 9894
51 32 1721
51 3 8010
51 55 10572
51 66 7345
51 8 1626
52 7 4789
52 66 40
52 47 2664
52 13 10452
52 51 1194
52 63 2128
52 30 10188
52 55 2228
52 17 2970
52 14 10803
52 56 5518
52 61 6028
52 26 10099
52 3 6258
52 25 653
52 40 4365
52 60 4718
52 68 1138
52 69 3228
52 33 5756
52 19 3784
52 64 819
52 12 585
52 49 1534
52 32 6620
52 21 2304
52 20 9185
52 24 7790
52 42 9519
52 50 4148
52 46 41
52 16 2196
52 11 1296
52 0 7997
52 5 9297
52 34 2081
52 54 2219
52 1 9827
52 41 10407
52 15 9624
52 67 4039
52 18 8912
52 29 2438
52 45 7556
52 38 8791
52 4 4097
52 39 2706
52 9 7663
52 37 9178
52 27 5893
52 22 9696
52 36 1819
53 44 264
53 32 2458
53 28 7242
53 10 10160
53 25 10038
53 15 5903
53 59 8205
53 19 3407
53 13 7663
53 58 9264
53 26 10067
53 64 10233
53 63 3992
53 36 668
53 68 -40
53 18 9780
53 8 10801
53 31 7450
53 50 1028
53 47 2953
53 39 1489
53 24 379
53 2 3567
53 5 6892
53 60 2965
53 42 6171
53 17 3432
53 56 2049
53 65 1086
53 45 9357
53 6 3985
53 1 6203
53 37 9648
53 29 2490
53 14 185
53 41 4615
53 52 5503
53 7 2386
53 0 17
53 57 4174
53 61 10340
53 69 1956
53 51 3180
53 12 3021
53 22 7258
53 9 7401
53 3 9855
53 40 5492
54 7 1680
54 60 1480
54 35 4540
54 46 4987
54 57 5221
54 6 236
54 59 6945
54 23 7406
54 69 1786
54 0 5576
54 50 1974
54 31 3162
54 43 156
54 44 6171
54 21 8686
54 13 8740
54 52 4950
54 51 10141
54 4 941
54 24 3633
54 41 8237
54 47 8386
54 26 6595
54 32 4274
54 62 10326
54 45 5190
54 34 710
54 42 2263
54 40 5154
54 38 7515
54 64 6785
54 19 4392
54 55 8282
54 28 7969
54 5 837
54 22 351
54 37 5387
54 30 4298
54 17 688
54 11 3382
54 12 4951
54 39 5957
54 68 1853
54 61 5700
54 16 -6
54 53 7013
54 56 2029
54 63 7833
54 10 9411
54 14 4839
54 66 3280
55 36 5010
55 43 4717
55 35 2368
55 41 10584
55 67 1047
55 68 5131
55 7 205
55 26 6601
55 46 4542
55 58 4215
55 38 10054
55 37 2491
55 49 9868
55 25 2494
55 12 9190
55 15 -69
55 29 10685
55 16 8511
55 34 6049
55 40 708
55 13 3796
55 32 2168
55 63 2102
55 5 7675
55 33 3086
55 42 1322
55 17 125
55 1 4801
55 24 8628
55 48 8258
55 22 5175
55 64 5455
55 21 7662
55 54 7802
55 69 5340
55 10 9904
55 11 3854
55 39 5671
55 4 3441
55 19 10201
55 18 10061
55 14 7238
55 51 5610
55 9 4999
55 31 1362
55 61 4977
55 2 2510
55 8 9657
55 53 2517
55 0 9355
55 65 10620
55 6 10459
56 20 9818
56 6 10276
56 23 6585
56 27 4770
56 32 7459
56 2 1788
56 19 10591
56 34 -60
56 55 2380
56 42 3697
56 64 1186
56 1 2303
56 35 1783
56 26 4638
56 36 9025
56 22 3336
56 7 2708
56 25 7350
56 48 7676
56 28 4159
56 16 452
56 29 5715
56 54 6369
56 11 9907
56 57 3956
56 15 9245
56 9 7140
56 13 6901
56 33 9542
56 52 2378
56 49 2615
56 59 8702
56 65 9825
56 30 5783
56 0 9132
56 38 8834
56 18 3853
56 14 4722
56 3 1219
56 40 2533
56 46 3270
56 50 10510
56 43 5712
56 60 9156
57 6 7432
57 48 10755
57 41 4585
57 25 8354
57 12 475
57 67 3949
57 68 1129
57 3 9645
57 21 7464
57 1 4348
57 62 6318
57 9 3721
57 0 1140
57 11 9602
57 45 7749
57 20 7859
57 35 3241
57 31 8858
57 28 6196
57 10 26
57 63 6201
57 42 8327
57 23 8009
57 32 6754
57 14 6674
57 53 3298
57 66 1767
57 13 3267
57 5 7050
57 18 2396
57 50 4392
57 56 4964
57 33 7028
57 39 2840
57 69 7069
57 16 7598
57 22 6039
57 64 6520
57 4 3123
57 27 2922
57 8 10539
57 65 1917
57 29 606
57 54 5148
57 51 5377
57 15 3308
57 52 5462
57 36 7550
57 47 6262
57 34 7640
57 59 10698
57 58 1480
57 61 1952
57 19 8026
57 44 7416
57 49 3766
57 40 49
57 46 9855
57 38 73
58 59 1689
58 23 1885
58 8 1629
58 53 9423
58 9 1752
58 43 9012
58 60 3855
58 40 706
58 24 4481
58 37 10444
58 44 4940
58 17 1484
58 6 2995
58 3 2420
58 32 2405
58 38 171
58 29 2193
58 30 5902
58 49 4463
58 18 8506
58 35 1808
58 46 70
58 42 8639
58 55 2771
58 14 6113
58 54 1898
58 22 4711
58 65 10561
58 12 898
58 66 5555
58 15 8643
58 7 7635
58 31 7495
58 45 9740
58 28 1035
58 56 4805
58 63 3796
58 68 8231
58 47 1
58 34 10464
58 39 10697
58 48 5044
58 27 7938
58 19 7432
58 11 2878
58 26 2352
59 13 2797
59 10 6294
59 56 1298
59 49 96
59 65 2315
59 44 4512
59 41 4638
59 30 7958
59 64 9989
59 14 8012
59 18 1230
59 43 5377
59 3 3836
59 37 8242
59 35 1362
59 31 1666
59 32 7532
59 17 1414
59 40 2701
59 12 9437
59 16 6806
59 25 6739
59 1 9281
59 29 10358
59 68 7253
59 53 1541
59 2 9490
59 28 3416
59 51 4911
59 27 596
59 26 8628
59 58 8779
59 24 10730
59 69 5948
59 46 5260
59 33 9227
59 61 7815
59 36 1360
59 38 5586
59 23 9648
59 55 7853
59 15 9455
59 0 9132
59 67 778
59 63 7245
59 48 5612
59 7 8977
59 57 9934
59 52 6399
59 39 1038
59 47 4586
59 54 9277
60 36 7242
60 10 6491
60 25 10844
60 30 399
60 24 10295
60 32 10570
60 51 10243
60 20 5875
60 23 5745
60 61 3778
60 8 4310
60 39 3944
60 62 2964
60 44 7000
60 12 8194
60 67 2882
60 37 7688
60 26 2188
60 9 10222
60 3 8922
60 59 6682
60 16 9614
60 18 668
60 7 4667
60 65 1534
60 15 7596
60 33 3490
60 43 9869
60 55 8648
60 17 3205
60 54 4143
60 31 3005
60 64 2515
60 38 3373
60 14 10059
60 28 5657
60 66 10053
60 56 6425
60 11 -51
60 52 6068
60 42 3787
60 45 2672
60 34 1278
60 63 2092
60 6 10505
60 48 7057
60 46 2239
60 49 182
60 21 6419
60 50 6055
60 13 6651
60 47 2035
60 5 8806
60 69 7432
60 2 4699
61 33 3111
61 35 2005
61 34 3548
61 69 8688
61 64 295
61 42 4985
61 1 5091
61 16 10852
61 51 2464
61 43 4665
61 44 2610
61 9 8891
61 32 6417
61 40 6597
61 60 6803
61 52 674
61 56 7956
61 68 2833
61 67 1466
61 23 841
61 53 805
61 50 5714
61 57 7368
61 28 6027
61 46 1697
61 49 1703
61 38 8989
61 14 360
61 45 6308
61 5 3509
61 15 6434
61 47 2042
61 26 10329
61 36 7068
61 10 6442
61 65 4986
61 31 7240
61 66 8653
61 0 3461
61 41 1835
61 55 3342
61 4 8541
61 18 1767
61 37 1103
61 2 6734
61 11 5395
61 58 3640
62 20 7321
62 5 3664
62 40 3533
62 6 10821
62 50 4572
62 1 1170
62 44 4449
62 37 7270
62 8 10415
62 61 216
62 66 2234
62 54 5975
62 69 3975
62 9 732
62 22 6571
62 63 10431
62 68 173
62 57 971
62 18 7529
62 19 10842
62 10 7018
62 14 5875
62 41 6254
62 49 10838
62 42 8880
62 24 1936
62 59 3655
62 30 8439
62 67 9084
62 55 3810
62 53 2772
62 65 10524
62 45 432
62 3 10190
62 16 8550
62 51 80
62 23 848
62 4 604
62 60 5767
62 38 -66
62 28 7901
62 58 3916
62 7 7707
62 26 9108
62 52 764
62 21 4136
62 35 701
62 29 10713
62 13 2762
62 47 358
62 32 -70
62 64 10860
63 50 4635
63 21 4688
63 28 1122
63 15 5358
63 57 8725
63 44 3637
63 69 5112
63 35 8922
63 64 1389
63 38 7219
63 26 941
63 37 6829
63 13 2525
63 51 6966
63 36 4563
63 2 3431
63 65 3416
63 10 4930
63 47 5186
63 0 1227
63 17 2909
63 19 3824
63 1 1304
63 43 8779
63 3 6607
63 42 2992
63 56 18
63 52 1573
63 33 4317
63 32 6162
63 18 9252
63 40 3016
63 48 3467
63 55 9403
63 11 5706
63 27 4172
63 22 5230
63 4 3904
63 12 2872
63 46 4505
63 53 4043
63 62 10285
63 41 4094
63 58 9634
63 5 5448
63 60 2897
63 45 1041
63 30 5852
63 7 8433
63 14 3379
63 20 6193
63 24 849
63 23 6218
63 67 4644
63 16 718
63 39 4930
63 66 3533
63 61 10626
64 60 9240
64 27 3695
64 16 10289
64 10 4516
64 46 10574
64 63 2918
64 50 1724
64 66 3718
64 25 5461
64 29 9943
64 2 1664
64 43 2093
64 5 4896
64 22 10015
64 67 2638
64 39 7678
64 42 2502
64 69 7357
64 48 1723
64 52 760
64 36 5262
64 53 6330
64 6 3683
64 61 8824
64 49 7530
64 44 9085
64 15 2309
64 34 8115
64 47 4339
64 31 9411
64 19 10638
64 40 6963
64 37 5458
64 12 2891
64 3 238
64 11 2578
64 55 2863
64 32 10346
64 38 600
64 4 1700
64 24 8320
64 18 9991
64 68 5758
64 57 10611
64 30 4627
64 54 6130
64 41 3814
64 8 6388
64 23 5355
64 65 2913
64 20 7199
64 14 3349
65 52 5756
65 43 8870
65 22 6693
65 25 8347
65 24 8177
65 61 3822
65 18 8276
65 11 1255
65 30 1117
65 59 2152
65 58 5416
65 31 808
65 21 6610
65 51 2027
65 15 3808
65 62 4311
65 36 8989
65 12 6987
65 13 5678
65 33 9785
65 5 5658
65 32 4705
65 1 358
65 37 10579
65 45 8253
65 16 5117
65 41 6700
65 57 8439
65 54 -27
65 68 6630
65 20 6274
65 35 3875
65 27 1238
65 38 121
65 40 7775
65 23 7714
65 67 3995
65 60 1058
65 47 4710
65 63 8118
65 4 2720
65 64 2806
65 48 3061
65 49 8481
65 34 1713
65 55 8085
65 7 4139
65 6 2072
65 28 5119
66 57 4535
66 69 10047
66 10 7871
66 31 119
66 2 8606
66 42 2298
66 48 509
66 5 6686
66 1 3082
66 54 5856
66 3 3990
66 63 3886
66 38 10848
66 53 6725
66 33 8902
66 65 9631
66 46 1198
66 23 9180
66 14 7372
66 15 1902
66 37 6703
66 49 9240
66 11 3052
66 34 9976
66 28 5601
66 18 3905
66 9 6227
66 39 3169
66 24 1766
66 68 10652
66 26 1629
66 16 1852
66 13 9498
66 20 5577
66 8 9270
66 0 1419
66 59 1232
66 58 3285
66 45 6710
66 67 9426
66 36 4296
66 43 2021
66 44 1641
66 40 5635
66 25 7432
66 55 10224
66 60 8574
66 61 5780
66 47 3606
66 17 2967
66 41 727
66 21 9382
67 53 7234
67 10 4364
67 57 5143
67 0 6032
67 39 4296
67 62 1286
67 38 287
67 12 6496
67 6 2762
67 66 6113
67 30 8858
67 24 5421
67 15 6855
67 61 5048
67 28 5954
67 50 3537
67 4 4288
67 36 459
67 45 8006
67 59 7725
67 49 9257
67 43 2824
67 2 58
67 32 1064
67 18 9111
67 34 2505
67 41 5812
67 47 4173
67 19 1703
67 52 1072
67 46 9812
67 64 8161
67 54 3211
67 7 9556
67 20 4368
67 56 7659
67 21 10366
67 5 8242
67 26 2834
67 14 2415
67 8 1434
67 51 6705
67 27 10719
67 44 8812
67 69 4074
67 65 10716
67 35 4903
67 9 7768
67 3 1435
67 33 6231
67 58 4473
67 31 4931
68 13 8955
68 54 1199
68 66 9390
68 17 6568
68 49 9408
68 36 10158
68 38 5099
68 8 7706
68 47 2545
68 15 8943
68 12 1718
68 39 2216
68 21 5609
68 60 10221
68 58 6561
68 50 4610
68 22 450
68 29 894
68 69 7645
68 59 10272
68 64 1469
68 25 1542
68 48 6013
68 14 9254
68 61 2610
68 67 10430
68 31 3396
68 42 9580
68 20 6709
68 27 3975
68 3 10303
68 30 1145
68 44 3228
68 57 6950
68 5 9035
68 28 5970
68 6 8447
68 26 4617
68 43 3562
68 32 -52
68 1 10306
68 65 737
68 9 9808
68 51 136
68 2 593
68 0 9675
68 63 5675
68 46 8704
68 34 6897
68 19 8046
68 16 7778
68 56 6223
69 45 8491
69 44 1943
69 41 8928
69 33 6592
69 26 6931
69 14 5536
69 63 6688
69 15 5161
69 17 10716
69 38 3141
69 60 1139
69 22 2652
69 5 961
69 1 4021
69 19 6778
69 40 2319
69 8 2281
69 10 3953
69 57 101
69 67 7037
69 62 6657
69 64 3222
69 11 5630
69 7 10532
69 55 5867
69 34 7196
69 13 1980
69 58 3577
69 4 4263
69 52 609
69 28 5323
69 12 10478
69 32 3722
69 24 6318
69 65 9741
69 43 3055
69 3 3446
69 16 7295
69 29 9314
69 9 8143
69 54 904
69 59 5717
69 25 5727
69 21 3485
69 27 6194
69 39 7398
69 66 5413
69 47 9784
69 56 1618
69 61 8773
69 18 1397
69 20 4697
69 37 8650
69 49 7819
69 36 10045
69 51 6430
69 31 4724
69 23 5793
69 68 10579
49
