150 5587
0 91 874
0 67 4578
0 72 12434
0 36 1224
0 89 10758
0 57 1845
0 10 6605
0 107 647
0 149 3314
0 20 12533
0 80 8549
0 92 8294
0 28 15403
0 83 2303
0 49 15554
0 5 6872
0 117 6153
0 25 230
0 128 12814
0 144 1909
0 75 10442
0 103 6526
0 85 4173
0 148 8195
0 137 2800
0 66 11898
0 48 13977
0 4 12873
0 73 5254
0 14 6501
0 71 5738
0 82 7398
0 86 14953
0 29 2072
0 116 56
0 147 10359
0 26 12944
0 45 12277
1 139 14284
1 19 14101
1 51 5164
1 128 4894
1 63 4442
1 21 15059
1 61 6026
1 25 3138
1 3 10134
1 112 692
1 135 12520
1 84 7698
1 98 9145
1 44 14054
1 43 9026
1 105 9106
1 129 7434
1 20 7682
1 60 418
1 62 4974
1 4 8138
1 148 5622
1 123 7812
1 33 5481
1 114 8356
1 6 9508
1 5 7799
1 45 11813
1 12 10614
1 54 2150
1 7 4673
1 35 1712
2 42 15857
2 62 13232
2 99 4120
2 149 8776
2 22 1251
2 140 16383
2 77 2434
2 88 6383
2 136 15656
2 125 13310
2 9 2751
2 59 9847
2 1 16011
2 29 5371
2 41 9725
2 116 4748
2 114 14689
2 20 5663
2 134 1886
2 94 15212
2 39 5459
2 126 9446
2 16 14386
2 79 16491
2 14 10048
2 92 13638
2 115 1134
2 48 14468
2 129 13895
2 65 16749
2 45 2448
2 37 5673
2 119 14516
2 63 13657
3 143 14065
3 117 1915
3 139 7937
3 149 5000
3 90 14528
3 91 7300
3 148 516
3 100 11305
3 102 7028
3 118 4144
3 141 13056
3 68 2707
3 1 10066
3 77 11461
3 8 14569
3 20 3366
3 16 5792
3 124 7845
3 114 8660
3 37 11532
3 48 5845
3 31 14076
3 18 6370
3 98 3182
3 140 1115
3 70 -38
3 72 3736
3 104 7538
3 64 6480
3 67 4102
3 22 5496
3 59 7145
3 96 3846
3 11 16690
3 65 8104
3 111 16533
3 49 11768
3 112 3052
3 17 8835
3 74 5306
3 39 718
3 0 11286
3 80 3618
4 31 9832
4 104 8891
4 75 11121
4 22 16749
4 47 12508
4 72 15961
4 56 15898
4 127 13527
4 103 1424
4 146 16633
4 17 5643
4 117 10515
4 101 14826
4 28 11352
4 114 15564
4 121 8029
4 84 9689
4 80 9311
4 41 7927
4 5 1419
4 134 6021
4 44 3489
4 63 11205
4 68 6641
4 97 11116
4 59 1170
4 91 15447
4 11 10529
4 73 7320
4 46 8192
4 52 7330
4 61 16582
4 60 12190
5 149 16266
5 123 14767
5 139 13576
5 105 1758
5 74 14795
5 142 9633
5 31 8215
5 141 4894
5 56 4217
5 101 6677
5 90 2783
5 3 2527
5 82 6125
5 107 15810
5 2 3184
5 40 12032
5 99 6126
5 72 8629
5 54 7400
5 68 14513
5 53 9024
5 138 16301
5 126 11581
5 118 913
5 84 14512
5 41 11546
5 143 13736
5 137 6212
5 16 2501
5 63 2835
5 60 2851
5 73 6998
5 19 1516
5 103 6668
5 26 7685
6 134 7736
6 32 4793
6 122 7676
6 85 6682
6 25 8693
6 26 8138
6 74 14192
6 15 9586
6 21 1458
6 60 14628
6 93 9855
6 138 6812
6 39 9119
6 86 9138
6 10 15996
6 72 12698
6 3 2438
6 13 8688
6 128 16564
6 120 12716
6 71 15284
6 124 2553
6 107 16691
6 125 1519
6 100 9441
6 146 14016
6 0 1263
6 81 2748
6 96 342
6 42 7167
7 35 4329
7 90 11583
7 58 9455
7 57 8042
7 99 8035
7 25 9588
7 45 7672
7 38 13313
7 29 3185
7 140 5073
7 47 6549
7 80 3924
7 23 16513
7 40 16161
7 129 8994
7 53 10240
7 142 413
7 16 12379
7 19 807
7 123 -60
7 36 12190
7 91 1049
7 6 9186
7 114 16086
7 141 2267
7 75 12843
7 65 14550
7 116 571
7 131 7851
7 31 16648
7 26 2185
7 117 14094
8 61 15713
8 30 15588
8 120 9214
8 62 13603
8 112 4466
8 135 6892
8 127 3419
8 79 2934
8 116 11922
8 40 1664
8 70 15797
8 95 1603
8 18 10384
8 16 3641
8 34 3702
8 126 357
8 36 14394
8 130 9238
8 0 3294
8 124 15948
8 105 14299
8 87 15859
8 37 4362
8 101 5147
8 118 11090
8 117 3534
8 86 6457
8 1 12141
8 133 2538
8 145 10995
8 55 12531
8 57 12114
8 144 744
8 54 1510
8 3 2408
8 32 5809
8 138 5503
8 35 2031
8 113 16139
8 53 -102
8 96 1026
8 13 9100
8 123 14189
8 45 9593
9 74 14923
9 134 5245
9 136 7721
9 3 9640
9 119 15846
9 17 14396
9 93 12505
9 19 15118
9 117 9653
9 20 14591
9 124 1143
9 120 13625
9 5 8711
9 1 9938
9 79 13441
9 7 8708
9 88 2228
9 8 6375
9 38 131
9 35 9388
9 138 -54
9 16 7355
9 96 16436
9 64 4978
9 149 11973
9 86 16038
9 69 12261
9 66 5493
9 103 6347
9 24 11177
9 65 3038
9 25 14667
9 47 5031
9 90 4533
9 37 9643
9 130 5380
9 26 1320
9 110 1759
10 87 16345
10 127 2253
10 71 3911
10 97 3213
10 121 816
10 90 6732
10 19 7749
10 29 8781
10 17 5215
10 125 1826
10 116 3404
10 70 8521
10 119 1087
10 59 620
10 98 460
10 99 7169
10 16 1307
10 11 5888
10 84 11030
10 37 11166
10 24 6049
10 81 10184
10 55 15451
10 103 8323
10 146 1263
10 53 11342
10 23 10410
10 44 14292
10 8 219
10 12 12176
10 67 9397
10 108 11758
10 80 12130
11 130 8240
11 94 11766
11 86 7533
11 146 700
11 12 10070
11 73 1743
11 122 9480
11 37 5472
11 121 10532
11 52 16601
11 131 13790
11 91 2605
11 124 9318
11 49 2360
11 44 4923
11 10 11758
11 79 6692
11 90 5730
11 60 9089
11 83 5473
11 19 9701
11 140 5351
11 138 11106
11 67 -113
11 80 5755
11 42 14842
11 137 8871
11 62 7950
11 0 -70
11 100 4290
11 74 14696
11 111 12719
11 18 11344
11 101 8061
12 21 2880
12 79 5168
12 25 7968
12 107 901
12 4 4154
12 98 4186
12 52 990
12 27 13944
12 122 14008
12 130 9392
12 0 5568
12 114 11059
12 46 5339
12 66 2740
12 1 8381
12 108 2199
12 47 5668
12 67 1262
12 91 13822
12 69 14638
12 63 3305
12 76 392
12 73 13281
12 112 12741
12 78 8154
12 92 15409
12 139 5777
12 32 11612
12 3 6933
12 36 8838
12 39 5573
12 13 11423
12 29 14720
12 10 4872
12 59 10179
12 103 9740
13 106 9059
13 115 9303
13 26 6008
13 148 15228
13 116 4025
13 117 10990
13 54 9235
13 20 9883
13 123 5741
13 71 3112
13 98 14811
13 95 2583
13 66 12075
13 107 9803
13 121 871
13 17 8108
13 70 1246
13 57 6305
13 138 6713
13 111 12182
13 58 4839
13 80 9450
13 62 309
13 147 8776
13 75 6860
13 19 3546
13 105 1366
13 22 10555
13 79 9336
13 140 1647
13 84 12464
13 97 1775
13 144 12362
14 70 15733
14 51 13142
14 30 16485
14 46 9492
14 98 6552
14 129 9749
14 39 7679
14 53 16732
14 94 9756
14 93 13185
14 63 296
14 31 2674
14 118 2170
14 141 3350
14 56 10041
14 90 12649
14 112 10915
14 49 9353
14 41 11472
14 120 13695
14 17 15872
14 119 10654
14 22 14589
14 91 16100
14 2 9297
14 42 11589
14 74 12214
14 77 5892
14 87 5622
14 10 14150
14 139 11527
14 0 6356
14 97 1156
14 55 1621
14 57 13725
14 142 3537
14 114 7499
14 127 1665
14 69 16086
14 43 9053
15 19 336
15 26 1589
15 25 8459
15 48 10528
15 74 8067
15 142 10179
15 100 10984
15 125 9059
15 147 1670
15 61 132
15 20 9079
15 0 6796
15 103 9943
15 79 7616
15 40 3490
15 50 8220
15 110 10590
15 33 4862
15 107 8525
15 101 1598
15 76 15826
15 72 15323
15 96 14798
15 1 3752
15 86 8859
15 116 15545
15 8 14966
15 62 -46
15 105 7175
15 46 342
15 124 4882
15 89 12121
15 63 1027
15 2 5544
15 133 186
15 52 6493
15 23 12687
15 102 4637
15 30 14529
15 37 13241
15 53 6805
15 92 16447
16 72 10223
16 96 11355
16 44 1497
16 94 9901
16 98 5682
16 132 7205
16 62 10362
16 90 3223
16 103 3504
16 38 4491
16 140 12562
16 95 11826
16 106 4875
16 67 12258
16 53 16604
16 30 12993
16 130 9095
16 46 3487
16 21 11302
16 139 4295
16 26 4617
16 37 7821
16 148 1525
16 121 12782
16 56 3117
16 35 10774
16 80 3034
16 81 4111
16 14 13134
16 124 10564
16 137 14732
16 66 13452
16 70 9160
16 91 15138
16 101 6910
16 87 6197
16 97 15638
16 57 15577
16 102 6098
16 127 -105
16 149 5123
16 82 -135
16 65 5009
16 111 6001
16 34 10221
16 52 16286
16 109 8915
17 13 16256
17 31 16670
17 122 11705
17 143 7348
17 67 1894
17 27 13938
17 109 -118
17 127 5496
17 131 14098
17 146 16348
17 130 7073
17 4 7225
17 134 -50
17 107 15803
17 34 7104
17 20 14291
17 26 11054
17 93 16049
17 69 12710
17 70 12153
17 91 16713
17 9 6958
17 15 15224
17 145 9338
17 78 4261
17 61 8342
17 43 11154
17 47 9529
17 22 6918
17 94 117
17 68 15821
17 79 10338
17 48 258
17 51 4833
18 62 11359
18 53 11590
18 108 9679
18 54 15415
18 42 6791
18 131 2636
18 120 9412
18 66 10949
18 146 14189
18 147 12602
18 34 12714
18 19 7315
18 90 11755
18 95 12727
18 92 4658
18 72 4459
18 20 8907
18 110 6969
18 122 15381
18 125 14763
18 121 7597
18 140 6294
18 105 4656
18 115 6077
18 78 16435
18 39 15177
18 68 6835
18 15 13265
18 48 13309
18 83 10477
18 143 2832
18 57 12935
18 137 15379
18 124 2651
18 118 14509
18 49 15695
18 126 9205
18 86 15570
19 96 12959
19 69 955
19 41 8640
19 17 13008
19 81 11147
19 94 8868
19 54 15469
19 71 15153
19 62 2514
19 110 175
19 2 6848
19 131 535
19 16 13816
19 15 11655
19 136 -144
19 100 1446
19 86 2961
19 114 12748
19 34 12223
19 117 5412
19 124 13202
19 133 11266
19 116 4946
19 8 11304
19 85 7140
19 76 11857
19 127 6146
19 12 1756
19 91 477
19 11 15197
19 126 3589
19 107 10049
19 65 11223
19 93 2667
19 47 8860
19 42 11610
19 31 3176
19 102 3707
20 82 11183
20 56 13972
20 141 1601
20 77 6965
20 146 3309
20 41 11309
20 139 4403
20 113 2091
20 2 16639
20 26 -3
20 115 11278
20 140 9245
20 114 12883
20 130 6315
20 81 6235
20 44 1058
20 126 4173
20 119 1067
20 67 2827
20 13 11587
20 145 3165
20 48 4250
20 55 4238
20 102 12608
20 50 1500
20 71 3702
20 40 14831
20 62 1966
20 94 15347
20 132 209
20 105 13681
21 8 7910
21 117 13628
21 1 10494
21 148 3130
21 53 5860
21 141 7241
21 3 13590
21 5 14214
21 123 7073
21 50 14131
21 31 10678
21 108 6155
21 46 14377
21 34 8797
21 27 13068
21 74 8600
21 147 4067
21 128 9848
21 57 10586
21 7 7506
21 85 13752
21 48 8342
21 45 1151
21 89 15014
21 91 5991
21 78 3840
21 13 14619
21 81 15624
21 69 5896
21 9 14613
21 40 9808
21 60 15980
21 118 14225
22 91 15871
22 46 373
22 100 11552
22 6 7289
22 16 11471
22 32 11488
22 23 2925
22 47 62
22 73 3699
22 7 10255
22 18 4100
22 2 197
22 90 8818
22 137 4756
22 57 16009
22 87 15874
22 43 10732
22 10 14974
22 34 5376
22 147 8122
22 129 11516
22 14 14223
22 118 9608
22 5 7568
22 30 6797
22 56 6459
22 95 14333
22 75 7050
22 49 7198
22 94 6368
22 114 7370
22 60 10764
22 71 2076
22 105 14807
22 122 13124
22 26 10083
22 138 11546
23 85 1882
23 58 12705
23 82 6366
23 86 12880
23 4 6276
23 114 10285
23 26 13897
23 87 11075
23 64 10627
23 12 4554
23 136 324
23 44 15703
23 40 14454
23 10 6729
23 76 7537
23 81 1955
23 8 2173
23 109 3078
23 148 3599
23 124 6642
23 27 10848
23 120 6040
23 96 9081
23 13 904
23 137 1818
23 50 10238
23 16 14964
23 147 2304
23 128 4907
23 1 2605
23 65 12968
23 126 3270
23 122 10724
23 94 10310
23 34 4987
23 98 5141
24 97 11850
24 74 6855
24 148 6972
24 90 1521
24 131 14549
24 31 4075
24 137 649
24 85 7706
24 39 3636
24 69 11621
24 116 4206
24 67 2816
24 144 8357
24 18 1097
24 95 14220
24 9 7208
24 124 2037
24 10 12794
24 88 1981
24 40 5567
24 111 15881
24 121 12370
24 71 13777
24 147 3266
24 53 9254
24 98 9289
24 107 2978
24 103 218
24 68 9621
24 23 8752
24 94 1486
24 86 10269
24 134 5555
24 77 15765
24 63 13050
24 0 15842
24 57 4646
24 41 13576
24 130 5273
24 54 -94
24 38 15511
25 104 3232
25 122 14765
25 102 10870
25 33 16685
25 80 14552
25 95 4542
25 91 12683
25 67 13104
25 116 5845
25 133 1864
25 57 7432
25 35 16745
25 83 12753
25 74 16702
25 0 13547
25 52 2854
25 29 9165
25 113 15258
25 117 10978
25 27 4273
25 72 10907
25 34 3524
25 30 1334
25 90 9018
25 48 8270
25 71 4059
25 56 12860
25 9 10283
25 50 14486
25 78 10207
25 46 6259
25 88 10189
25 31 15918
25 146 4016
25 17 3400
25 85 685
25 39 3122
25 108 8121
25 55 1979
25 1 3837
26 13 1741
26 18 9949
26 28 5338
26 136 7240
26 53 4457
26 56 9875
26 87 -123
26 20 13716
26 38 3723
26 0 11595
26 8 2928
26 24 11661
26 146 15622
26 82 14597
26 143 15670
26 91 5598
26 147 4947
26 55 9043
26 63 6068
26 110 3557
26 102 8754
26 4 979
26 36 1731
26 105 12679
26 67 12082
26 37 8236
26 145 11619
26 46 2123
26 71 7706
26 49 5567
26 94 8137
26 123 7011
26 23 10039
26 77 4805
26 9 7956
26 33 13137
26 22 3630
26 34 4763
26 76 15797
27 52 6277
27 4 6371
27 35 9193
27 127 16023
27 92 6698
27 137 447
27 30 9175
27 107 5283
27 90 15129
27 133 3645
27 12 3292
27 55 12438
27 16 14546
27 113 8413
27 40 10108
27 25 11730
27 86 3503
27 136 14507
27 119 175
27 145 16120
27 112 5113
27 34 5172
27 132 9565
27 57 14984
27 36 2251
27 111 630
27 98 6742
27 102 4317
27 109 3914
27 13 3837
28 40 11940
28 63 14887
28 42 8467
28 3 11203
28 126 4476
28 127 9889
28 73 14028
28 59 470
28 72 2056
28 116 4453
28 56 3059
28 124 3171
28 146 7146
28 39 455
28 110 1153
28 118 4841
28 2 4998
28 133 12894
28 68 3150
28 43 -21
28 106 7297
28 61 5027
28 24 6094
28 113 11930
28 65 7531
28 95 2384
28 128 3853
28 70 13605
28 41 5305
28 22 12320
28 125 3982
28 25 14773
28 52 5881
28 85 1183
28 90 4017
28 35 11215
28 15 14173
28 53 14697
28 23 16105
28 103 6597
28 121 7489
29 27 2375
29 68 1679
29 120 9878
29 128 16276
29 109 3440
29 22 16706
29 16 13217
29 110 274
29 79 7349
29 129 2301
29 137 9240
29 147 3857
29 14 14817
29 66 1560
29 7 1781
29 30 8489
29 63 4465
29 10 6063
29 115 12500
29 65 10462
29 144 5654
29 85 15607
29 61 11710
29 101 6949
29 121 16532
29 75 8501
29 98 12625
29 21 2903
29 95 6994
29 96 10149
29 28 13693
30 67 16262
30 120 1863
30 56 8938
30 90 16278
30 121 11817
30 33 393
30 101 7517
30 5 10494
30 40 15253
30 82 13558
30 103 11626
30 72 6107
30 58 303
30 64 7213
30 28 8943
30 100 1657
30 127 14380
30 99 9576
30 9 16595
30 123 2644
30 44 12999
30 66 6149
30 114 12938
30 104 2713
30 20 3393
30 95 13345
30 7 11182
30 81 7338
31 131 4563
31 125 9640
31 141 13413
31 33 11067
31 69 5262
31 71 7939
31 103 2406
31 22 14484
31 95 5998
31 104 12150
31 23 14904
31 6 3192
31 94 9826
31 57 4336
31 25 8156
31 48 1513
31 119 15206
31 117 12291
31 2 14333
31 20 8474
31 137 6553
31 145 9855
31 86 7039
31 88 9094
31 101 15376
31 116 8068
31 9 9813
31 144 9964
31 138 2239
31 32 4845
31 127 3725
31 114 9088
31 130 1710
31 108 9996
31 85 14711
31 17 1129
31 8 15008
31 149 8450
31 61 13193
31 18 12202
31 26 6095
31 139 2641
31 98 2144
31 16 4738
32 13 5432
32 47 12336
32 110 11387
32 121 10705
32 52 16262
32 68 7821
32 24 2732
32 101 15806
32 100 8715
32 126 14837
32 75 2038
32 51 7773
32 106 6278
32 31 6912
32 10 61
32 147 1789
32 66 11958
32 145 14720
32 103 13533
32 89 2339
32 59 2516
32 98 6983
32 72 16055
32 65 3395
32 54 9843
32 127 11480
32 43 1481
32 148 1960
32 132 9271
32 85 783
32 11 1223
32 83 167
32 25 3433
32 1 1971
33 132 6069
33 27 10567
33 69 12070
33 57 4708
33 83 3279
33 128 8816
33 59 5516
33 36 3179
33 10 12717
33 95 257
33 60 2689
33 88 11411
33 130 16542
33 135 9808
33 32 12205
33 81 8073
33 116 3301
33 145 5956
33 120 1034
33 101 15605
33 1 12320
33 63 8920
33 29 7863
33 61 10756
33 8 8459
33 54 16620
33 131 15320
33 22 779
33 109 6751
33 122 -3
33 49 13321
34 102 14791
34 141 2459
34 86 6439
34 70 8885
34 38 10290
34 29 2447
34 78 1790
34 100 14331
34 37 15316
34 20 5607
34 107 7781
34 85 13842
34 17 12206
34 52 7009
34 87 11321
34 73 14433
34 129 5576
34 88 5961
34 131 2092
34 69 7789
34 90 14554
34 121 9120
34 50 7772
34 24 2198
34 13 3781
34 22 10986
34 148 3936
34 92 5564
34 71 7271
34 91 6022
34 48 2034
34 98 11071
34 147 10930
34 53 16570
34 109 639
34 139 6318
34 83 11241
34 3 691
34 145 6054
34 112 9468
35 44 6805
35 138 3649
35 110 4348
35 148 12003
35 27 16700
35 55 3907
35 129 7577
35 46 7446
35 105 9367
35 8 16109
35 113 1333
35 135 4648
35 14 267
35 74 1348
35 144 8029
35 123 6902
35 93 2871
35 36 14340
35 128 15829
35 117 1118
35 43 10829
35 77 1265
35 90 804
35 89 16409
35 25 9959
35 119 9127
35 62 11055
35 49 12118
35 142 3348
35 140 11693
35 92 14012
35 99 1907
35 38 12379
35 76 2078
35 91 2380
35 39 5750
35 120 2043
35 23 15615
35 84 5605
35 103 8125
36 40 3422
36 31 9293
36 5 4366
36 121 7808
36 134 7870
36 9 6420
36 79 15121
36 13 10625
36 95 2833
36 17 6510
36 34 2354
36 69 6710
36 92 10261
36 104 1275
36 1 3505
36 24 -39
36 14 11634
36 90 12272
36 149 5951
36 122 16309
36 7 -69
36 84 222
36 20 8048
36 142 13211
36 81 5962
36 114 14298
36 47 10414
36 86 11547
36 129 5028
37 47 9589
37 107 9903
37 17 1258
37 78 13904
37 81 3546
37 125 16429
37 117 2
37 57 4952
37 29 3817
37 136 14366
37 73 10664
37 144 11887
37 76 15968
37 5 5221
37 55 12474
37 14 8548
37 32 5292
37 22 5996
37 8 8078
37 0 5930
37 40 2904
37 111 6256
37 71 12630
37 115 12443
37 148 5004
37 105 5369
37 126 7566
37 123 9003
37 145 2218
37 16 4128
37 92 10855
37 74 846
37 133 12519
37 34 10378
37 75 9607
37 58 4805
37 139 5994
37 122 660
37 42 484
37 41 2790
38 144 10361
38 112 4278
38 129 3962
38 85 12264
38 13 16653
38 137 10353
38 120 5823
38 148 7851
38 72 12671
38 32 30
38 123 11330
38 101 1606
38 55 1300
38 39 14425
38 117 11311
38 5 7829
38 103 7495
38 71 6644
38 142 3072
38 102 5482
38 16 12848
38 67 15706
38 1 15502
38 65 11205
38 59 3943
38 94 621
38 3 13568
38 18 2712
38 23 1557
38 45 12574
38 143 9969
38 20 8457
38 26 10892
39 124 5648
39 74 9391
39 71 2317
39 148 5104
39 48 4501
39 139 8771
39 132 5955
39 131 1952
39 53 10125
39 57 9091
39 3 6317
39 44 624
39 121 3662
39 54 8474
39 82 10890
39 75 15593
39 80 2245
39 130 4838
39 104 14661
39 77 4641
39 46 1257
39 24 5133
39 45 9058
39 40 10107
39 109 1834
39 29 4863
39 69 9134
39 120 1731
39 116 3694
39 100 5925
39 143 7386
39 106 13670
39 18 10770
39 118 246
39 56 6056
39 90 15161
39 42 11850
39 2 8931
39 70 13130
40 81 5549
40 55 7236
40 28 15801
40 18 12416
40 27 10894
40 117 6801
40 106 164
40 61 7506
40 29 15319
40 122 235
40 6 12863
40 34 15585
40 52 7236
40 67 13297
40 3 5513
40 0 4035
40 76 10416
40 19 14909
40 69 6198
40 10 5912
40 7 5761
40 30 347
40 1 7299
40 32 15461
40 105 11810
40 43 1176
40 94 6949
40 82 13970
40 46 15500
40 92 10109
40 74 1357
40 63 641
40 90 10740
40 37 10179
40 132 12753
40 5 1752
40 65 5303
40 23 13995
40 66 3206
40 124 5809
40 77 14563
41 78 12251
41 124 6401
41 86 2850
41 138 9669
41 123 15804
41 18 14740
41 5 13505
41 133 11854
41 77 3840
41 94 14757
41 114 16729
41 38 7403
41 149 6438
41 31 14819
41 67 10399
41 17 5284
41 20 9427
41 96 10733
41 14 7882
41 16 14944
41 70 14671
41 11 -99
41 68 7259
41 53 2524
41 72 2839
41 26 12573
41 137 873
41 37 6205
41 12 724
41 9 9773
41 50 14741
41 109 7858
41 66 7392
41 3 5863
41 129 8742
41 82 16299
41 131 9586
41 102 7579
41 32 6000
41 75 13506
41 85 15180
42 117 12888
42 123 10188
42 76 2156
42 71 9117
42 52 2400
42 107 12680
42 11 12141
42 100 15184
42 65 8033
42 66 12372
42 9 5129
42 37 707
42 102 6574
42 22 12155
42 7 12643
42 54 11250
42 124 16708
42 83 13229
42 136 3091
42 87 7263
42 58 15846
42 15 12975
42 5 2134
42 38 13573
42 148 9486
42 143 7192
42 132 14587
42 108 9689
42 70 15655
42 8 15818
42 113 15982
42 96 1420
42 6 1272
42 64 2848
42 94 13005
42 89 8641
43 13 13007
43 38 8367
43 106 8073
43 80 2082
43 148 13602
43 87 5441
43 34 10278
43 45 2300
43 51 12634
43 109 13834
43 9 13376
43 54 9865
43 96 3038
43 39 7358
43 52 12973
43 105 5573
43 79 16372
43 72 3011
43 130 7402
43 145 14549
43 68 2264
43 28 9522
43 88 9088
43 86 2005
43 143 3646
43 129 8849
43 123 8821
43 66 6353
43 30 9289
43 118 2012
43 47 12667
43 134 8699
43 101 9597
43 62 14874
43 21 11715
43 112 10147
43 132 126
43 120 14746
43 149 12623
43 46 12329
44 71 11159
44 88 12417
44 61 1156
44 98 16494
44 93 2117
44 129 5965
44 123 13215
44 97 8803
44 83 241
44 70 10394
44 139 13083
44 28 8348
44 25 10718
44 20 3643
44 45 1953
44 112 5601
44 121 13048
44 95 13130
44 86 4615
44 38 11973
44 137 16704
44 73 4147
44 39 3102
44 135 14449
44 0 14045
44 14 9801
44 33 2764
44 27 11586
44 10 16619
44 103 8154
44 53 8038
44 149 8870
44 102 8478
44 12 4395
44 37 16190
44 43 10316
44 77 13607
44 124 1668
44 91 5172
44 148 13054
44 58 2296
45 85 10381
45 11 5114
45 56 15220
45 107 14748
45 41 12608
45 71 16440
45 115 13680
45 88 6349
45 77 13660
45 133 4534
45 143 15956
45 75 6631
45 132 11825
45 100 13291
45 79 3275
45 17 16402
45 0 15072
45 73 4931
45 104 9541
45 81 5314
45 29 13791
45 2 10519
45 126 14748
45 40 9637
45 19 14612
45 50 7163
45 95 381
45 4 8060
45 9 11541
45 134 8970
45 114 16198
45 57 12548
45 20 15120
45 28 8338
45 62 3862
45 21 9951
45 99 6639
45 92 1791
45 3 10290
45 31 15868
46 115 10923
46 84 4033
46 116 1667
46 10 4043
46 23 15985
46 68 2996
46 70 15116
46 20 6869
46 102 8642
46 149 4346
46 71 4893
46 136 8872
46 57 14986
46 119 4652
46 145 7010
46 0 9375
46 109 16742
46 47 5272
46 85 7157
46 2 5503
46 3 15207
46 4 408
46 75 9694
46 139 6038
46 120 4804
46 40 2979
46 117 7098
46 101 2442
46 18 6226
46 72 14475
46 114 8717
46 124 7805
46 56 2409
46 138 7737
46 16 10789
46 123 12877
46 90 10100
46 96 5997
46 127 7358
47 1 9401
47 40 11986
47 102 13530
47 32 9792
47 131 3725
47 70 9464
47 30 6243
47 4 2956
47 117 3832
47 68 4249
47 11 12456
47 98 12929
47 140 9602
47 8 279
47 94 13905
47 143 10910
47 35 7356
47 18 8825
47 36 10573
47 122 5785
47 147 368
47 69 7226
47 83 3643
47 14 11726
47 44 6115
47 57 16515
47 20 15352
47 51 10663
47 23 16641
48 112 12137
48 61 1205
48 65 14131
48 92 11452
48 121 8480
48 105 1980
48 135 3403
48 29 3810
48 129 13436
48 28 6101
48 19 5602
48 125 7326
48 7 4394
48 20 16559
48 110 6044
48 16 8248
48 122 6471
48 75 4944
48 45 3271
48 32 12921
48 137 13437
48 54 12596
48 94 15890
48 128 12334
48 15 12413
48 145 7272
48 23 7703
48 127 1962
48 64 4758
48 30 10930
48 147 10255
48 116 5032
48 11 13588
48 96 15843
48 1 15841
48 26 7826
48 53 14686
48 56 12198
49 88 16203
49 76 15301
49 1 10223
49 22 3943
49 122 3936
49 21 10143
49 84 15085
49 148 7507
49 34 5890
49 46 14356
49 77 4787
49 38 1163
49 3 1410
49 56 5940
49 87 14946
49 48 15486
49 66 15579
49 82 14152
49 70 15245
49 80 10880
49 111 2503
49 123 9564
49 74 331
49 19 8654
49 132 1762
49 13 5690
49 112 4010
49 101 4397
49 10 15598
50 1 14918
50 18 2666
50 129 2210
50 51 11547
50 42 8317
50 27 12507
50 70 12730
50 132 12456
50 138 13236
50 33 7154
50 15 7971
50 125 12440
50 20 10014
50 113 9087
50 128 10665
50 22 10532
50 147 14176
50 85 8788
50 89 9597
50 36 14076
50 134 1833
50 126 16690
50 88 13437
50 145 14940
50 26 6632
50 117 12634
50 47 847
50 94 4165
50 66 1368
50 110 802
50 55 8662
50 28 10131
50 131 14630
50 79 9363
50 123 8091
50 38 3625
50 108 3368
50 103 11384
50 107 12359
50 2 3991
50 109 3799
50 87 1556
50 67 1186
51 121 2269
51 93 12117
51 96 10862
51 94 11315
51 134 831
51 22 11997
51 90 3819
51 129 13642
51 126 10572
51 95 10378
51 149 12207
51 34 5434
51 68 2705
51 127 11069
51 75 16242
51 4 5694
51 30 15945
51 136 10555
51 115 506
51 39 15780
51 86 6276
51 65 4471
51 23 4453
51 69 14973
51 106 3231
51 85 14662
51 50 16703
51 108 14180
51 47 12913
51 67 5193
51 37 13444
51 62 3059
51 48 2954
51 92 3844
51 105 4304
51 12 3174
51 117 11531
51 104 15777
51 125 5328
51 78 10790
51 142 12706
51 82 14343
51 97 4906
51 73 7136
51 53 14856
52 60 12221
52 89 8061
52 97 7789
52 34 8591
52 32 10312
52 12 15322
52 110 1698
52 18 3030
52 137 540
52 30 6685
52 14 10886
52 122 75
52 124 14774
52 61 4091
52 76 4692
52 123 9458
52 59 3052
52 115 2603
52 77 12249
52 143 14338
52 48 13307
52 81 1947
52 108 16237
52 53 5068
52 75 15584
52 141 12664
52 128 14692
52 47 7607
52 67 3452
52 20 7792
52 64 14268
52 117 3289
52 41 6415
52 19 13911
52 15 7068
52 57 16285
52 0 11250
52 102 10288
52 105 5138
53 14 7471
53 77 3750
53 0 7363
53 11 15370
53 29 1236
53 57 13003
53 101 12898
53 121 11162
53 86 14413
53 149 4789
53 102 10161
53 97 5304
53 89 13413
53 64 11907
53 76 6159
53 139 15978
53 40 3132
53 21 6680
53 113 2100
53 8 2129
53 114 11975
53 81 666
53 130 5796
53 136 1357
53 120 8008
53 143 13384
53 9 13931
53 144 13693
53 133 11844
53 47 9642
53 56 10168
53 12 9001
53 127 9128
53 4 11545
53 63 12993
53 62 2278
54 56 13493
54 88 4883
54 121 14161
54 99 15850
54 28 607
54 138 10804
54 48 7125
54 92 12335
54 89 2274
54 75 4026
54 23 12736
54 95 6062
54 41 3854
54 93 4681
54 37 15622
54 96 5544
54 98 5713
54 34 13526
54 136 12824
54 15 15081
54 140 10340
54 7 14679
54 27 7922
54 119 9470
54 18 13609
54 21 7800
54 94 3794
54 26 632
54 131 4647
54 73 4886
54 144 5742
54 1 16112
54 0 15310
54 81 14442
54 90 15618
54 38 15588
54 126 383
54 33 10943
54 42 4645
54 32 7765
55 136 4622
55 24 7109
55 126 12441
55 66 12399
55 6 15583
55 43 16723
55 75 16433
55 5 6900
55 149 6835
55 143 6066
55 115 7207
55 122 14162
55 15 1103
55 73 14080
55 45 7116
55 38 8423
55 100 14537
55 12 8452
55 124 13361
55 57 9482
55 139 7725
55 148 7184
55 10 12420
55 7 15319
55 89 11923
55 102 15781
55 133 3054
55 78 13888
56 66 14214
56 87 12948
56 58 6019
56 126 6266
56 68 9710
56 1 8821
56 23 12516
56 141 6518
56 69 10382
56 43 9711
56 40 6181
56 52 6303
56 115 13257
56 34 2205
56 82 8859
56 67 5016
56 6 3354
56 123 10782
56 96 15039
56 133 4124
56 105 14119
56 30 588
56 16 16368
56 65 7236
56 59 6742
56 31 9683
56 78 8851
56 71 827
56 33 8055
56 15 5211
56 36 14942
56 76 11413
56 17 12805
56 140 4048
56 47 1810
56 147 5984
57 83 7546
57 149 12557
57 134 16757
57 82 3169
57 137 11410
57 140 5615
57 112 8861
57 34 4733
57 141 9189
57 0 4624
57 73 4257
57 12 6407
57 29 7827
57 145 3037
57 35 14651
57 24 13148
57 90 14896
57 117 10634
57 100 2508
57 39 919
57 52 12515
57 81 1069
57 101 10648
57 77 3374
57 37 7607
57 95 8704
57 13 15444
57 1 709
57 62 5169
57 109 5818
57 147 10248
57 86 257
57 94 12781
57 68 1854
57 111 3765
57 43 5362
57 79 16589
57 33 7577
57 63 11453
57 110 303
57 5 8974
58 35 15063
58 20 5999
58 77 15329
58 113 12331
58 128 10372
58 108 1466
58 26 11772
58 109 16676
58 132 15438
58 102 11623
58 104 15354
58 60 12221
58 140 11684
58 147 2214
58 38 13976
58 79 1316
58 72 1244
58 98 13436
58 99 7820
58 118 16068
58 105 13519
58 37 4249
58 57 13809
58 73 14460
58 92 8932
58 95 7498
58 36 7618
58 106 9140
58 94 14187
58 124 13098
58 3 2911
58 30 9869
58 115 12359
58 9 10999
59 80 14112
59 10 6945
59 123 8250
59 22 11136
59 71 4845
59 47 4760
59 46 12121
59 45 6115
59 120 8401
59 78 10645
59 134 10494
59 99 6660
59 145 6054
59 66 15903
59 25 9201
59 148 3475
59 96 9146
59 106 121
59 62 10849
59 115 14851
59 39 10101
59 51 16392
59 114 16118
59 137 10248
59 50 10779
59 33 2991
59 76 9297
59 60 14974
59 27 8083
59 108 2556
59 37 10093
59 16 6434
59 119 4846
59 90 8335
59 8 15928
60 48 6384
60 111 5008
60 119 13527
60 45 13102
60 31 11675
60 131 9566
60 33 11057
60 78 12332
60 120 3508
60 84 2366
60 96 4528
60 9 11390
60 39 13379
60 144 9205
60 130 10678
60 135 16517
60 67 13761
60 32 12301
60 37 8546
60 16 10297
60 117 14409
60 70 889
60 102 1856
60 142 11490
60 6 8990
60 49 3422
60 110 4324
60 36 7899
60 4 16162
60 141 12871
60 87 12456
60 63 13964
60 86 5404
60 114 2030
60 42 11442
60 101 12677
60 124 4614
60 129 7542
60 140 814
61 140 12704
61 130 11264
61 111 2576
61 112 12680
61 80 8587
61 4 1400
61 82 6191
61 117 9023
61 148 9045
61 70 8271
61 18 3387
61 105 5481
61 67 15106
61 103 10222
61 38 3152
61 47 7204
61 132 10408
61 101 729
61 64 192
61 59 1656
61 60 9601
61 81 4145
61 97 1360
61 134 1026
61 42 10749
61 30 16285
61 83 12876
61 143 3901
62 58 6307
62 7 8375
62 59 6786
62 24 9754
62 141 6384
62 145 9115
62 74 8328
62 51 12808
62 95 -96
62 94 13171
62 121 10307
62 96 6415
62 5 6595
62 13 14125
62 29 8332
62 128 4700
62 118 2705
62 98 14625
62 15 8583
62 84 13859
62 102 12209
62 50 399
62 3 10643
62 60 13786
62 38 1660
62 31 12999
62 136 12960
62 129 3401
62 56 16145
62 107 13396
62 66 12520
63 125 3341
63 129 7320
63 131 4474
63 99 1469
63 28 4607
63 9 13132
63 112 1340
63 32 2945
63 127 10057
63 5 15324
63 137 5474
63 35 14078
63 50 9429
63 14 2280
63 77 12555
63 2 791
63 19 15116
63 24 4457
63 47 1192
63 10 13461
63 138 8790
63 119 1156
63 148 13210
63 11 6741
63 64 13723
63 53 2510
63 69 159
63 134 13389
63 101 6015
63 115 14596
63 122 4172
63 29 3509
63 107 13401
63 91 9771
63 105 15755
63 52 1425
63 44 9200
63 13 609
63 36 6380
63 92 10618
63 96 2235
64 133 14247
64 96 1554
64 120 15351
64 70 3273
64 87 -65
64 48 4607
64 128 14945
64 49 12223
64 30 1807
64 136 13867
64 79 13488
64 126 7475
64 134 10030
64 107 11997
64 38 15771
64 14 13804
64 77 3618
64 33 5219
64 67 7852
64 52 12866
64 73 12367
64 15 710
64 118 814
64 137 922
64 29 15423
64 37 12923
64 23 3102
64 146 16514
64 36 1077
64 45 14136
64 125 6738
64 90 5853
64 63 16618
64 82 2515
64 94 11269
64 5 4775
64 139 14321
64 74 1723
65 12 15433
65 111 12050
65 102 6201
65 96 6320
65 33 11624
65 70 468
65 72 14519
65 106 241
65 21 14952
65 64 11125
65 11 16108
65 0 1189
65 44 16478
65 35 12874
65 4 12618
65 23 927
65 127 3157
65 50 10470
65 43 5015
65 95 13366
65 58 16720
65 94 10078
65 133 13373
65 27 3244
65 125 14084
65 18 6065
65 145 3955
65 47 11076
65 126 7600
65 5 6390
65 60 6956
65 146 12237
65 69 6033
65 56 11589
65 139 8289
65 81 3816
65 10 16331
66 36 11192
66 29 2479
66 125 10977
66 139 984
66 119 11726
66 84 14732
66 88 10800
66 2 6550
66 73 3040
66 108 14821
66 77 10107
66 79 5212
66 147 12641
66 96 4037
66 107 1143
66 44 4186
66 91 7916
66 38 15475
66 122 1462
66 146 12623
66 32 14564
66 8 1160
66 106 1165
66 86 12037
66 6 11148
66 27 15932
66 26 11094
66 142 1828
66 138 2161
66 37 11445
66 118 1968
66 109 11929
66 60 15426
66 127 1166
66 149 14996
66 39 1732
66 97 10391
67 20 871
67 87 5536
67 128 4090
67 23 13981
67 40 11930
67 15 -85
67 80 12446
67 69 1566
67 45 6185
67 24 5355
67 37 2885
67 21 2091
67 116 987
67 126 11419
67 39 12736
67 7 12253
67 66 2084
67 58 1626
67 143 6229
67 0 12068
67 65 5083
67 119 15518
67 134 14872
67 109 16419
67 105 2215
67 108 3477
67 100 1755
67 2 16009
67 55 13980
67 81 9377
68 11 3853
68 129 2805
68 117 11456
68 120 15696
68 113 8027
68 104 8700
68 74 3579
68 46 12634
68 28 2995
68 128 10663
68 38 375
68 137 14054
68 42 2558
68 56 1731
68 84 11107
68 85 2274
68 9 2081
68 17 13582
68 97 1605
68 103 15806
68 71 1941
68 105 866
68 63 9397
68 134 6339
68 88 16705
68 124 5961
68 34 5917
68 2 6784
68 45 1532
68 58 10819
68 126 12936
68 87 3355
68 96 3659
68 53 14221
68 69 8791
68 60 4197
69 20 9483
69 80 7360
69 139 11620
69 54 14440
69 146 13089
69 113 2702
69 142 4293
69 115 1688
69 34 10498
69 31 9512
69 65 4435
69 73 1070
69 57 14443
69 114 9568
69 100 16576
69 37 1507
69 145 15290
69 125 16279
69 62 9390
69 103 7181
69 44 7109
69 135 9758
69 56 13623
69 7 15035
69 99 43
69 71 10663
69 29 6904
69 21 16533
69 123 15196
69 16 14214
69 105 6492
69 26 15534
69 98 11786
69 63 12796
70 75 14065
70 85 11742
70 51 15085
70 8 9555
70 122 8961
70 65 15943
70 113 7395
70 69 5894
70 41 14425
70 94 11174
70 102 9305
70 32 13015
70 14 11684
70 37 3700
70 39 4781
70 33 13454
70 21 4237
70 9 2737
70 19 15377
70 130 13230
70 59 3446
70 145 8488
70 47 5294
70 74 11371
70 147 1338
70 72 952
70 132 9301
70 131 12883
70 138 7014
70 91 7286
70 57 11531
70 93 16119
70 50 7819
70 76 1721
71 77 12555
71 124 1295
71 18 10854
71 66 4564
71 91 5814
71 140 13399
71 29 4314
71 121 8144
71 114 11006
71 69 4210
71 60 12290
71 80 10543
71 118 16074
71 55 4734
71 100 10999
71 112 11986
71 31 14406
71 27 14130
71 47 10585
71 76 7178
71 65 1771
71 96 15397
71 75 2701
71 119 7259
71 49 873
71 28 9998
71 144 870
71 99 12063
72 23 6204
72 3 541
72 54 16576
72 27 1304
72 42 3421
72 25 14760
72 107 11682
72 37 7604
72 111 13214
72 117 8875
72 97 5075
72 56 3425
72 134 6762
72 105 13962
72 132 2719
72 121 4362
72 68 7186
72 139 8180
72 95 13323
72 13 7791
72 119 3278
72 46 9768
72 48 9073
72 12 5738
72 41 14215
72 103 13358
72 59 12798
72 99 15259
72 104 14934
72 110 1555
72 17 2063
72 8 16279
72 33 4234
72 90 2107
72 86 15610
72 120 10941
73 87 7305
73 131 462
73 143 12746
73 99 10643
73 104 2561
73 15 10641
73 23 2387
73 93 12034
73 95 10474
73 29 13027
73 57 9734
73 91 1613
73 10 15302
73 86 9440
73 16 14020
73 89 131
73 41 10905
73 139 9426
73 55 15509
73 67 5993
73 50 10733
73 56 8566
73 6 14468
73 94 12621
73 52 8542
73 26 8487
73 90 8625
73 78 12533
73 122 9559
73 3 12870
73 92 15763
73 24 12097
73 70 7933
73 5 5145
73 63 3967
73 21 5943
73 0 15404
74 56 1900
74 10 192
74 50 15424
74 87 -58
74 24 265
74 94 9598
74 99 9915
74 98 7970
74 61 16141
74 137 955
74 105 4395
74 134 8143
74 96 11320
74 2 11871
74 86 11780
74 33 9466
74 42 5215
74 146 9562
74 39 5986
74 90 13739
74 44 16331
74 138 13411
74 34 9347
74 23 2923
74 66 8708
74 84 13455
74 126 1549
74 124 8150
74 82 5340
74 5 9373
74 142 2302
74 115 12845
74 107 2892
74 67 12526
74 6 14982
74 55 14567
74 0 4434
75 29 13877
75 65 13926
75 109 11666
75 58 5572
75 113 12312
75 107 4640
75 47 8589
75 122 10514
75 101 9058
75 35 2120
75 33 1994
75 79 4877
75 10 1212
75 115 12506
75 38 13959
75 27 10666
75 66 12240
75 83 10944
75 36 8866
75 54 2444
75 4 4054
75 44 11022
75 105 8334
75 124 11240
75 22 9574
75 98 14135
75 118 14005
75 139 426
75 45 14994
75 77 9618
75 21 303
75 96 8027
75 117 10041
75 68 14538
75 51 13783
75 46 6332
76 60 12179
76 6 9104
76 136 7261
76 37 3617
76 111 2825
76 109 6624
76 139 3664
76 93 15526
76 141 6981
76 116 5992
76 55 986
76 5 16066
76 21 11341
76 52 15292
76 13 -125
76 84 9566
76 46 8633
76 148 789
76 115 621
76 40 1412
76 15 8922
76 83 15082
76 99 16187
76 75 5620
76 90 2878
76 81 12741
76 49 11073
76 102 5100
76 144 6032
76 57 2362
76 147 14125
76 119 263
76 41 3089
76 67 15611
76 54 2192
76 77 16628
76 122 9441
77 116 3041
77 136 9989
77 140 5568
77 34 7630
77 7 10072
77 117 13375
77 132 15308
77 51 15575
77 40 2451
77 69 -89
77 4 8881
77 96 15209
77 15 11954
77 52 598
77 118 14136
77 126 2679
77 0 4956
77 46 738
77 110 530
77 142 9855
77 134 7848
77 127 2087
77 72 9431
77 115 15794
77 23 8359
77 64 13487
77 70 10768
77 67 15926
77 20 6013
77 16 10775
77 44 6599
77 144 4712
77 104 4301
77 122 9564
77 84 3827
77 80 13633
77 35 2446
77 137 14332
77 102 6563
77 86 6080
77 113 6687
77 91 4451
77 108 12966
78 109 10711
78 76 1358
78 89 4353
78 94 15175
78 57 6203
78 133 6018
78 101 15529
78 144 11475
78 69 11962
78 61 14988
78 30 8931
78 139 14326
78 99 13290
78 22 10495
78 97 16118
78 6 580
78 70 15925
78 104 9362
78 90 4778
78 93 2803
78 81 11657
78 39 4446
78 74 11838
78 134 6717
78 14 1371
78 115 10370
78 148 10291
78 77 9270
78 52 7440
78 28 7632
78 73 13965
78 84 6126
78 85 679
78 71 13563
78 140 14572
78 138 4273
78 9 6972
78 128 3282
78 10 10287
78 5 16261
78 111 8403
78 63 15281
78 35 7906
78 149 11561
78 0 12861
78 43 2616
78 41 13330
79 137 6674
79 70 3309
79 113 16139
79 3 3909
79 141 3598
79 105 2709
79 59 134
79 50 7563
79 145 2410
79 118 7688
79 93 7257
79 116 1390
79 114 9731
79 85 6168
79 63 4582
79 49 11230
79 123 15517
79 29 8741
79 80 891
79 127 7039
79 0 7885
79 11 1727
79 148 1756
79 96 3163
79 2 4810
79 23 12382
79 74 5574
79 143 9880
79 91 13775
79 35 8440
79 10 2853
79 24 5792
79 1 4772
79 34 10695
80 29 13825
80 69 2981
80 92 8317
80 138 2991
80 48 12506
80 113 13199
80 118 9385
80 98 12239
80 84 122
80 18 3076
80 102 4549
80 139 12534
80 147 14770
80 65 16689
80 143 10046
80 93 5135
80 75 12819
80 17 6290
80 58 12516
80 91 16564
80 12 423
80 47 7498
80 9 5817
80 135 14460
80 68 10811
80 25 2696
80 76 13615
80 88 14711
80 7 6900
80 24 11119
80 66 13540
80 60 16216
80 81 10173
80 64 15223
80 36 12823
81 122 10265
81 134 3585
81 2 11154
81 78 7187
81 94 2583
81 59 3981
81 56 15937
81 37 13365
81 44 3994
81 60 7332
81 23 11788
81 101 14802
81 24 14430
81 77 3025
81 31 3440
81 143 4889
81 66 854
81 116 14831
81 64 1295
81 136 13051
81 111 3445
81 93 5535
81 75 3501
81 20 10895
81 90 1707
81 105 12658
81 46 13472
81 103 11703
81 53 2162
81 70 15396
81 79 4758
81 128 15664
81 125 6138
81 41 3952
81 71 4418
81 42 15573
82 119 12993
82 106 124
82 127 5064
82 18 8120
82 105 11932
82 135 11636
82 93 16472
82 140 1100
82 91 12644
82 124 13054
82 146 10405
82 88 12505
82 40 4549
82 76 506
82 134 9886
82 122 3912
82 86 1597
82 1 3773
82 75 1425
82 6 7330
82 47 1450
82 13 2908
82 80 6246
82 23 14670
82 143 9217
82 117 6247
82 87 122
82 128 12080
82 63 14745
82 149 7888
82 108 8889
83 104 1685
83 130 12686
83 91 13689
83 16 2545
83 58 4763
83 72 11254
83 38 1242
83 82 12258
83 39 5049
83 57 6708
83 41 4958
83 112 13817
83 60 6192
83 106 15555
83 148 5315
83 127 12684
83 59 16713
83 50 15680
83 100 7267
83 29 14370
83 62 16584
83 18 15754
83 110 3916
83 23 15960
83 136 1128
83 101 9105
83 135 9031
83 20 12949
83 19 3648
83 27 3690
83 42 11522
83 52 3725
83 70 2270
83 53 3395
83 139 14803
84 15 11772
84 95 15876
84 24 6407
84 124 6370
84 56 959
84 98 4995
84 27 7397
84 107 9408
84 48 16594
84 121 9196
84 147 8823
84 138 4370
84 10 2108
84 128 10987
84 76 2727
84 38 8079
84 92 300
84 111 6010
84 93 1312
84 31 15745
84 136 13380
84 110 12273
84 112 8614
84 90 16371
84 137 8250
84 4 10268
84 80 8141
84 40 12946
84 3 5610
84 99 13520
84 127 809
84 51 4932
84 119 16217
84 72 1350
84 36 2689
84 61 794
84 70 12762
84 64 11285
84 100 7772
84 114 2514
84 8 4923
84 141 16375
85 38 4285
85 123 3337
85 114 9801
85 0 6945
85 32 1133
85 109 5493
85 50 11741
85 3 14407
85 36 11439
85 64 3725
85 143 3208
85 47 15217
85 83 13903
85 103 7033
85 126 15180
85 139 11994
85 30 16059
85 142 1404
85 104 10159
85 96 8600
85 40 1361
85 128 7789
85 54 14075
85 9 8334
85 41 7964
85 5 4898
85 26 2019
85 120 4968
85 75 9389
85 140 8721
85 14 5842
85 107 14921
85 63 9450
85 118 11171
85 137 10328
85 112 2462
85 51 755
85 11 2136
85 72 13330
85 55 16060
85 4 16287
85 37 1473
85 15 5604
85 21 4700
86 145 8618
86 124 3463
86 3 8814
86 137 9718
86 9 5323
86 92 7353
86 8 13742
86 115 5152
86 4 7626
86 95 6708
86 74 5728
86 111 2663
86 33 16354
86 85 14734
86 103 11847
86 58 10529
86 65 14507
86 13 15470
86 127 10026
86 54 7767
86 14 10106
86 60 13759
86 62 14984
86 93 7667
86 47 8633
86 45 8485
86 41 6006
86 84 10471
86 90 16379
86 34 3785
86 18 5990
86 130 1920
86 105 1822
86 11 14819
86 57 14346
87 39 4766
87 52 3101
87 110 12906
87 68 11119
87 102 8212
87 95 3827
87 91 13848
87 103 2224
87 111 16287
87 38 4070
87 144 14688
87 1 8231
87 97 12642
87 125 6033
87 46 7484
87 118 13760
87 27 2009
87 100 3929
87 13 10331
87 137 3736
87 86 12376
87 67 14017
87 76 2246
87 66 6750
87 33 245
87 9 976
87 124 12974
87 60 8372
87 84 5512
87 139 6973
87 58 13677
87 133 9227
87 107 2635
87 98 9861
87 32 5643
87 56 8991
87 61 10771
87 113 4914
87 7 1207
87 106 16284
87 96 12529
87 14 2285
88 128 15752
88 118 6150
88 84 10503
88 8 11820
88 108 7213
88 11 8788
88 144 14717
88 59 1919
88 68 2903
88 142 15987
88 27 11795
88 145 16298
88 107 2102
88 53 1190
88 62 7351
88 46 3668
88 132 9376
88 86 5520
88 74 3623
88 45 4142
88 29 952
88 124 10781
88 149 183
88 4 6748
88 15 11359
88 129 10729
88 24 10234
88 76 6891
88 104 14289
88 99 8390
88 125 5500
88 17 6056
88 122 3483
88 95 6555
88 119 10224
88 137 1940
88 66 6246
88 35 13091
88 114 12314
88 54 8082
88 117 15983
88 82 1739
88 85 6999
89 71 8360
89 97 10990
89 83 2686
89 134 6143
89 7 6050
89 44 16426
89 130 15551
89 104 11070
89 101 13434
89 46 12803
89 100 14874
89 92 14335
89 29 14539
89 67 9116
89 28 10077
89 126 4381
89 36 4807
89 34 8538
89 96 8411
89 43 4600
89 113 592
89 72 5691
89 136 4937
89 122 6502
89 52 596
89 142 10858
89 57 5058
89 132 6708
89 111 2963
89 12 14505
89 121 14348
89 10 12504
89 87 -9
89 35 10692
89 60 6912
90 72 1563
90 101 15245
90 96 361
90 68 4597
90 149 10142
90 100 16628
90 6 884
90 70 14457
90 49 3807
90 41 4979
90 24 7638
90 43 4343
90 99 1686
90 67 9395
90 60 5421
90 97 5205
90 124 13229
90 28 527
90 107 4180
90 98 12361
90 39 14504
90 8 11401
90 36 9048
90 75 940
90 46 170
90 19 7807
90 116 6074
90 47 3579
90 44 3414
91 101 2486
91 109 9063
91 38 14352
91 123 12947
91 84 1604
91 1 3558
91 52 2711
91 33 8968
91 0 14793
91 86 14609
91 147 9738
91 135 4623
91 107 2397
91 129 1229
91 108 6640
91 3 6783
91 29 9842
91 64 6611
91 56 1840
91 148 8847
91 42 9020
91 115 8930
91 95 1692
91 117 3006
91 66 6047
91 53 5872
91 14 2899
91 41 9842
91 78 3360
91 8 14066
92 73 11235
92 90 9842
92 32 8165
92 24 8023
92 78 2143
92 111 13246
92 42 14743
92 75 2448
92 131 2874
92 8 10990
92 141 13695
92 123 15731
92 71 8006
92 134 7338
92 80 -82
92 100 11659
92 33 13105
92 47 554
92 57 2802
92 79 3516
92 52 -79
92 82 14996
92 149 10957
92 16 6527
92 65 8645
92 22 14609
92 84 670
92 66 6080
92 6 3866
92 28 11824
92 56 14944
92 77 14158
92 94 8050
92 83 4041
92 113 14020
92 85 8994
92 63 10560
92 41 6998
92 74 536
92 14 3198
92 67 5646
92 124 16132
92 30 15955
92 25 11187
92 62 357
93 11 11823
93 25 11428
93 33 11023
93 6 7607
93 13 2116
93 50 3285
93 132 4700
93 137 3091
93 0 3290
93 99 15167
93 65 13769
93 58 2361
93 43 8700
93 103 13899
93 148 7090
93 21 15983
93 115 6262
93 5 7355
93 85 8696
93 67 11990
93 120 -42
93 116 18
93 10 2629
93 17 10264
93 46 16308
93 64 8332
93 105 10730
93 30 5599
93 22 1631
93 52 11993
93 70 9992
93 3 15581
93 36 15520
93 119 10682
93 108 671
93 59 2921
93 53 12631
93 123 5684
93 28 7636
94 74 9923
94 7 150
94 113 9122
94 84 12085
94 136 2398
94 68 13102
94 29 11874
94 116 1670
94 130 12507
94 39 15191
94 12 12250
94 3 8046
94 97 6345
94 73 14621
94 105 5596
94 66 15777
94 27 7800
94 6 1469
94 127 7138
94 40 4548
94 20 4727
94 37 12292
94 24 7595
94 111 4760
94 58 1632
94 31 7245
94 36 8945
94 47 5211
94 0 941
94 55 14422
94 54 128
94 4 12180
94 104 13965
94 45 8196
94 8 3271
94 117 12306
94 138 4382
94 77 8294
95 38 13643
95 55 14807
95 110 8436
95 19 465
95 45 8459
95 39 16249
95 59 15835
95 91 7499
95 60 7446
95 96 5344
95 15 6427
95 52 14798
95 111 2328
95 63 6590
95 137 12064
95 86 13915
95 120 7242
95 54 8146
95 64 12115
95 1 6991
95 66 1359
95 112 13484
95 58 10957
95 0 8866
95 130 5777
95 132 8291
95 116 15766
95 142 714
95 67 16364
95 46 -83
95 125 10079
95 148 11413
95 106 2183
95 117 10118
95 13 12617
95 82 9050
95 68 7592
96 120 16607
96 127 428
96 138 9853
96 14 9259
96 137 4443
96 74 15097
96 141 15064
96 88 10148
96 61 16219
96 124 14838
96 29 -116
96 80 13237
96 103 1627
96 22 4824
96 91 6568
96 70 238
96 30 8519
96 125 6438
96 142 4140
96 56 7147
96 87 10787
96 134 12336
96 42 15762
96 59 9015
96 18 7842
96 63 6966
96 13 9604
96 35 8617
96 55 13423
96 135 3527
96 19 8156
96 54 12115
96 66 970
96 81 6206
96 115 12421
96 140 4737
96 100 12981
96 44 16117
96 45 6755
96 57 13748
96 79 14261
97 53 10925
97 94 15708
97 111 4774
97 146 8569
97 147 4182
97 60 7159
97 126 1436
97 141 1194
97 69 16041
97 88 3519
97 117 9880
97 87 7240
97 144 7067
97 43 6007
97 100 1284
97 129 4615
97 71 8683
97 115 14554
97 148 7287
97 84 8691
97 46 671
97 33 5189
97 86 996
97 13 8811
97 114 10474
97 92 4487
97 101 16231
97 5 3974
97 23 9827
97 125 3567
97 41 12907
97 91 1742
97 118 7995
97 131 10860
97 44 8751
97 110 14124
97 18 7258
97 10 7410
97 96 9081
97 25 7794
97 73 3645
97 26 9132
97 51 16417
97 66 333
97 35 12274
97 9 8031
97 121 10238
98 111 -81
98 105 2947
98 66 12198
98 69 4180
98 83 13602
98 125 10646
98 39 4192
98 55 1459
98 36 7483
98 117 9987
98 54 8615
98 53 571
98 118 5905
98 71 16584
98 141 4597
98 114 4903
98 22 87
98 64 11468
98 115 6528
98 84 11718
98 40 13167
98 97 9248
98 121 13363
98 1 16138
98 20 7295
98 57 13544
98 13 719
98 146 264
98 28 12659
98 143 4855
98 41 12865
98 124 16101
98 96 13560
98 112 15174
99 140 7258
99 142 2108
99 60 11437
99 4 14746
99 88 3919
99 144 14460
99 139 1956
99 17 7357
99 129 16273
99 146 2323
99 2 14864
99 61 15672
99 49 12604
99 92 13488
99 26 3411
99 31 9131
99 0 9183
99 23 9500
99 127 12669
99 5 3602
99 11 2017
99 70 13049
99 147 4299
99 83 14974
99 85 7572
99 100 4538
99 93 11482
99 9 4704
99 104 4817
99 58 4992
99 76 6714
99 35 10085
99 113 12943
99 101 271
99 130 -92
99 66 5115
99 90 16333
99 82 4376
99 40 14202
99 135 16681
99 80 1479
99 59 10498
99 50 5185
99 43 5931
99 47 6068
100 36 11385
100 44 5056
100 49 40
100 89 3448
100 105 14018
100 94 10166
100 68 651
100 60 13260
100 18 490
100 121 13301
100 131 -70
100 127 6449
100 8 7370
100 74 8351
100 70 5704
100 130 14369
100 13 15089
100 37 12297
100 6 8580
100 106 5351
100 56 4610
100 80 2073
100 1 11599
100 3 15226
100 135 11947
100 29 6667
100 33 5791
100 140 5109
100 83 12421
100 111 9368
100 98 764
100 5 4827
100 20 8408
100 0 9966
100 46 441
100 133 11083
100 75 8842
100 11 239
100 42 8018
100 124 -141
100 7 13065
100 117 2032
100 27 13033
100 113 3493
100 107 6504
100 15 10167
101 9 461
101 2 10831
101 19 11360
101 69 16161
101 103 10360
101 135 8976
101 124 10664
101 61 2169
101 54 3331
101 80 10112
101 64 8799
101 27 12167
101 105 778
101 119 16586
101 141 15046
101 134 14860
101 22 4675
101 10 3218
101 92 9390
101 131 8289
101 33 8373
101 79 4509
101 17 16377
101 118 16302
101 45 15565
101 128 3536
101 93 14168
101 84 8721
101 83 7440
101 133 4611
101 149 12230
101 121 4087
101 85 8906
101 122 995
101 51 3328
102 99 825
102 66 13096
102 35 1024
102 121 8231
102 44 10902
102 105 11799
102 68 16108
102 115 14013
102 71 7683
102 81 16216
102 48 4092
102 149 15103
102 62 16285
102 41 9447
102 84 15260
102 55 13276
102 70 12636
102 47 7909
102 74 4382
102 12 5992
102 127 3262
102 87 14319
102 8 4474
102 118 12272
102 13 14457
102 95 14456
102 108 9530
102 33 14881
102 59 11267
102 10 7511
103 49 16460
103 31 4117
103 14 15144
103 64 12828
103 81 15638
103 15 8521
103 101 13077
103 2 2425
103 58 12706
103 113 2477
103 132 605
103 24 8283
103 78 3442
103 28 6297
103 114 6035
103 79 3549
103 30 3346
103 10 2649
103 55 818
103 136 14875
103 74 13360
103 99 11248
103 147 15941
103 102 2189
103 4 6406
103 8 12359
103 107 15058
103 36 14376
103 68 7638
103 138 16038
103 25 16119
103 76 8306
103 104 12266
103 7 9372
103 148 7458
103 20 6186
103 27 6531
104 129 2399
104 89 15696
104 73 4881
104 95 15085
104 31 2138
104 14 10960
104 123 6125
104 34 5800
104 122 40
104 91 16468
104 20 15139
104 12 1794
104 24 12209
104 50 7973
104 130 878
104 2 7233
104 116 1112
104 33 9816
104 107 1579
104 48 7227
104 10 4781
104 77 10814
104 124 3326
104 100 10100
104 54 2739
104 143 16165
104 86 1145
104 9 8498
104 64 1876
104 71 14823
104 62 9016
104 128 16541
104 149 12143
104 49 2551
104 125 12622
104 6 113
104 120 5680
104 114 2030
104 32 8780
104 69 9336
104 45 11984
104 113 7768
104 82 204
104 43 8967
105 18 10765
105 102 11565
105 132 13040
105 112 47
105 54 2041
105 128 4454
105 36 7533
105 104 1087
105 88 15599
105 13 6585
105 35 5672
105 123 15327
105 83 15455
105 33 15643
105 39 7683
105 142 10799
105 91 713
105 51 1010
105 148 9811
105 70 2947
105 37 3623
105 32 13046
105 103 12677
105 110 13732
105 116 16113
105 106 6488
105 5 5623
105 131 8561
105 0 2857
105 53 1219
105 109 11701
105 124 9823
105 78 11743
105 96 2872
105 34 1523
105 85 13424
105 14 2045
105 30 3112
105 4 13076
105 119 10394
106 29 5497
106 128 11962
106 1 15724
106 81 6443
106 112 10453
106 135 3469
106 52 1982
106 15 14561
106 121 719
106 108 13480
106 58 13222
106 103 106
106 14 1027
106 140 15818
106 114 11675
106 97 2668
106 24 14972
106 75 13444
106 116 7303
106 26 12060
106 85 1039
106 56 10599
106 60 11014
106 107 2307
106 119 16351
106 66 10076
106 145 10467
106 76 8059
106 11 13292
106 94 1988
106 89 3990
106 93 3926
107 16 9503
107 63 14898
107 134 9602
107 84 14791
107 86 14529
107 123 294
107 149 13375
107 85 8947
107 19 4682
107 39 6090
107 62 11649
107 101 13821
107 14 13991
107 47 14931
107 114 16019
107 91 2010
107 90 13266
107 75 6393
107 67 4984
107 142 9250
107 94 6968
107 140 2562
107 121 8847
107 145 3852
107 138 8882
107 48 8868
107 55 4585
107 0 8769
107 115 14126
107 87 14684
107 125 10794
107 61 16477
107 15 7562
107 77 12485
107 51 9361
107 78 14302
107 44 14935
107 68 10704
107 136 16462
107 108 7060
107 5 3005
107 17 12985
107 113 13867
108 11 2736
108 112 14849
108 22 13109
108 93 8789
108 149 8943
108 7 8794
108 92 9557
108 118 14222
108 103 4574
108 114 3903
108 52 9023
108 138 8601
108 46 14093
108 113 14125
108 34 9604
108 58 1135
108 126 13291
108 18 14895
108 51 11017
108 139 313
108 28 14487
108 121 937
108 59 9492
108 147 14788
108 133 14378
108 82 9750
108 65 16496
108 6 1111
108 68 10144
108 102 15689
108 134 13980
108 24 13684
108 64 6907
108 20 10054
108 146 12729
108 83 12330
108 29 9204
108 69 8771
108 30 511
108 66 14141
108 4 4013
108 48 -94
108 88 12134
108 76 8829
108 12 928
108 26 15474
109 147 14291
109 106 845
109 61 2187
109 21 12575
109 27 15167
109 11 13645
109 86 14825
109 45 8353
109 98 2571
109 55 556
109 1 -121
109 9 12020
109 77 13731
109 0 12680
109 125 7927
109 19 8443
109 42 5125
109 57 2739
109 129 14454
109 149 4307
109 136 6811
109 2 4851
109 94 8864
109 22 15932
109 54 14541
109 35 16234
109 72 10329
109 39 2704
109 17 11175
109 26 6240
109 124 14212
109 56 6210
109 138 4567
109 90 10776
109 148 7830
109 43 12231
109 38 1059
109 114 6468
109 79 15515
109 132 1047
109 12 13433
109 141 3978
109 102 2179
109 105 8734
109 104 1694
110 132 1004
110 64 8127
110 38 12264
110 149 11900
110 31 13554
110 9 1706
110 34 9620
110 117 13095
110 84 14705
110 49 10294
110 67 -113
110 70 819
110 113 13109
110 118 10145
110 106 15302
110 116 360
110 43 14749
110 86 9091
110 107 2596
110 119 10281
110 102 14365
110 62 1269
110 128 737
110 69 3944
110 11 1956
110 108 2367
110 137 788
110 109 8048
110 101 9125
110 5 2450
110 50 12435
110 54 11354
110 135 8543
110 60 8021
110 25 14409
110 75 16424
110 20 13083
110 122 5093
110 63 3565
111 115 13484
111 63 11383
111 71 12510
111 117 5423
111 79 10237
111 149 1355
111 47 3409
111 131 3992
111 135 11174
111 36 13331
111 31 2658
111 60 14791
111 9 10849
111 124 8317
111 19 5435
111 61 11559
111 114 12623
111 54 14015
111 29 10451
111 107 14388
111 87 7516
111 148 15581
111 96 4141
111 128 4105
111 39 11313
111 14 11931
111 130 4872
111 129 6790
111 34 6440
111 13 12803
111 126 13959
111 104 7438
111 65 14003
111 147 9885
111 46 10203
111 141 14591
111 78 2899
111 134 16691
112 85 13724
112 35 126
112 96 5654
112 75 902
112 46 657
112 17 171
112 123 3821
112 114 501
112 126 10235
112 102 15964
112 60 1468
112 50 15650
112 12 15480
112 18 13309
112 99 15748
112 56 1189
112 100 9077
112 70 6984
112 93 13122
112 68 683
112 88 3965
112 19 12343
112 82 1728
112 66 13130
112 21 16433
112 137 6207
112 128 4975
112 84 6879
112 120 3612
112 26 1964
112 71 8330
112 47 5810
112 121 16276
112 140 8847
113 97 9824
113 53 2653
113 7 640
113 11 2597
113 78 4577
113 149 216
113 144 12913
113 139 3072
113 106 3867
113 58 5971
113 114 6359
113 19 14795
113 28 8835
113 93 13947
113 70 5640
113 71 12826
113 41 2672
113 104 14103
113 62 9058
113 98 13676
113 63 9258
113 38 2664
113 121 9621
113 60 16347
113 25 6039
113 61 10770
113 57 10620
113 8 -140
113 86 16310
113 24 9207
113 49 13393
113 59 13196
113 137 244
113 146 1762
113 6 11481
113 105 3917
114 35 16361
114 77 8642
114 98 6351
114 68 16515
114 2 7159
114 120 2814
114 94 838
114 131 2758
114 60 8342
114 80 2487
114 52 -73
114 29 2807
114 103 8174
114 87 7366
114 107 4805
114 21 14
114 81 1666
114 36 584
114 79 11249
114 45 12015
114 48 11237
114 7 14427
114 92 9411
114 31 13854
114 46 6559
114 76 3405
114 1 15931
114 118 9909
114 50 11307
114 127 7033
114 39 14889
114 78 13830
114 104 3941
114 142 4053
114 47 3361
114 18 13577
114 144 9159
114 62 3855
114 11 7004
114 128 14478
114 102 7411
115 36 4395
115 69 2985
115 68 978
115 43 9075
115 54 15164
115 28 1507
115 10 13123
115 29 8990
115 110 6417
115 103 14601
115 119 9944
115 77 7381
115 129 6197
115 106 9300
115 27 6929
115 144 3271
115 72 8358
115 31 3885
115 127 7816
115 89 13393
115 12 3694
115 5 10444
115 146 12721
115 23 2208
115 105 369
115 18 11469
115 91 2429
115 49 1958
115 4 8752
115 118 10018
115 140 7074
115 134 2096
115 6 6827
115 147 10925
115 139 16149
115 128 11440
115 107 13447
115 122 7649
115 96 10961
115 101 12118
115 124 11024
116 94 9664
116 109 11402
116 53 3515
116 63 16457
116 133 6794
116 26 8138
116 0 9364
116 143 2970
116 65 1178
116 95 8870
116 92 12984
116 54 16170
116 24 3504
116 73 6586
116 123 11986
116 148 6676
116 139 12151
116 39 15195
116 81 5946
116 15 9605
116 91 217
116 62 4624
116 9 5905
116 87 12012
116 84 4141
116 75 2279
116 86 740
116 42 3561
116 124 1297
116 130 14878
116 59 786
116 49 5715
116 22 632
116 17 16487
116 32 6663
116 7 11072
116 125 7109
116 44 3731
116 57 7052
116 90 12615
116 108 11234
116 70 645
116 1 11295
116 68 16414
116 3 5795
116 51 7974
116 146 14392
117 69 14366
117 41 10807
117 80 4987
117 87 1098
117 20 7796
117 51 11304
117 86 6572
117 53 15999
117 84 11811
117 110 13598
117 89 9614
117 56 10378
117 9 5219
117 99 9589
117 76 9898
117 66 12868
117 71 710
117 37 15015
117 120 13801
117 68 5860
117 60 6258
117 29 1906
117 16 8973
117 143 944
117 77 4351
117 8 2352
117 26 543
117 21 12978
117 70 8334
117 28 7036
117 45 8191
117 24 8512
117 112 14976
117 6 10536
117 43 16367
117 144 1152
117 17 13399
117 123 7606
117 72 10086
117 108 1098
117 93 12221
117 105 3385
117 3 14705
118 76 -48
118 47 7607
118 57 7965
118 119 7813
118 95 14395
118 96 16590
118 146 973
118 65 1892
118 141 11497
118 94 10222
118 147 8696
118 21 14924
118 126 5333
118 108 818
118 60 1099
118 135 12185
118 80 14338
118 0 14144
118 107 6459
118 99 10071
118 137 12695
118 104 2026
118 88 10097
118 18 4939
118 110 -120
118 100 5483
118 1 11329
118 77 4851
118 5 3898
118 125 10942
118 29 4922
118 72 2857
119 57 1043
119 112 5221
119 127 15067
119 42 13654
119 148 16174
119 31 14077
119 62 10133
119 60 4666
119 7 6673
119 28 14531
119 139 7862
119 10 15617
119 68 2594
119 144 235
119 8 6872
119 117 7653
119 12 8637
119 101 15189
119 118 13614
119 76 3869
119 98 1255
119 15 10118
119 143 4712
119 71 3746
119 54 2416
119 85 15355
119 67 15750
119 94 5819
119 49 13590
119 55 5634
119 110 10598
119 130 13676
119 149 5828
120 111 11725
120 17 7618
120 122 1697
120 144 5230
120 10 6874
120 25 3810
120 128 10557
120 99 -123
120 83 12942
120 8 16100
120 149 6388
120 86 7641
120 16 8737
120 60 3100
120 12 14098
120 6 10503
120 118 11913
120 68 6596
120 73 14126
120 77 13091
120 134 4930
120 107 15461
120 110 4109
120 148 9159
120 116 4489
120 129 7591
120 56 4188
120 131 7494
120 51 14823
120 71 519
120 135 13472
120 65 3713
120 3 14149
120 55 12295
120 124 11674
120 85 1040
120 18 9190
120 97 11240
120 29 -36
120 91 4066
121 9 2098
121 93 1759
121 32 4232
121 17 5975
121 54 11811
121 12 9775
121 100 7599
121 47 8265
121 113 4165
121 91 2943
121 15 -49
121 2 927
121 23 16116
121 94 15337
121 31 9773
121 86 11787
121 126 4346
121 75 8629
121 67 10163
121 140 3086
121 124 8829
121 129 2996
121 27 16283
121 87 11588
121 105 8822
121 42 8881
121 76 10604
121 144 14675
121 147 9290
121 123 15279
121 59 764
121 138 8117
121 16 353
121 149 8522
121 13 13722
121 135 11748
121 108 4833
121 99 10523
121 137 2349
122 9 12817
122 37 1441
122 123 13934
122 134 4742
122 59 6615
122 31 5518
122 10 9862
122 40 536
122 38 4043
122 67 8161
122 91 5823
122 26 14530
122 25 636
122 141 174
122 61 13338
122 1 9473
122 71 6327
122 28 9209
122 133 10169
122 12 6894
122 121 12807
122 62 16332
122 75 14136
122 68 12821
122 86 10680
122 45 206
122 129 -108
122 137 9213
122 63 10992
122 95 15047
122 18 7901
122 64 9874
122 85 913
122 92 612
122 143 15804
122 76 14398
122 7 15550
122 84 10561
122 36 641
122 142 2499
122 107 11668
122 54 10597
123 36 10793
123 31 14029
123 95 13910
123 8 32
123 76 11667
123 100 5003
123 108 6444
123 35 2063
123 72 16058
123 147 15873
123 24 10075
123 128 924
123 10 5151
123 102 5320
123 63 7826
123 86 4373
123 11 11794
123 45 2306
123 112 10535
123 12 12504
123 136 4234
123 120 4297
123 114 5218
123 34 9642
123 122 12846
123 67 9491
123 105 347
123 104 10639
123 94 9377
123 111 8797
123 90 6664
123 20 5017
123 131 6829
123 137 16137
123 52 5263
123 2 12738
123 110 531
123 49 10667
123 37 16735
123 79 5924
123 140 2133
124 22 11999
124 37 10728
124 91 10245
124 106 75
124 84 2210
124 55 11543
124 30 234
124 2 9348
124 122 12562
124 92 12711
124 58 8115
124 97 16410
124 105 10717
124 145 12788
124 57 13139
124 98 678
124 127 6719
124 88 8145
124 19 9822
124 3 16616
124 15 6299
124 118 3903
124 53 351
124 85 16003
124 130 3441
124 34 10153
124 31 6964
124 120 2727
124 136 5961
124 14 1011
124 25 1950
124 93 15139
124 87 3239
124 24 12406
124 77 -138
124 101 12383
124 49 9680
124 74 12940
124 149 12531
124 61 2430
124 110 16207
124 117 6092
124 94 7339
124 114 10905
124 29 14360
124 134 6672
124 78 8377
124 40 16234
124 123 6405
124 82 15984
124 32 7435
124 90 7064
124 115 16119
124 142 975
124 43 1551
124 128 6791
124 112 16413
124 107 14961
124 144 5349
125 139 3483
125 35 15691
125 145 9676
125 75 5396
125 32 15114
125 92 16656
125 18 -36
125 59 15181
125 100 7409
125 136 3765
125 82 10018
125 85 3753
125 81 14038
125 64 13747
125 44 2379
125 68 7732
125 39 4164
125 107 841
125 148 10293
125 54 1916
125 104 6638
125 56 11355
125 87 10504
125 63 1133
125 20 12814
125 78 9680
125 84 6705
125 111 7694
125 128 15190
125 120 8335
125 51 15071
125 109 11406
125 10 3634
125 60 4910
125 140 10242
125 9 1791
125 119 572
125 19 1768
125 47 10218
125 70 16639
125 130 9548
126 144 11441
126 59 5032
126 50 7487
126 11 3402
126 53 8208
126 94 1524
126 89 11665
126 97 650
126 85 9569
126 110 8342
126 133 11168
126 115 3973
126 20 2149
126 86 1060
126 46 11016
126 125 11870
126 103 15353
126 109 197
126 33 9396
126 25 7424
126 88 608
126 51 8841
126 26 9986
126 129 1477
126 54 6287
126 131 12355
126 43 14880
126 119 7045
126 79 12792
126 56 844
126 81 8649
126 134 11010
126 77 16437
126 29 4935
127 50 307
127 21 11775
127 136 1149
127 119 289
127 141 5920
127 6 14133
127 140 5402
127 36 1966
127 55 1906
127 34 15053
127 10 7324
127 114 409
127 46 6046
127 43 4505
127 133 16324
127 63 10389
127 139 16213
127 115 10827
127 1 5331
127 38 152
127 128 -96
127 61 11102
127 76 93
127 92 7830
127 57 16063
127 48 4411
127 62 7574
127 12 4400
127 142 2001
127 146 14309
127 113 6806
128 102 1957
128 72 15839
128 127 11523
128 34 7068
128 133 2807
128 71 3129
128 85 12660
128 149 5634
128 110 626
128 41 14932
128 137 15158
128 36 7059
128 92 6141
128 30 6815
128 16 5496
128 89 10614
128 39 5740
128 116 708
128 140 15053
128 14 11592
128 106 12360
128 67 60
128 108 8586
128 90 5157
128 9 2574
128 93 711
128 17 12933
128 142 13506
128 138 5751
128 33 3869
128 105 10449
128 117 10965
128 37 6086
128 59 6087
128 94 6340
129 19 16097
129 81 13664
129 99 15869
129 27 16674
129 104 14205
129 17 5464
129 138 8745
129 106 3034
129 58 16547
129 132 11663
129 145 920
129 140 9008
129 16 2959
129 100 15283
129 28 4277
129 21 12009
129 87 10863
129 109 11777
129 89 12918
129 0 4598
129 23 11569
129 70 7660
129 147 11314
129 117 13943
129 53 10743
129 133 7585
129 77 16674
129 30 9235
129 107 8553
129 24 852
129 94 2445
129 62 9174
129 43 12965
129 14 10546
130 146 11385
130 148 309
130 112 13774
130 25 15817
130 0 760
130 143 4843
130 9 6267
130 63 13153
130 12 14924
130 6 5381
130 144 2424
130 134 5313
130 140 13758
130 59 5149
130 35 5159
130 149 16442
130 58 5338
130 69 1701
130 147 5513
130 47 10690
130 119 10213
130 121 12995
130 107 3427
130 64 14182
130 31 12330
130 133 14181
130 102 13767
130 72 16492
130 1 8129
130 18 13240
130 139 14160
130 49 10213
130 73 3723
130 125 14204
130 3 10105
130 104 13262
130 98 963
130 8 5641
130 48 15979
130 67 12851
130 17 3409
130 93 15929
130 71 16235
130 30 4012
130 106 9923
131 57 14332
131 80 4973
131 61 10703
131 111 489
131 136 2589
131 64 9102
131 146 267
131 126 9916
131 76 -99
131 51 16374
131 35 15951
131 81 13720
131 9 16396
131 10 7482
131 11 12526
131 12 4193
131 28 13633
131 8 11932
131 134 2738
131 93 14297
131 120 10300
131 91 9213
131 2 8909
131 110 9077
131 98 7687
131 72 10021
131 70 5034
131 79 15165
131 6 905
131 96 1663
131 133 8969
131 3 2900
131 115 4141
131 26 5258
131 116 9244
131 58 14674
131 23 305
132 127 12696
132 17 15363
132 122 1801
132 54 14971
132 43 6567
132 20 1843
132 61 9634
132 137 6861
132 47 9991
132 42 10937
132 60 5559
132 64 5660
132 101 3429
132 110 12109
132 19 6714
132 9 5944
132 23 5224
132 5 3780
132 105 11369
132 88 383
132 6 -103
132 89 16740
132 26 14674
132 76 284
132 147 2966
132 102 9907
132 21 8344
132 56 7924
132 3 12947
132 118 16656
132 72 13498
132 12 6344
132 103 14447
133 115 3391
133 34 1639
133 61 16278
133 96 7946
133 70 3396
133 131 12689
133 148 1145
133 23 12806
133 126 5178
133 149 8525
133 92 3460
133 27 5627
133 83 5354
133 88 13557
133 11 13304
133 80 9840
133 12 1126
133 15 9198
133 108 11782
133 105 13792
133 31 10712
133 138 15029
133 77 123
133 124 12512
133 119 8321
133 79 3990
133 116 1453
133 78 10795
133 26 12631
133 71 3893
133 95 7133
133 86 13367
133 53 2741
133 25 6203
133 66 13291
133 109 12814
133 48 16485
134 109 7142
134 7 10238
134 87 343
134 148 10670
134 77 6170
134 122 7272
134 26 5598
134 82 12012
134 56 7689
134 63 13095
134 8 2666
134 81 7299
134 36 13213
134 89 1987
134 27 6823
134 80 12739
134 128 3985
134 127 1927
134 71 2485
134 37 5101
134 101 11264
134 52 11585
134 95 2523
134 138 4953
134 124 2498
134 145 11237
134 69 255
134 22 12862
134 3 12977
134 32 1615
135 117 10877
135 31 11490
135 7 -134
135 77 6977
135 75 3297
135 12 1230
135 81 11389
135 149 13364
135 22 12964
135 51 13057
135 139 11429
135 108 13570
135 107 1638
135 125 2756
135 9 14590
135 32 15249
135 18 460
135 92 6687
135 137 2816
135 143 6081
135 85 13641
135 91 8214
135 82 3340
135 103 10529
135 69 7752
135 48 12492
135 39 6505
135 101 4080
135 130 12659
135 28 8885
135 74 346
135 133 8372
135 79 353
136 128 7570
136 125 2619
136 50 1805
136 74 4026
136 148 6966
136 113 13566
136 127 2672
136 15 15593
136 119 11781
136 4 11399
136 135 6047
136 107 9951
136 75 3753
136 17 2129
136 115 1331
136 49 5936
136 146 5969
136 126 8419
136 99 11164
136 28 7606
136 88 879
136 81 960
136 137 16316
136 78 9823
136 114 1849
136 145 2725
136 73 4025
136 86 14032
136 123 206
136 147 14410
136 48 13522
136 84 15941
136 106 5708
136 139 15461
136 9 6618
136 89 16640
136 3 7183
137 68 11014
137 52 2684
137 84 6604
137 58 7829
137 76 15804
137 70 14820
137 143 4593
137 113 2274
137 45 16450
137 127 11697
137 39 4373
137 31 1526
137 99 2876
137 81 13934
137 111 4049
137 63 4298
137 91 4470
137 14 8107
137 129 3493
137 48 13153
137 71 15048
137 117 4702
137 82 12440
137 61 7762
137 101 15394
137 80 6029
137 142 14220
137 121 10788
137 47 7979
137 25 9422
137 57 11286
137 55 8430
137 133 1515
137 9 5452
137 38 10885
138 45 11592
138 131 15393
138 130 6484
138 51 11576
138 71 14019
138 123 1820
138 2 8634
138 78 9492
138 63 8052
138 19 10813
138 23 14098
138 102 7722
138 32 5286
138 125 11192
138 92 2639
138 64 14704
138 119 10957
138 5 3969
138 127 4534
138 66 9767
138 8 13857
138 35 16132
138 46 4755
138 50 13572
138 77 5449
138 135 14412
138 83 1322
138 18 35
138 4 11003
138 30 11525
138 141 11379
138 86 15516
139 14 4794
139 142 16427
139 17 11152
139 87 14666
139 63 1145
139 129 1791
139 89 13876
139 75 1480
139 60 11579
139 65 7069
139 36 12220
139 52 6986
139 15 9827
139 58 3924
139 40 6948
139 73 8522
139 5 9209
139 138 3672
139 117 2677
139 6 4698
139 100 11758
139 61 7837
139 90 9853
139 41 14061
139 86 6300
139 97 11585
139 27 10351
139 134 5013
139 26 14453
139 133 7334
139 59 13595
139 35 4182
139 29 12393
139 85 3645
139 25 10356
139 44 2706
139 24 11908
139 99 5987
139 81 6975
139 141 5434
139 66 -3
139 120 4844
139 107 9879
140 45 15741
140 13 8225
140 61 10361
140 12 12372
140 111 14434
140 90 11593
140 128 6025
140 56 10423
140 3 5759
140 125 15050
140 117 4937
140 108 12344
140 73 13405
140 114 3747
140 82 15653
140 31 9969
140 133 10168
140 7 10090
140 43 11909
140 144 787
140 109 10384
140 136 5025
140 72 6200
140 115 10109
140 135 11967
140 14 5906
140 80 5445
140 39 3854
140 11 7638
140 95 13636
140 149 2276
140 15 5590
140 5 15148
140 10 3607
140 134 10743
140 84 1258
140 88 2609
140 47 1205
140 35 16687
141 65 11188
141 22 471
141 21 16637
141 108 5659
141 19 15979
141 4 6689
141 80 15992
141 101 7730
141 68 10641
141 33 5465
141 124 9498
141 144 16535
141 37 11041
141 73 14110
141 51 11202
141 129 13007
141 118 503
141 133 10676
141 131 14204
141 119 14647
141 116 16715
141 67 5963
141 148 12641
141 38 8755
141 62 16394
141 149 6946
141 14 14944
141 58 15257
141 146 8523
141 35 9292
141 32 3924
141 36 7959
141 24 1876
142 12 8119
142 149 1578
142 72 1526
142 60 189
142 115 3379
142 42 6781
142 97 15824
142 25 1961
142 136 8457
142 1 2463
142 49 2120
142 7 642
142 70 8145
142 36 2275
142 96 16080
142 116 9813
142 14 7191
142 38 14548
142 68 5230
142 73 332
142 76 5242
142 99 9390
143 21 16362
143 28 5222
143 62 -40
143 16 6378
143 108 14500
143 140 8542
143 26 10167
143 18 3968
143 100 8509
143 111 2578
143 112 12900
143 98 11704
143 97 7253
143 41 6703
143 39 6386
143 144 14741
143 146 3084
143 2 14680
143 68 8656
143 65 15795
143 137 9918
143 96 13565
143 77 4413
143 141 5949
143 50 12110
143 118 12501
143 116 13800
143 40 16086
143 120 8921
143 87 7328
143 138 12894
143 127 16263
143 136 166
143 93 16468
143 81 1123
143 5 7221
143 129 15508
143 82 982
143 45 9740
143 104 1630
143 9 4531
143 33 3449
143 70 15795
143 114 7482
143 53 8368
144 77 8445
144 35 2107
144 92 9691
144 113 9236
144 95 6183
144 43 3793
144 80 3326
144 14 14803
144 118 15472
144 57 8753
144 28 2682
144 70 4868
144 8 5090
144 44 2264
144 21 13646
144 34 4888
144 39 4813
144 2 2041
144 54 4392
144 109 16237
144 20 444
144 106 12538
144 119 13
144 29 2475
144 140 14421
144 63 14621
144 84 2411
144 81 289
144 52 5302
144 93 10690
144 31 1636
144 68 10694
144 112 14142
144 122 1224
144 73 1664
144 91 11912
145 48 6738
145 6 4296
145 88 13363
145 130 16186
145 94 3049
145 90 11108
145 99 14683
145 56 16386
145 126 16192
145 115 5584
145 116 8760
145 59 502
145 68 4631
145 120 8427
145 3 5938
145 73 14067
145 11 13643
145 91 9024
145 147 4071
145 117 8135
145 129 14293
145 32 1032
145 89 3829
145 111 6882
145 143 1409
145 95 14626
145 0 9231
145 14 5035
145 12 5530
145 43 2241
145 23 3196
145 76 4073
145 62 10259
145 45 9756
145 122 4164
145 25 7396
145 83 15156
145 34 3869
145 98 409
145 101 2110
146 7 6963
146 83 3558
146 132 3423
146 85 8511
146 144 16000
146 34 15951
146 28 7814
146 101 14580
146 133 7793
146 27 6076
146 25 1923
146 64 1553
146 135 16130
146 120 3482
146 71 1772
146 60 294
146 32 15604
146 6 16696
146 91 2100
146 104 15054
146 50 12579
146 86 16057
146 54 8439
146 89 12691
146 23 9686
146 1 12016
146 16 16083
146 15 1098
146 97 15570
146 124 13382
146 13 12307
146 65 8756
146 66 2988
146 119 6158
146 78 5454
147 27 6732
147 59 7191
147 88 8885
147 134 16086
147 41 14460
147 128 14755
147 123 12186
147 141 2562
147 113 10529
147 53 14329
147 28 5510
147 109 8742
147 4 5339
147 144 9218
147 82 6097
147 103 7177
147 54 10532
147 148 16021
147 107 12649
147 45 6168
147 43 11259
147 132 1565
147 140 4371
147 120 14075
147 69 15095
147 125 9201
147 23 13959
147 50 8322
147 93 8021
147 124 3297
147 55 15360
147 72 6241
147 66 2893
147 47 14428
147 17 15179
147 6 16540
147 10 14686
148 44 15008
148 25 4380
148 137 2948
148 83 6695
148 118 12957
148 9 14885
148 97 16005
148 61 9726
148 104 1595
148 149 5320
148 101 4467
148 28 5188
148 1 1616
148 129 8273
148 114 11731
148 46 8498
148 35 7921
148 40 1877
148 108 4817
148 76 15953
148 53 8517
148 127 13968
148 94 11157
148 17 7869
148 36 4672
148 135 128
148 57 8133
148 3 11916
148 138 8788
148 86 15250
148 120 16056
148 142 2024
148 14 12306
148 50 102
148 12 5684
149 24 7982
149 47 7583
149 130 7030
149 44 6695
149 21 7665
149 25 683
149 116 2252
149 110 -67
149 90 8842
149 23 9084
149 53 12521
149 143 5357
149 56 13072
149 134 16211
149 128 11490
149 109 11952
149 73 11166
149 111 6296
149 59 5076
149 33 11592
149 61 6894
149 96 5109
149 112 1026
149 98 15084
149 64 14893
149 26 15336
149 1 10286
149 95 5423
149 32 8624
149 97 15256
149 118 4703
149 67 2011
149 129 11686
149 8 4094
149 58 1433
149 3 5983
149 101 3453
149 34 16197
149 49 12713
149 107 11125
70
