50 612
0 43 929
0 42 450
0 14 509
0 9 1606
0 28 524
0 27 1519
0 31 234
0 11 1233
0 45 1667
0 32 675
0 18 392
0 30 321
0 24 241
0 21 142
0 40 442
1 30 1171
1 21 1526
1 46 573
1 5 1716
1 27 -48
1 31 1243
1 28 641
1 32 320
1 45 1272
1 14 686
1 24 709
2 35 1636
2 41 116
2 12 1579
2 1 232
2 32 865
2 39 1487
2 31 496
2 45 752
2 33 1199
2 25 489
2 24 1043
2 37 1166
2 46 1662
2 47 88
2 42 1222
3 48 348
3 33 62
3 10 1142
3 20 769
3 7 539
3 30 1501
3 28 904
3 25 1547
3 43 207
3 44 1418
3 40 687
3 39 1687
3 38 1142
3 17 1238
3 36 1297
4 26 512
4 21 1576
4 43 83
4 39 724
4 42 -8
4 2 1567
4 6 1205
4 8 1230
4 12 1447
4 0 1236
4 16 1026
4 37 1507
4 33 1213
4 35 1197
4 11 624
5 12 95
5 2 1015
5 25 360
5 48 1643
5 26 23
5 30 661
5 23 1351
5 33 1520
5 10 1534
5 41 1025
5 37 1405
5 20 720
5 38 641
5 19 1679
6 26 1336
6 24 483
6 4 863
6 45 78
6 46 973
6 18 906
6 28 233
6 15 1710
6 41 -21
7 11 543
7 41 483
7 1 525
7 20 1408
7 25 475
7 23 924
7 29 1065
7 48 29
7 5 1659
8 23 954
8 16 1279
8 24 1160
8 22 1705
8 18 609
8 14 896
8 42 1810
8 19 1493
8 32 840
8 26 1320
8 43 769
9 6 1393
9 25 160
9 40 1802
9 41 330
9 47 1830
9 21 1703
9 2 1525
9 12 712
9 0 1787
9 3 166
9 31 967
10 49 837
10 29 662
10 41 174
10 17 1683
10 34 808
10 36 1015
10 26 953
10 28 1530
10 9 1810
10 47 295
10 1 1512
10 15 -17
10 18 1295
11 45 1374
11 5 999
11 40 948
11 1 306
11 29 262
11 10 1624
11 16 1203
12 37 547
12 42 1702
12 34 952
12 20 447
12 0 415
12 25 575
12 8 1634
12 49 1754
12 35 1206
12 30 1566
12 14 1504
12 48 561
12 31 185
12 33 273
12 17 475
13 43 301
13 6 407
13 38 9
13 31 -32
13 27 1437
13 29 1283
13 24 1141
13 23 1645
13 39 1035
13 47 173
13 36 1433
13 5 720
13 33 1445
14 44 1062
14 1 390
14 10 1035
14 11 304
14 9 769
14 7 621
14 3 1615
14 13 134
14 23 1490
14 15 1466
14 30 1189
14 21 1107
14 34 869
15 18 1652
15 6 629
15 49 1167
15 23 1547
15 2 632
15 30 1479
15 17 1623
15 10 1409
15 13 1314
16 35 1057
16 34 829
16 9 929
16 41 1476
16 26 441
16 23 1594
16 32 1596
16 27 1300
16 1 1498
16 12 1356
16 5 671
16 13 740
16 42 262
16 33 1624
16 8 1133
17 15 638
17 7 -13
17 48 503
17 4 240
17 20 169
17 26 757
17 44 1450
17 46 1272
17 36 381
17 47 397
17 5 695
17 14 566
17 28 1118
18 5 1413
18 10 65
18 12 1162
18 6 1084
18 31 306
18 2 614
18 3 1145
18 17 306
18 35 399
18 21 135
18 49 1244
18 15 909
18 29 660
19 4 601
19 18 1551
19 2 1034
19 36 1471
19 9 1609
19 10 1709
19 23 1118
19 44 187
19 32 469
19 21 1660
19 30 1294
19 35 956
19 20 382
19 0 21
19 5 1791
19 25 279
19 7 70
19 14 201
20 38 131
20 18 875
20 33 1045
20 9 749
20 28 1180
20 48 741
20 23 1749
21 4 14
21 0 934
21 43 50
21 48 90
21 24 1402
21 14 809
21 16 342
21 38 267
22 8 1703
22 5 656
22 23 1189
22 30 452
22 32 1667
22 38 1357
22 1 1304
22 29 134
22 15 1664
22 12 526
22 20 1121
22 47 -10
22 40 1114
22 2 54
23 47 914
23 39 1072
23 7 913
23 10 96
23 31 1057
23 43 858
23 8 1242
23 18 24
23 20 26
23 5 1599
23 15 1329
23 32 1678
24 1 419
24 47 1612
24 37 486
24 16 1378
24 48 1265
24 40 954
24 11 1575
24 33 1748
24 7 -42
24 5 1446
24 18 927
24 19 409
24 42 1533
24 27 348
24 32 704
24 17 1774
25 2 29
25 24 151
25 41 510
25 28 1315
25 27 1531
25 38 642
25 36 1225
25 39 1808
25 46 518
25 45 49
25 37 391
25 22 1191
25 12 1197
25 13 1199
25 8 65
26 46 1312
26 36 274
26 30 1150
26 1 466
26 17 696
26 44 1579
26 24 1828
26 48 67
26 9 1261
26 27 564
26 16 201
26 37 1805
26 0 1310
26 25 1146
26 29 206
26 33 223
27 34 913
27 20 462
27 0 258
27 38 517
27 17 115
27 5 1590
27 47 341
27 23 1327
27 21 1504
27 24 57
27 28 818
27 29 1690
27 37 1043
27 48 664
27 16 1262
28 35 1400
28 24 1798
28 12 1507
28 21 587
28 20 1462
28 16 142
28 45 -45
28 4 1830
28 43 216
28 36 1037
28 13 1000
28 18 107
29 26 38
29 10 286
29 22 464
29 24 -46
29 28 1625
29 35 1693
29 7 1602
29 48 237
29 36 733
29 4 1049
30 7 -38
30 22 543
30 16 823
30 28 1339
30 17 1371
30 44 1296
30 38 53
30 8 964
30 48 1004
30 18 1072
30 31 92
30 47 1601
30 45 1630
31 5 848
31 1 1713
31 4 87
31 15 1785
31 17 1088
31 42 1714
31 24 210
31 16 1559
32 45 815
32 41 266
32 35 71
32 30 961
32 36 1627
33 37 1262
33 6 173
33 31 284
33 12 867
33 49 1187
33 15 1227
33 4 1753
33 39 1164
33 32 593
33 41 1003
33 11 210
33 8 1646
33 10 780
33 9 685
33 17 -46
34 33 5
34 47 1749
34 6 389
34 48 1051
34 7 1190
34 26 943
34 13 1342
34 45 788
34 29 50
34 4 1053
34 28 135
34 11 1606
34 41 1757
34 36 388
34 24 1004
34 12 259
34 39 97
34 30 856
35 49 965
35 14 781
35 3 1007
35 43 1125
35 42 1631
35 22 832
35 1 314
35 13 169
35 29 1725
35 41 870
36 30 1173
36 40 1368
36 33 429
36 25 590
36 0 -27
36 10 233
36 35 1793
36 18 62
36 19 232
37 2 1183
37 42 504
37 47 1244
37 16 1383
37 15 860
37 48 59
37 1 907
37 21 -45
37 39 590
37 17 693
37 5 444
37 44 997
38 30 292
38 45 1467
38 15 1051
38 42 1663
38 48 1081
38 32 20
38 34 1173
38 31 1622
38 0 1210
38 9 -31
38 11 1811
38 24 1662
38 2 1569
38 49 1468
39 44 1535
39 20 1197
39 11 939
39 7 -45
39 46 688
39 23 99
39 48 730
39 25 627
39 41 1069
40 19 606
40 10 1788
40 9 1696
40 6 69
40 42 318
40 20 132
40 18 440
40 26 1250
40 12 1592
40 21 170
40 25 1034
40 16 799
40 39 1421
40 17 1401
40 22 1731
40 5 933
41 1 166
41 43 1767
41 36 1225
41 25 344
41 21 1279
41 4 903
41 22 1288
41 17 1316
41 8 1519
41 5 1333
42 7 1413
42 34 1242
42 21 1322
42 41 -46
42 40 940
42 45 1814
42 24 222
42 9 405
42 3 1591
42 30 1373
42 1 1610
43 12 977
43 48 1052
43 7 82
43 23 177
43 2 919
43 26 -18
43 49 1699
43 4 1614
44 13 460
44 14 876
44 7 709
44 1 1537
44 9 1394
44 10 800
44 21 775
44 16 1419
44 17 1385
44 29 918
44 15 1271
44 33 422
44 37 820
45 6 196
45 44 399
45 24 196
45 17 1783
45 35 -15
45 11 1145
45 28 400
45 21 -6
45 42 803
45 36 597
45 20 303
45 39 513
45 19 1203
46 39 868
46 44 814
46 42 -2
46 28 540
46 5 1593
46 1 1470
46 43 547
46 27 276
46 13 1758
46 48 1608
46 2 141
46 37 1504
46 10 1487
46 8 776
47 44 1193
47 26 395
47 20 1649
47 36 1112
47 0 261
47 23 256
47 11 1801
47 31 401
47 45 1071
47 18 225
48 36 -1
48 19 214
48 28 1192
48 13 127
48 44 1210
48 17 924
48 30 478
48 23 539
48 41 805
48 9 326
48 2 647
48 35 551
48 27 1633
49 33 603
49 25 1551
49 14 467
49 21 1459
49 0 1598
49 40 770
49 46 1265
49 47 1086
49 22 778
49 41 234
49 15 385
49 30 344
0
