50 1225
0 24 2060
0 10 2363
0 12 2841
0 47 787
0 16 570
0 35 2149
0 32 491
0 48 2586
0 43 1041
0 42 2461
0 22 2638
0 33 1738
0 29 2586
0 26 3133
0 14 1630
0 21 3370
0 37 1487
0 39 116
0 27 2137
0 5 3360
0 28 2473
0 36 1936
0 17 1316
0 31 331
1 19 2711
1 33 459
1 32 2862
1 27 1474
1 35 1727
1 11 585
1 44 201
1 16 2844
1 10 710
1 9 2038
1 7 2506
1 41 815
1 46 138
1 12 2721
1 13 2696
1 49 3574
1 4 1452
1 8 2505
1 38 252
1 37 269
1 24 1479
1 3 3174
1 29 1575
1 40 450
2 7 385
2 11 207
2 24 2444
2 18 2926
2 6 2351
2 38 1466
2 49 980
2 46 2788
2 42 3567
2 31 2880
2 32 3391
2 1 16
2 20 2998
2 9 856
2 29 700
2 27 2975
2 43 2683
2 28 499
2 10 2950
2 48 3305
2 14 703
2 12 2023
3 35 2287
3 5 1770
3 33 2717
3 44 3147
3 32 3666
3 36 1746
3 40 3480
3 37 2232
3 14 908
3 4 1210
3 6 1018
3 16 2513
3 11 1404
3 31 967
3 28 2801
3 0 2706
3 23 2989
3 10 2299
3 29 3164
3 12 1473
4 41 642
4 27 916
4 31 2252
4 26 3647
4 40 1385
4 34 125
4 16 120
4 21 544
4 42 3284
4 22 3290
4 8 2732
4 29 2074
4 33 2963
4 7 1028
4 28 250
4 35 1421
4 13 2645
4 15 1269
4 49 1671
4 45 503
4 25 254
4 14 302
4 32 3233
5 25 1680
5 15 3115
5 32 1432
5 13 2545
5 34 3524
5 49 1925
5 35 3030
5 39 2871
5 4 3353
5 1 1493
5 26 1497
5 17 2270
5 28 2787
5 11 1620
5 2 2527
5 43 1915
5 37 351
5 10 1026
5 36 1366
5 18 1314
5 20 2313
5 30 2221
5 42 1764
5 9 917
5 29 2955
5 48 2313
6 39 2703
6 16 1495
6 8 2798
6 7 589
6 26 745
6 24 624
6 18 2724
6 37 2733
6 29 1236
6 21 1730
6 28 2742
6 35 3533
6 12 1759
6 36 518
6 42 816
6 44 480
6 38 412
6 46 2392
6 15 472
6 23 800
6 49 1966
6 11 581
6 19 121
6 33 2317
6 40 1742
6 0 877
6 20 1367
6 31 3315
6 32 1181
6 17 2429
6 22 3608
7 13 1620
7 2 599
7 21 1399
7 36 1665
7 49 1844
7 46 264
7 4 1060
7 10 3384
7 18 2955
7 11 2316
7 47 2430
7 17 21
7 27 60
7 15 2065
7 29 1219
7 23 596
7 39 3174
7 33 3422
7 8 3488
7 26 1620
7 32 3113
7 38 2981
7 48 2124
7 43 1144
7 37 2740
8 34 1105
8 12 962
8 38 3474
8 7 2413
8 15 2689
8 43 2424
8 21 17
8 16 1056
8 47 1463
8 37 1819
8 6 2589
8 42 571
8 10 1438
8 32 893
8 13 2263
8 26 1623
8 30 1990
8 27 3158
8 17 107
8 5 3193
8 36 3208
8 40 3468
8 2 464
8 33 561
8 9 3376
8 28 1113
8 25 1887
9 38 2979
9 44 1976
9 28 1519
9 45 1447
9 8 3046
9 14 1839
9 11 1934
9 36 2816
9 22 867
9 20 2073
9 33 2763
9 46 2794
9 24 1630
9 48 111
9 19 805
9 7 681
9 30 574
9 2 1336
9 6 559
9 49 3653
9 31 3497
9 32 2803
9 17 505
9 1 504
9 43 1021
9 13 2322
10 1 1034
10 39 3214
10 9 2913
10 5 767
10 25 2548
10 8 1223
10 18 2037
10 38 2447
10 17 3054
10 2 281
10 6 764
10 43 202
10 35 1296
10 13 128
10 41 1760
10 49 3402
10 36 259
10 23 30
10 33 3491
10 14 3016
10 44 198
10 46 3036
10 32 2078
11 27 1131
11 24 1152
11 44 1827
11 8 2883
11 39 2507
11 40 372
11 5 2613
11 46 1086
11 3 2631
11 35 1661
11 13 3444
11 31 1485
11 33 728
11 12 145
11 37 1183
11 34 2485
11 17 62
11 43 896
11 30 1927
11 49 1997
11 2 713
11 9 1899
11 36 3046
11 32 1427
11 18 1732
11 48 198
11 26 764
11 22 3410
11 42 313
11 15 1642
12 45 1163
12 22 2722
12 31 2265
12 16 3057
12 8 1467
12 18 3059
12 23 226
12 11 1552
12 6 1913
12 7 3246
12 14 604
12 27 2080
12 17 1253
12 34 816
12 46 3247
12 33 315
12 15 1657
12 30 1628
12 37 533
12 9 1420
12 24 3419
12 28 1475
12 10 661
12 5 1357
12 47 2235
12 29 176
13 41 160
13 28 2235
13 1 2546
13 17 1803
13 35 2635
13 40 3090
13 44 3252
13 22 350
13 3 549
13 21 458
13 9 3473
13 12 288
13 0 2873
13 23 1791
13 42 574
13 29 2046
13 4 267
13 20 3533
13 24 1696
13 19 1491
13 49 584
14 48 2197
14 21 807
14 25 1146
14 15 1161
14 29 244
14 49 544
14 4 1236
14 34 480
14 24 2486
14 46 2450
14 33 980
14 23 1563
14 10 1748
14 28 1165
14 16 1222
14 13 495
14 32 1346
14 45 2893
14 41 3261
14 39 2118
14 30 2723
14 7 1541
14 5 1674
15 7 2265
15 48 1504
15 42 1006
15 11 3112
15 2 802
15 8 2729
15 28 1775
15 44 1243
15 32 2034
15 12 909
15 16 386
15 46 1521
15 0 621
15 23 2576
15 14 1580
15 38 2832
15 5 2294
15 37 1326
15 13 3427
15 19 3440
15 35 2074
15 41 1515
15 20 2335
15 25 1459
15 40 2966
15 21 2084
16 2 1949
16 47 1840
16 44 2743
16 9 1677
16 48 3008
16 45 3008
16 27 576
16 29 2388
16 46 1016
16 15 1070
16 8 433
16 5 3429
16 35 522
16 37 1182
16 36 620
16 12 3581
16 39 427
16 10 392
16 14 909
16 22 750
16 28 1207
16 41 2249
16 43 1323
16 1 2923
16 3 2565
17 16 125
17 19 1034
17 40 2382
17 5 1077
17 35 2734
17 21 8
17 47 3050
17 9 1355
17 44 561
17 48 2656
17 30 1948
17 36 1055
17 7 2670
17 29 356
17 23 2901
17 8 2980
17 0 1665
17 3 2560
17 24 3439
17 1 59
17 26 3258
17 42 1643
18 43 3401
18 27 1563
18 40 2218
18 30 1161
18 35 803
18 36 405
18 7 346
18 9 799
18 25 2197
18 28 2699
18 29 3626
18 46 2573
18 39 2130
18 13 721
18 2 2616
18 20 3248
18 31 1235
18 26 2254
18 32 2549
18 19 687
18 12 975
18 22 1188
19 20 3463
19 31 1394
19 45 1350
19 32 3174
19 6 677
19 7 688
19 27 3033
19 37 3016
19 0 2440
19 29 406
19 21 1229
19 22 1921
19 8 2601
19 13 1754
19 10 1793
19 15 1596
19 28 3442
19 25 865
19 3 1881
19 42 840
19 9 738
19 46 3116
19 12 29
20 27 2579
20 31 2115
20 45 2715
20 23 3386
20 18 3670
20 37 3607
20 38 2099
20 32 1540
20 2 3608
20 26 2817
20 24 1972
20 48 2319
20 15 2861
20 41 2844
20 46 2733
20 42 984
20 4 2079
20 12 2643
20 43 2724
20 7 3366
20 11 1353
20 0 2153
20 44 2841
20 10 410
20 21 1480
20 49 3044
20 33 2024
20 14 2891
21 1 3601
21 9 3070
21 5 3443
21 36 2324
21 34 111
21 28 863
21 15 1197
21 23 3270
21 13 2409
21 37 3528
21 49 1699
21 40 997
21 11 1673
21 48 3562
21 27 2364
21 25 1741
21 20 276
21 41 703
21 8 3276
21 18 999
21 4 298
21 19 2410
21 45 3034
21 31 953
21 46 1825
22 32 1842
22 24 2665
22 31 2805
22 18 553
22 10 2270
22 45 1094
22 40 1170
22 35 631
22 27 1967
22 3 842
22 0 2908
22 42 2463
22 19 1477
22 14 2380
22 49 3301
22 17 968
22 15 728
22 28 2200
22 29 1718
22 48 1898
22 8 867
22 41 243
22 13 1232
22 46 3315
22 47 3282
22 36 725
23 12 1208
23 35 1307
23 28 1842
23 16 1359
23 33 1764
23 5 110
23 31 922
23 24 72
23 26 1581
23 38 1558
23 40 2004
23 18 150
23 15 1607
23 30 3046
23 9 1917
23 14 2529
23 36 2923
23 11 3355
23 2 3206
24 9 2684
24 5 717
24 36 312
24 37 857
24 8 3322
24 39 1287
24 45 2598
24 44 2787
24 46 3139
24 17 2592
24 27 360
24 13 495
24 47 2444
24 1 1420
24 41 3547
24 32 1243
24 34 18
24 11 3535
25 32 2403
25 41 1292
25 42 472
25 45 2745
25 19 3221
25 36 1303
25 38 3335
25 22 2968
25 33 340
25 44 436
25 30 161
25 15 1982
25 26 782
25 29 3202
25 3 3085
25 28 1265
25 31 3071
25 8 3148
25 7 1687
25 49 641
25 11 321
25 21 2528
25 24 515
25 20 503
25 12 1056
25 40 436
25 43 3624
25 27 750
25 37 111
26 0 1546
26 23 1562
26 46 2285
26 12 2941
26 22 1272
26 15 2095
26 10 396
26 14 879
26 16 2686
26 11 1785
26 32 128
26 25 2605
26 27 3316
26 47 3284
26 39 2294
26 37 1263
26 31 637
26 4 2547
26 43 1697
26 44 3262
26 3 3059
26 2 143
26 45 2692
26 24 299
26 6 3081
26 49 2841
26 18 2579
26 36 851
27 37 2486
27 41 715
27 46 18
27 19 3175
27 14 3458
27 31 273
27 45 3600
27 32 1781
27 38 1978
27 15 3531
27 33 3047
27 26 581
27 48 3651
27 17 2634
27 36 30
27 30 3246
27 16 1062
27 34 118
27 25 2497
27 5 2083
27 39 27
27 13 1014
27 12 3668
27 18 2664
27 2 2779
28 42 872
28 46 1942
28 48 2842
28 45 1994
28 25 775
28 49 734
28 17 1940
28 2 2182
28 37 748
28 29 2724
28 16 3334
28 43 675
28 4 1042
28 14 2268
28 23 1366
28 32 991
28 40 856
28 35 2857
28 13 3149
28 22 1362
28 8 1560
28 44 53
29 5 3641
29 43 1205
29 16 2751
29 0 1690
29 46 3004
29 20 620
29 4 248
29 49 1994
29 41 1701
29 32 3267
29 31 2851
29 39 3290
29 44 3512
29 11 2108
29 8 2099
29 2 1371
29 36 3427
29 47 832
29 25 3139
29 1 764
29 22 1736
29 37 570
29 48 3427
29 13 3171
29 10 3201
30 10 3624
30 13 246
30 31 1931
30 48 2369
30 25 3284
30 5 1711
30 40 1743
30 47 2822
30 34 2255
30 9 2676
30 4 501
30 22 92
30 11 1459
30 43 1610
30 46 1417
30 39 370
30 28 2604
30 26 751
30 32 2557
30 37 2144
30 16 3249
30 15 1832
30 41 1011
30 42 2562
30 44 587
30 21 2558
31 0 622
31 47 2593
31 30 153
31 44 406
31 27 3586
31 19 1840
31 28 157
31 41 507
31 29 2587
31 12 994
31 49 2707
31 46 1257
31 2 3470
31 42 2222
31 24 985
31 10 3179
31 13 689
31 36 381
31 25 1936
31 22 80
31 3 3539
31 17 1548
31 8 995
31 4 998
31 34 547
31 11 835
32 22 954
32 38 881
32 13 2257
32 48 3574
32 11 731
32 37 380
32 12 1469
32 30 1494
32 42 782
32 29 3594
32 27 1626
32 2 2647
32 9 3524
32 44 2077
32 46 2337
32 15 2984
32 18 1223
32 1 3242
32 21 154
32 8 3233
32 4 1841
32 36 1139
32 33 163
32 47 1163
32 26 1871
32 34 639
32 35 3343
33 30 1487
33 7 1189
33 2 469
33 25 2060
33 39 2875
33 1 1698
33 0 1064
33 23 494
33 17 3081
33 34 828
33 41 94
33 16 2335
33 8 1761
33 32 2188
33 43 3462
33 31 955
33 26 1398
33 28 2777
33 46 2254
33 18 2170
33 40 3499
33 27 2158
33 11 2438
33 38 2543
33 49 3425
33 3 1869
34 40 1435
34 44 643
34 2 2119
34 4 1993
34 31 2618
34 48 1225
34 41 3666
34 30 2564
34 5 2853
34 6 2956
34 27 2843
34 28 1915
34 45 945
34 19 2059
34 16 2718
34 36 19
34 14 376
34 20 3242
34 7 2386
34 1 1555
34 23 1799
34 43 371
34 0 968
34 18 2077
34 33 2184
34 39 818
35 44 499
35 28 3433
35 19 3077
35 32 1441
35 2 2077
35 24 3419
35 39 2606
35 27 3042
35 40 1825
35 38 996
35 36 2295
35 17 1980
35 16 479
35 11 3635
35 21 2764
35 49 2606
35 18 573
35 46 3570
35 31 1289
35 45 1109
35 14 2198
35 3 1474
35 26 1468
35 10 3111
36 19 1540
36 42 2329
36 5 1954
36 43 2827
36 49 3111
36 24 744
36 39 754
36 25 882
36 26 1061
36 10 3621
36 21 610
36 23 800
36 44 1882
36 22 2589
36 4 1582
36 37 2871
36 15 487
36 31 2050
36 27 597
36 1 2426
36 17 1519
36 11 2258
36 35 854
36 13 1376
37 1 2878
37 7 1569
37 49 3238
37 30 2181
37 29 2885
37 15 2061
37 33 2791
37 22 3491
37 11 504
37 47 62
37 42 788
37 35 2215
37 38 2787
37 20 461
37 16 991
37 40 113
37 12 1289
37 14 735
37 0 2604
37 9 1381
37 13 2
37 31 2659
38 31 2785
38 18 1352
38 28 1175
38 42 507
38 39 3257
38 16 1731
38 49 1387
38 17 3045
38 22 617
38 40 1178
38 5 2309
38 20 969
38 36 1075
38 25 1608
38 19 805
38 8 3478
38 26 895
38 21 3217
38 32 2400
39 48 1563
39 26 2429
39 14 2468
39 22 3171
39 6 2199
39 19 1825
39 49 1426
39 32 2408
39 29 57
39 33 2839
39 42 2986
39 0 2884
39 13 2076
39 28 1650
39 5 2848
39 17 712
39 34 3639
39 44 1200
39 15 2649
39 31 2474
39 12 325
39 24 2518
39 16 3128
39 43 966
40 28 207
40 19 2017
40 47 116
40 8 765
40 15 1251
40 10 2527
40 26 2633
40 17 2879
40 35 3428
40 24 1954
40 18 1638
40 44 1210
40 43 2471
40 37 694
40 20 624
40 29 971
40 5 2232
40 16 204
40 9 1098
40 0 950
40 36 1493
40 11 1192
40 25 562
40 31 1341
40 22 409
40 46 2524
41 11 2502
41 3 1317
41 38 3422
41 7 2273
41 47 2538
41 28 2533
41 13 908
41 14 3644
41 43 3605
41 30 2806
41 31 1447
41 8 1469
41 45 1699
41 1 940
41 15 3445
41 6 1130
41 33 3177
41 36 2102
41 40 1253
41 49 790
41 23 3152
41 22 2542
41 35 2962
42 10 1356
42 37 2193
42 22 111
42 47 2366
42 40 3431
42 27 220
42 38 1439
42 1 675
42 34 464
42 44 3207
42 28 3078
42 5 387
42 46 276
42 21 2459
42 41 438
42 13 3654
42 8 2046
42 29 2698
42 4 1981
42 23 2135
43 6 3277
43 14 668
43 49 2055
43 11 628
43 27 304
43 9 3541
43 41 510
43 31 2243
43 48 171
43 10 2406
43 46 3347
43 13 700
43 22 816
43 25 395
43 18 23
43 8 2496
43 19 729
43 3 611
43 35 2475
43 5 1193
43 40 1167
43 45 2443
43 24 523
43 12 2209
43 7 2022
44 7 2233
44 42 1594
44 40 1380
44 0 590
44 19 2859
44 48 267
44 5 3111
44 46 1386
44 43 1111
44 25 3100
44 36 1503
44 8 1665
44 26 2880
44 2 877
44 17 1191
44 14 1910
44 45 228
44 21 2868
44 24 3096
44 20 2742
44 6 3546
44 34 3137
44 13 660
44 32 3375
44 1 45
44 12 2850
45 23 3544
45 48 454
45 19 2744
45 36 3126
45 38 62
45 14 3588
45 2 1979
45 16 1804
45 27 480
45 15 552
45 40 215
45 32 1495
45 29 3445
45 44 2402
45 10 3254
45 41 498
45 8 3258
45 35 152
45 30 3671
45 9 727
45 42 638
45 7 2197
45 46 1941
45 37 1310
46 40 969
46 25 3105
46 19 973
46 2 1058
46 5 2384
46 29 545
46 42 2055
46 18 1218
46 17 2111
46 22 757
46 37 2773
46 1 3436
46 3 244
46 45 3105
46 43 1134
46 16 3105
46 10 2819
46 28 2348
46 14 1686
46 24 2894
46 38 336
46 36 855
46 41 2569
46 34 87
46 33 3294
47 9 1875
47 10 1477
47 5 300
47 19 1427
47 24 359
47 45 1895
47 34 3627
47 32 2789
47 23 3418
47 48 1616
47 38 25
47 26 3437
47 3 277
47 16 2132
47 25 899
47 33 298
47 21 3606
47 35 1850
47 39 3160
47 17 1136
47 8 2194
47 14 1154
47 49 2809
47 36 332
47 27 2484
47 31 2322
47 0 2596
47 37 2127
48 26 3327
48 13 461
48 29 2514
48 41 1411
48 4 886
48 5 2391
48 33 2824
48 3 3217
48 27 321
48 15 1385
48 0 1844
48 24 3413
48 40 3181
48 19 1178
48 46 2037
48 9 385
48 43 2805
48 30 2675
48 16 2772
48 12 507
48 18 2872
48 49 478
48 14 3518
48 21 1829
48 11 107
48 20 469
49 35 488
49 2 3568
49 29 426
49 46 267
49 10 886
49 39 546
49 32 257
49 11 3393
49 12 1553
49 19 445
49 6 1151
49 3 2689
49 25 86
49 28 137
49 47 3609
49 15 2463
49 21 2301
49 14 2454
49 23 46
49 40 1080
49 17 1948
49 34 1257
49 31 2421
49 30 197
25
