70 2415
0 17 7010
0 32 745
0 67 3715
0 13 4872
0 8 4343
0 6 2682
0 45 2827
0 20 6457
0 49 3355
0 55 2510
0 62 6827
0 14 802
0 58 5082
0 53 2748
0 31 3580
0 22 520
0 65 1431
0 57 868
0 47 3667
0 7 4557
0 11 6944
0 38 6210
0 27 6910
0 63 5976
0 37 111
0 5 1291
0 41 4586
0 68 544
0 61 4461
0 30 7222
0 15 35
0 50 1146
0 1 4351
0 4 4640
0 39 2396
0 54 5641
0 59 5696
0 48 6545
0 12 4984
1 15 3399
1 10 521
1 3 733
1 9 7123
1 53 5928
1 61 4232
1 32 2817
1 0 1133
1 46 621
1 68 1684
1 31 2662
1 58 502
1 23 1215
1 69 5686
1 45 3399
1 54 1503
1 5 1387
1 28 4235
1 21 2507
1 63 4784
1 67 2618
1 11 1066
1 56 3389
1 66 4882
1 22 1323
1 62 6469
1 47 1002
1 36 2249
1 39 7148
1 20 7189
1 35 4605
1 30 3219
1 8 3847
1 13 1908
1 59 112
2 65 130
2 15 5674
2 55 1174
2 40 4042
2 11 7143
2 43 3234
2 7 6320
2 34 3848
2 57 4212
2 33 1001
2 10 2049
2 16 892
2 67 5935
2 29 3273
2 35 2486
2 54 2139
2 37 1260
2 38 5284
2 52 3245
2 23 1408
2 51 586
2 30 6427
2 14 1569
2 3 6733
2 13 6516
2 49 499
2 63 75
2 1 3796
2 20 856
3 32 6146
3 41 1248
3 9 -37
3 30 5298
3 31 5465
3 7 6217
3 65 3392
3 57 6978
3 59 3561
3 37 5886
3 2 70
3 67 2481
3 22 1688
3 58 2149
3 23 5003
3 51 1797
3 45 3514
3 66 2088
3 68 7180
3 56 1810
3 46 4598
3 63 2739
3 28 1175
3 26 906
3 53 5631
3 47 1768
3 1 5256
3 15 4345
3 13 5269
3 14 5928
3 29 1758
3 34 3847
4 36 1036
4 62 108
4 9 4147
4 48 2652
4 58 4305
4 33 647
4 67 3817
4 23 2986
4 8 6648
4 52 2727
4 15 539
4 5 6313
4 21 4653
4 22 4145
4 47 7208
4 7 1996
4 46 6627
4 18 461
4 1 6980
4 45 1456
4 49 4603
4 0 4312
4 10 7021
4 20 6326
4 63 2349
4 41 667
4 30 7022
4 35 3739
4 34 4827
4 61 270
4 14 155
4 12 3538
4 40 5948
5 42 5402
5 15 1632
5 26 6866
5 34 7175
5 37 1812
5 32 1148
5 64 4811
5 59 2060
5 3 466
5 52 2413
5 51 741
5 47 45
5 27 1563
5 20 4490
5 39 5356
5 44 3503
5 40 3563
5 56 4848
5 19 3489
5 23 2029
5 49 3834
5 54 751
5 10 6616
5 9 6274
5 7 2195
5 68 7001
5 12 5318
5 58 1351
5 13 1535
5 30 6611
5 28 1810
5 60 2477
5 24 7198
5 16 4962
5 63 3363
5 43 4647
5 6 4271
6 28 84
6 47 1282
6 19 2111
6 49 3098
6 60 2715
6 23 5464
6 51 4525
6 62 4100
6 52 1292
6 25 1953
6 7 3974
6 46 2861
6 22 6664
6 15 1734
6 59 6146
6 16 1943
6 17 1757
6 67 2859
6 29 171
6 27 6760
6 54 2218
6 24 1572
6 44 3710
6 26 114
6 13 1324
6 66 3303
6 39 2352
6 55 4406
6 1 1065
6 33 6048
6 5 4324
6 32 4865
6 56 4612
6 53 5762
6 3 6641
6 8 368
7 46 2224
7 32 2179
7 22 1078
7 2 417
7 15 3746
7 23 308
7 19 32
7 27 128
7 53 6644
7 3 -20
7 21 6055
7 34 491
7 12 305
7 67 2167
7 55 3468
7 9 6461
7 11 3839
7 62 6633
7 43 2262
7 37 4093
7 36 6643
7 14 1707
7 69 665
7 0 1138
7 57 2419
7 49 2024
7 16 6528
7 39 6911
7 63 3366
7 24 258
7 60 556
7 28 4796
7 26 6103
7 41 5442
7 51 4901
7 18 3746
7 54 693
7 50 -35
7 6 472
8 44 1983
8 40 2291
8 47 6291
8 21 3928
8 34 4009
8 24 1055
8 14 491
8 25 1947
8 18 849
8 45 2671
8 57 1852
8 4 1448
8 68 3193
8 6 128
8 39 2090
8 31 4915
8 60 4933
8 2 5918
8 23 2943
8 52 6478
8 13 4795
8 11 3489
8 19 341
8 5 3802
8 49 3451
8 37 4395
8 7 1236
8 15 6457
8 41 3546
8 0 1680
8 33 1137
8 48 3965
8 64 49
8 63 6814
8 27 1565
8 53 5026
9 60 5105
9 69 4097
9 58 3664
9 14 4683
9 24 4139
9 28 4379
9 50 4455
9 1 792
9 26 4718
9 20 2001
9 21 4084
9 25 3279
9 48 6070
9 54 3807
9 51 2036
9 22 7063
9 49 6029
9 32 4789
9 23 3881
9 29 119
9 56 2567
9 27 5158
9 13 4253
9 18 5750
9 16 1223
9 4 4585
9 44 4100
9 35 4916
9 0 1572
9 34 1439
9 12 1716
9 15 4185
9 55 4584
9 30 4903
9 59 2313
10 63 5867
10 39 3841
10 54 3183
10 33 7232
10 30 5643
10 44 4196
10 59 1697
10 29 829
10 13 5056
10 38 2034
10 61 1313
10 46 4157
10 1 5660
10 49 438
10 21 1531
10 7 1368
10 52 5503
10 35 6121
10 23 469
10 55 4678
10 16 3904
10 43 3629
10 47 6394
10 9 742
10 36 2439
10 50 821
10 12 114
10 14 1749
10 22 4933
10 8 2381
10 6 6302
10 31 4867
10 67 7174
10 20 1802
10 3 580
11 12 3883
11 13 2931
11 5 3107
11 39 6466
11 29 2803
11 60 6770
11 33 5054
11 57 7184
11 7 4016
11 8 2587
11 0 79
11 40 6582
11 67 6771
11 9 6990
11 56 5371
11 14 5678
11 3 6954
11 69 1268
11 10 6076
11 55 58
11 17 234
11 51 4833
11 64 6577
11 45 460
11 25 49
11 21 2744
11 49 4427
11 41 1762
11 34 5930
11 47 5008
11 58 6292
11 53 5833
11 26 5731
11 62 1932
12 1 26
12 26 3422
12 23 657
12 10 6415
12 62 4871
12 36 699
12 0 4253
12 58 7057
12 69 2222
12 9 4632
12 60 5208
12 19 1219
12 51 214
12 68 4805
12 44 2995
12 64 501
12 29 2626
12 22 3226
12 24 7046
12 57 1944
12 41 5357
12 35 4775
12 50 6115
12 5 6068
12 20 1772
12 42 899
13 38 1353
13 31 5730
13 9 1876
13 12 1835
13 54 1181
13 61 6342
13 32 1761
13 63 4592
13 60 3424
13 0 514
13 6 3800
13 52 2281
13 2 3676
13 4 812
13 62 1757
13 8 1889
13 46 2030
13 47 186
13 53 6089
13 20 3095
13 67 1005
13 59 2748
13 29 4229
13 56 60
13 64 2288
13 68 2367
13 35 6859
13 58 213
13 3 2715
13 36 3917
13 5 6626
13 66 1673
13 69 6383
13 23 1383
13 7 2861
13 26 7020
13 33 5945
14 39 4712
14 17 3746
14 62 1774
14 46 4669
14 42 5494
14 23 6715
14 31 7207
14 19 5850
14 50 75
14 60 566
14 40 713
14 59 4542
14 64 3631
14 36 3768
14 32 1994
14 65 6428
14 57 1137
14 53 1717
14 11 2732
14 8 6634
14 15 1787
14 41 3863
14 66 2536
14 38 406
14 12 304
14 4 3053
14 34 5394
14 6 4171
14 33 3152
14 45 4240
14 56 4420
14 21 5397
14 37 2369
14 24 1924
14 51 4043
14 55 7138
14 52 5232
14 27 1784
14 22 6114
14 3 4385
15 36 3330
15 1 6156
15 23 2584
15 25 1500
15 65 4191
15 64 5764
15 21 2102
15 16 7050
15 26 4586
15 60 2603
15 27 5230
15 43 1670
15 29 5995
15 56 5682
15 48 3787
15 59 6163
15 55 3359
15 57 4475
15 0 5667
15 24 6853
15 8 3396
15 22 3526
15 50 2867
15 61 3680
15 17 6408
15 63 3443
15 7 5308
15 69 2822
15 53 5511
15 66 5269
15 38 258
15 41 2660
15 33 2442
15 9 5771
16 69 5929
16 49 6654
16 20 2960
16 19 6647
16 51 6693
16 50 6839
16 41 3842
16 52 5937
16 24 4754
16 57 6900
16 36 2928
16 4 3956
16 39 3144
16 17 4948
16 68 3209
16 15 6156
16 60 4270
16 27 2026
16 55 4541
16 48 1991
16 11 997
16 53 1273
16 3 1002
16 43 212
16 32 4138
16 0 1242
16 25 2535
16 63 2168
16 34 -3
16 2 4545
16 10 3434
16 23 354
16 13 5412
16 29 6264
16 30 3996
16 33 2055
16 5 3193
16 21 446
16 35 3441
16 28 6807
17 68 7176
17 13 2620
17 16 4804
17 22 2118
17 63 3468
17 24 1241
17 67 2890
17 35 2185
17 34 4248
17 62 4152
17 49 1197
17 37 4018
17 46 6621
17 54 5868
17 69 4350
17 40 2225
17 55 971
17 51 4461
17 45 491
17 57 869
17 65 6363
17 6 2357
17 64 1402
17 58 1319
17 52 3595
17 47 5950
17 7 5401
17 10 446
17 1 5693
17 23 1717
17 27 3749
17 19 6252
17 56 5875
17 61 4323
17 41 5638
17 48 4728
17 26 780
18 64 5368
18 31 2079
18 20 6151
18 27 2313
18 21 6028
18 44 6041
18 4 6425
18 28 4181
18 30 280
18 54 2305
18 17 6731
18 2 6456
18 66 4192
18 62 2870
18 11 2803
18 22 3772
18 35 4058
18 53 468
18 55 115
18 58 991
18 43 5275
18 10 2706
18 41 2432
18 3 1914
18 23 6116
18 67 2571
18 25 1570
18 40 1275
18 5 1457
18 57 1659
18 24 2507
18 39 413
18 38 5943
18 1 2623
18 52 3882
18 8 5153
18 14 4559
18 34 3987
18 69 1368
18 61 5071
19 39 4308
19 26 2712
19 51 3590
19 60 6510
19 5 763
19 44 1940
19 36 4382
19 48 6040
19 50 6434
19 59 798
19 11 6153
19 32 4227
19 33 589
19 16 3095
19 23 4002
19 20 1538
19 14 4580
19 25 4594
19 43 3495
19 12 4975
19 52 3431
19 64 734
19 2 5986
19 24 5971
19 68 3174
19 69 4743
19 9 3396
19 57 5540
19 30 3412
19 62 4004
19 35 3594
19 17 3184
19 54 4897
19 41 475
19 42 5334
19 4 6377
19 31 4360
19 67 3470
20 65 6115
20 16 532
20 3 6815
20 59 3239
20 24 2483
20 9 4918
20 51 977
20 60 4542
20 19 4867
20 1 6673
20 33 4202
20 56 1721
20 48 5176
20 36 3849
20 12 1238
20 13 4896
20 5 3845
20 30 4320
20 18 4422
20 23 3722
20 49 4290
20 0 5159
20 11 1297
20 26 3410
20 31 -47
20 17 265
20 46 5868
20 58 4095
20 2 285
20 62 4607
20 22 161
20 40 1343
20 21 4679
20 32 6133
21 35 7169
21 47 2573
21 45 6249
21 15 449
21 19 2330
21 50 2092
21 65 2892
21 42 7189
21 49 4448
21 60 5681
21 22 5186
21 10 5579
21 33 6066
21 0 4424
21 3 374
21 27 3612
21 64 6680
21 30 6780
21 63 3518
21 69 2528
21 58 2584
21 6 6108
21 55 4657
21 48 1451
21 37 4131
21 67 5971
21 43 5881
21 24 2777
21 66 6022
21 31 40
21 34 3019
21 16 1651
21 11 30
21 61 6064
21 8 2998
21 1 2186
22 49 6770
22 29 2248
22 52 4657
22 39 1777
22 33 6459
22 58 4565
22 64 6445
22 54 3540
22 56 3194
22 34 3675
22 12 3522
22 45 3028
22 9 735
22 51 260
22 42 4289
22 31 5253
22 25 3806
22 66 5940
22 37 5463
22 50 5189
22 55 6874
22 18 4576
22 23 5961
22 0 403
22 17 3990
22 35 6479
22 48 2361
22 47 5525
22 38 6504
22 5 4875
22 21 2513
22 53 1445
22 2 1184
22 63 3171
23 15 119
23 16 2053
23 8 5143
23 47 5176
23 64 3070
23 57 6443
23 7 1388
23 2 1790
23 39 5623
23 63 995
23 41 3867
23 56 2095
23 31 5599
23 4 1904
23 50 6720
23 0 332
23 60 3903
23 49 7046
23 38 2849
23 59 135
23 58 1908
23 42 2467
23 21 5555
23 9 3246
23 66 71
23 6 2443
23 17 6150
23 53 5623
23 26 4421
23 25 568
23 12 5512
23 40 927
23 32 5903
23 45 4487
24 31 2275
24 33 5117
24 0 5591
24 5 3417
24 2 3288
24 8 2876
24 63 7041
24 56 2941
24 17 636
24 44 2731
24 67 5567
24 57 452
24 48 2748
24 25 5352
24 45 4443
24 9 983
24 22 6344
24 39 1320
24 41 4541
24 15 3119
24 60 3167
24 23 6858
24 49 568
24 7 4566
24 37 7180
24 13 4377
24 46 6679
24 12 28
24 20 3606
24 52 4956
24 27 1662
24 35 4256
24 50 3431
24 65 4223
25 9 6548
25 56 3043
25 26 5787
25 38 7122
25 23 1917
25 2 104
25 45 4162
25 14 864
25 19 2514
25 61 597
25 18 1802
25 34 213
25 41 2109
25 42 3078
25 33 3920
25 50 5488
25 59 1177
25 30 4377
25 13 6123
25 3 1044
25 32 991
25 49 440
25 47 534
25 5 6764
25 29 3225
25 52 2109
25 68 1837
25 63 1078
26 30 5943
26 35 1765
26 66 6985
26 41 3338
26 6 1373
26 11 6850
26 59 3603
26 69 5067
26 9 141
26 21 5461
26 68 6875
26 60 4977
26 23 4302
26 53 4035
26 20 3913
26 4 5457
26 31 7167
26 51 2148
26 27 983
26 17 466
26 54 1296
26 44 4753
26 34 4154
26 52 6180
26 58 3179
26 57 1507
26 10 172
26 33 6069
26 64 4614
26 14 6160
26 32 4079
26 3 3174
26 55 6895
26 22 530
26 38 2949
26 43 5656
27 36 4377
27 25 4437
27 3 93
27 23 1250
27 20 3798
27 49 4842
27 15 6626
27 4 7036
27 13 3203
27 28 2523
27 11 7195
27 48 5218
27 64 1001
27 10 2267
27 38 3195
27 41 6774
27 26 6899
27 40 5783
27 34 3954
27 47 6901
27 45 296
27 58 5616
27 35 4498
27 51 1455
27 6 271
27 61 6031
27 69 6609
27 67 2712
27 33 4733
27 8 6268
27 46 7188
27 32 5442
27 53 7013
27 66 5297
27 68 446
27 62 1721
27 63 4044
28 7 3147
28 34 1828
28 23 3264
28 40 6660
28 2 6092
28 60 2985
28 18 2934
28 6 66
28 1 5734
28 39 3308
28 68 2274
28 38 2696
28 66 1516
28 26 2469
28 65 1757
28 13 1827
28 31 6861
28 17 43
28 9 6807
28 42 2848
28 48 2079
28 19 2844
28 8 1250
28 44 2285
28 25 1355
28 56 387
28 10 840
28 29 6599
28 36 3312
28 15 4147
28 4 4360
28 47 3215
28 55 956
28 41 2789
28 46 161
29 11 6837
29 19 5677
29 18 2344
29 4 4524
29 62 2381
29 38 6387
29 3 2614
29 61 -65
29 50 833
29 60 2272
29 9 6122
29 12 2296
29 39 3088
29 16 6117
29 41 3656
29 42 4924
29 2 6894
29 30 2200
29 32 1694
29 58 4161
29 48 1369
29 64 1941
29 36 5549
29 49 3828
29 24 4451
29 40 2134
29 46 6833
29 23 5867
29 34 2063
29 45 3390
29 35 4620
29 67 6356
29 52 6486
29 21 739
29 13 1713
29 66 1009
29 33 3522
30 39 6708
30 27 4294
30 11 5159
30 18 3793
30 41 2217
30 6 2482
30 14 3665
30 20 4947
30 59 4690
30 35 252
30 7 6445
30 5 5352
30 24 5173
30 2 3721
30 32 63
30 46 3468
30 66 7039
30 48 4997
30 43 1713
30 57 508
30 13 2328
30 69 2439
30 47 593
30 42 4385
30 53 44
30 10 1375
30 68 2787
30 55 4485
30 44 1904
30 65 2814
30 28 123
30 12 6513
30 49 4436
31 4 1263
31 61 4890
31 29 1300
31 67 3629
31 2 2720
31 10 6612
31 48 2661
31 38 5665
31 26 5369
31 63 4586
31 19 5547
31 5 2687
31 17 5328
31 6 5173
31 65 165
31 69 4181
31 30 6969
31 27 53
31 62 2001
31 60 5306
31 68 4962
31 0 3108
31 42 4180
31 21 4368
31 44 2542
31 12 685
31 50 3881
31 45 6762
31 47 3633
31 37 4097
31 40 1157
31 58 266
31 56 585
31 52 626
31 15 2263
31 23 1601
31 36 3681
31 8 1394
31 49 686
32 56 6491
32 63 6921
32 36 221
32 44 2380
32 69 2847
32 16 -47
32 50 6702
32 21 4985
32 31 3725
32 64 6724
32 2 955
32 61 890
32 29 3140
32 40 3579
32 13 3480
32 66 5723
32 39 7058
32 38 2054
32 43 7165
32 57 2397
32 17 6267
32 52 2871
32 33 4227
32 34 670
32 27 1555
32 62 3788
32 18 5883
32 30 3730
32 25 2777
32 24 2969
32 46 2886
32 6 490
32 65 1383
32 51 2353
33 52 5896
33 1 5909
33 32 657
33 40 2460
33 11 2122
33 2 -69
33 22 1884
33 13 6299
33 34 6730
33 47 410
33 12 6341
33 23 2789
33 61 5184
33 6 3863
33 20 2002
33 43 5885
33 60 826
33 44 2908
33 41 3959
33 28 6101
33 8 800
33 68 6574
33 62 1003
33 36 4314
33 15 2490
33 19 5282
33 10 1929
33 37 1672
33 65 6409
33 56 4724
33 54 4535
33 59 5533
33 50 1393
33 69 2705
33 51 1411
33 49 816
33 7 6030
33 30 2413
33 18 515
33 27 7222
34 44 1559
34 42 5692
34 59 5514
34 12 5638
34 35 5504
34 18 2721
34 45 3808
34 25 6768
34 39 6889
34 10 6442
34 66 6576
34 41 4905
34 47 4697
34 23 2925
34 20 4083
34 17 1891
34 68 2859
34 8 3906
34 58 5019
34 9 1900
34 36 1175
34 65 6775
34 19 -14
34 1 6102
34 53 6400
34 22 2993
35 69 6491
35 12 5708
35 5 5354
35 18 4080
35 48 3300
35 39 3382
35 37 271
35 38 7078
35 8 4512
35 62 5509
35 1 418
35 7 5939
35 6 683
35 64 7054
35 66 6762
35 9 827
35 11 2848
35 49 6434
35 50 2569
35 22 4984
35 57 4121
35 13 3109
35 3 2759
35 17 4330
35 36 4438
35 26 3768
35 46 6730
35 42 5864
35 60 1476
35 47 5048
35 55 3047
35 24 5747
35 16 2908
35 52 1583
35 33 393
35 14 1929
35 29 5988
35 67 5049
36 33 1979
36 25 6188
36 32 4922
36 69 4110
36 67 1112
36 59 6715
36 58 5905
36 57 2677
36 22 5381
36 21 2903
36 48 5739
36 53 1261
36 65 4646
36 46 5422
36 19 4634
36 7 840
36 66 209
36 63 3056
36 61 6360
36 42 2839
36 38 1951
36 17 5421
36 3 3462
36 40 -25
36 20 6578
36 24 5872
36 27 3946
36 26 3483
36 41 2408
36 51 1220
36 39 3962
36 52 4238
36 55 1823
36 14 6049
36 64 5835
36 34 288
37 65 257
37 9 549
37 7 1268
37 42 6166
37 55 2242
37 6 3354
37 57 4347
37 23 3677
37 43 2480
37 19 6543
37 1 4864
37 18 4593
37 35 411
37 63 2609
37 3 4193
37 34 2692
37 22 1351
37 25 5042
37 5 4890
37 50 4163
37 67 751
37 4 4490
37 10 5756
37 38 1287
37 28 1835
37 20 -69
37 33 966
37 13 4949
37 45 4662
37 11 5903
37 40 3494
37 51 1376
37 2 1687
37 26 6329
38 68 1955
38 67 2212
38 32 1967
38 5 3786
38 0 7239
38 69 3736
38 4 4936
38 3 3299
38 53 1422
38 29 7148
38 28 1044
38 37 5982
38 19 7102
38 63 3116
38 9 900
38 12 6450
38 62 5032
38 51 2504
38 54 3881
38 44 5004
38 8 580
38 34 1830
38 27 963
38 40 1270
38 50 3482
38 6 45
38 23 2445
38 41 2366
38 2 2230
38 65 7190
38 55 6723
38 21 5299
38 47 2112
38 58 315
39 33 2793
39 67 1128
39 44 7099
39 24 3553
39 12 4689
39 43 6660
39 38 1120
39 48 5860
39 55 2993
39 14 3629
39 66 2207
39 37 6954
39 35 1096
39 36 4268
39 29 247
39 58 1938
39 46 1785
39 61 5342
39 68 6024
39 8 158
39 64 6549
39 7 3088
39 1 4504
39 0 879
39 47 6935
39 60 4161
39 27 516
39 65 147
39 5 578
39 41 6653
39 13 6415
39 59 461
39 17 3710
39 31 6305
39 6 1777
39 25 4709
39 3 1962
39 22 3979
39 23 6143
39 4 1852
39 19 2413
40 63 5269
40 9 571
40 19 628
40 47 1790
40 17 1675
40 7 7056
40 38 687
40 57 6787
40 44 4736
40 23 4588
40 31 1283
40 3 3287
40 64 1772
40 46 748
40 10 3599
40 30 4988
40 66 7195
40 68 5864
40 59 3481
40 2 6856
40 33 1235
40 18 3384
40 13 3423
40 21 6571
40 29 4233
40 49 1278
40 53 5122
40 58 6965
40 28 2724
40 42 5291
40 51 7085
41 18 5223
41 23 6049
41 7 1052
41 1 2334
41 9 2809
41 20 6089
41 49 1212
41 39 577
41 16 4615
41 34 5618
41 21 4729
41 60 5945
41 57 43
41 29 4814
41 53 1549
41 68 5913
41 27 3047
41 52 1453
41 26 2838
41 22 4265
41 24 3712
41 51 -21
41 50 6545
41 67 2444
41 12 4534
41 62 1304
41 3 2850
41 31 5211
41 4 5697
41 36 4786
41 32 3138
41 17 5853
41 55 3363
41 64 3896
41 42 2045
41 5 1322
41 44 4275
41 45 3134
41 28 4509
41 54 898
42 5 7076
42 34 3202
42 12 5759
42 25 4730
42 14 6812
42 13 6475
42 45 6872
42 7 4046
42 33 2307
42 52 571
42 54 2465
42 24 4179
42 47 2116
42 21 5724
42 22 358
42 43 7119
42 16 1147
42 35 322
42 11 5221
42 10 3007
42 50 5685
42 23 3404
42 15 3273
42 56 -59
42 60 1554
42 68 1622
42 36 3728
42 6 418
42 40 4632
42 44 5734
43 63 3590
43 29 4741
43 57 6950
43 48 6130
43 21 4001
43 46 410
43 1 76
43 49 4140
43 15 534
43 18 7185
43 8 1870
43 38 4193
43 54 163
43 64 6182
43 32 3255
43 69 5852
43 24 4353
43 51 641
43 39 238
43 30 2073
43 33 5387
43 65 3323
43 19 6252
43 16 4215
43 31 196
43 20 1344
43 41 4795
43 53 3851
43 27 1956
43 60 4797
43 12 4011
43 44 4504
43 36 1442
43 28 4387
43 67 6565
44 9 667
44 24 6428
44 36 413
44 54 1032
44 34 6833
44 29 5204
44 15 6114
44 47 3065
44 42 4631
44 11 2637
44 31 6140
44 40 5443
44 67 5049
44 58 1518
44 28 6987
44 45 405
44 25 1178
44 43 2858
44 30 3718
44 4 331
44 17 3706
44 2 1608
44 68 4604
44 37 574
44 57 5954
44 46 7081
44 26 5044
44 69 1360
44 16 2140
44 5 3315
44 19 3764
44 49 5570
44 38 6452
44 7 7115
44 35 5409
44 22 5815
44 51 5962
44 39 3920
45 38 390
45 65 4585
45 15 6637
45 57 3132
45 19 -8
45 4 5260
45 41 2936
45 67 1571
45 37 1082
45 33 5436
45 17 4246
45 56 5899
45 48 3404
45 9 4886
45 29 712
45 13 2745
45 39 5943
45 47 5037
45 64 6749
45 63 2113
45 59 5967
45 66 6256
45 10 2490
45 0 2027
45 43 4057
45 32 7041
45 55 1230
45 61 414
45 35 875
45 62 1349
45 21 6469
45 42 4384
45 53 2451
45 16 1652
45 54 6439
45 44 5051
45 27 1605
45 5 2312
45 23 1121
45 6 792
45 2 1249
45 58 3056
45 8 2142
45 40 848
45 31 1028
45 69 730
46 35 6558
46 65 286
46 39 4761
46 12 3703
46 8 1978
46 20 5157
46 48 5126
46 64 3423
46 1 1444
46 10 5188
46 19 5287
46 30 5188
46 2 360
46 52 3566
46 14 854
46 23 3804
46 26 -19
46 18 1575
46 57 4360
46 68 1236
46 50 1411
46 66 6344
46 15 5957
46 56 1377
46 13 2142
46 37 1197
46 33 5457
46 43 6464
46 58 1821
46 21 2092
46 44 2528
46 3 2622
46 0 1747
46 16 6137
46 54 6239
47 28 7178
47 50 516
47 15 3962
47 65 3156
47 2 6019
47 19 3374
47 45 2590
47 16 6811
47 60 3778
47 51 6799
47 49 5468
47 29 1795
47 3 6134
47 8 6557
47 68 2978
47 9 -29
47 4 640
47 23 805
47 20 6306
47 32 7100
47 7 1201
47 6 870
47 12 1176
47 31 551
47 52 4252
47 37 5180
47 55 255
47 13 1349
47 46 3933
47 58 828
47 40 1963
47 21 3804
47 22 2559
47 48 347
48 27 6989
48 12 5384
48 39 235
48 56 6075
48 36 5554
48 52 2180
48 37 6623
48 31 7140
48 24 6313
48 3 6618
48 1 2488
48 61 5982
48 41 6865
48 50 1847
48 59 447
48 15 4988
48 26 2488
48 64 3757
48 23 3050
48 38 4612
48 4 4872
48 21 6475
48 43 6627
48 65 4099
48 62 4110
48 57 1174
48 34 3586
48 14 4741
48 66 1228
48 33 3297
48 8 5498
48 53 6976
48 10 -64
48 35 1476
49 50 5675
49 42 5091
49 20 5184
49 29 5652
49 17 779
49 38 1223
49 67 1412
49 36 3587
49 21 7195
49 43 5544
49 58 4811
49 35 3851
49 44 3479
49 18 2646
49 16 6372
49 5 6962
49 10 6212
49 6 6883
49 2 1565
49 0 6075
49 51 4569
49 47 5464
49 1 4853
49 56 7063
49 4 4299
49 55 3760
49 32 2884
49 22 4161
49 33 5288
49 59 3141
49 65 419
49 66 2902
49 52 -66
49 9 6659
50 32 2173
50 40 4422
50 43 3552
50 11 482
50 0 6557
50 37 5947
50 19 2142
50 33 5794
50 17 2801
50 39 6400
50 66 4634
50 25 2495
50 64 3591
50 38 6745
50 35 4823
50 12 545
50 45 1367
50 6 564
50 53 2434
50 34 1588
50 28 -30
50 54 5316
50 36 1460
50 2 4208
50 16 4175
50 31 4163
50 48 4388
50 49 5722
50 24 1903
50 65 1632
50 3 4827
50 55 5209
50 46 5256
51 15 1120
51 1 4555
51 39 4330
51 64 4050
51 48 1412
51 31 5206
51 45 6147
51 35 2965
51 26 505
51 4 3877
51 68 5435
51 67 57
51 20 5201
51 12 7017
51 8 5387
51 33 4188
51 25 4969
51 55 5859
51 21 2770
51 58 2052
51 7 5232
51 42 7071
51 22 3556
51 41 3387
51 29 732
51 27 5550
51 30 2084
51 34 1003
51 44 7146
51 66 2236
51 57 622
51 9 6724
51 17 6464
51 5 5780
51 65 686
52 27 1974
52 31 913
52 5 6102
52 32 640
52 8 5067
52 29 5752
52 11 4955
52 55 6062
52 20 3103
52 62 6695
52 18 423
52 59 835
52 43 3775
52 21 5786
52 50 5274
52 7 1690
52 65 1903
52 33 1278
52 48 2297
52 69 4952
52 3 4789
52 35 6184
52 44 180
52 58 4734
52 9 5268
52 24 1256
52 54 3152
52 12 1044
53 16 5172
53 33 738
53 17 7005
53 36 5885
53 28 5955
53 19 -44
53 30 3252
53 55 1868
53 40 6044
53 2 4495
53 44 3359
53 54 5324
53 38 5242
53 63 6008
53 8 4095
53 15 3124
53 61 6771
53 51 4315
53 9 4504
53 52 953
53 59 6128
53 67 5687
53 56 1572
53 31 7134
53 25 6360
53 5 2071
53 43 5247
53 0 6334
53 14 6750
53 49 3542
53 42 6978
53 34 6779
54 6 3399
54 60 4849
54 67 132
54 33 3958
54 25 5704
54 29 2964
54 50 3145
54 49 684
54 17 3759
54 61 3445
54 32 5776
54 41 6951
54 65 2092
54 51 92
54 14 1456
54 52 4180
54 21 4073
54 24 6904
54 64 6280
54 58 5948
54 47 5319
54 4 4870
54 45 5357
54 43 6191
54 57 5214
54 1 2505
54 5 2228
54 46 3375
54 15 3074
54 2 5662
54 18 6507
54 0 2881
54 48 5448
54 13 1331
54 34 2677
54 12 5137
54 37 6664
54 59 5322
54 44 3243
55 19 2388
55 50 4767
55 22 1465
55 36 1834
55 27 541
55 16 2531
55 2 636
55 64 5611
55 14 4561
55 58 5765
55 37 5644
55 31 3957
55 25 1721
55 67 3459
55 1 4175
55 26 6518
55 48 3423
55 43 4953
55 69 3396
55 42 259
55 47 2337
55 38 5240
55 46 297
55 7 3498
55 63 1600
55 59 735
55 20 6329
55 35 5492
55 12 7108
55 49 557
55 10 7183
55 30 963
56 33 5467
56 26 5464
56 15 1197
56 8 3969
56 7 1246
56 18 3088
56 27 1821
56 23 604
56 24 3484
56 16 5234
56 28 6260
56 13 2546
56 47 261
56 50 2413
56 69 5162
56 36 5701
56 37 52
56 54 1200
56 46 403
56 43 4268
56 65 2433
56 44 3196
56 66 1830
56 0 562
56 11 1562
56 1 1813
56 34 4915
56 20 135
56 63 1845
56 12 4238
56 31 6240
56 59 5206
56 62 6201
56 38 1616
56 32 241
57 54 225
57 64 4551
57 55 1579
57 60 3269
57 29 2262
57 11 1721
57 1 4061
57 16 3388
57 40 4279
57 25 2462
57 13 2854
57 52 5987
57 41 2355
57 62 5605
57 26 3288
57 63 1519
57 39 5855
57 43 3615
57 37 639
57 23 5042
57 59 3804
57 0 3092
57 15 5234
57 28 6757
57 18 5320
57 67 4579
57 4 1809
57 7 3457
57 19 -38
57 10 5607
57 61 3196
57 21 321
57 6 5160
57 2 426
58 64 1274
58 16 6815
58 47 1077
58 34 3771
58 55 5803
58 9 1068
58 25 3104
58 60 3541
58 7 4839
58 23 4728
58 18 5410
58 11 6432
58 22 2785
58 8 2210
58 59 2290
58 19 4787
58 13 4016
58 3 5965
58 44 1625
58 49 128
58 41 838
58 40 255
58 32 85
58 52 4575
58 5 3874
58 12 2384
58 46 5459
59 8 2178
59 23 508
59 19 3756
59 29 707
59 36 603
59 30 1705
59 27 6290
59 2 3345
59 17 3506
59 41 4388
59 45 1717
59 21 1977
59 60 4010
59 42 7051
59 55 1258
59 28 663
59 25 4053
59 38 1119
59 52 355
59 51 6950
59 40 2760
59 62 4982
59 6 6052
59 46 4751
59 58 6176
59 12 3522
59 43 1649
59 61 358
59 68 4610
59 14 5780
59 57 6246
59 49 6523
59 10 3658
59 37 4650
60 51 3120
60 52 2953
60 27 3477
60 50 579
60 34 6954
60 0 2362
60 4 270
60 8 1752
60 63 5610
60 9 1633
60 40 6445
60 59 5553
60 24 6911
60 58 605
60 69 7100
60 31 5214
60 68 3730
60 47 7117
60 13 118
60 22 1809
60 54 4381
60 45 48
60 61 4775
60 5 4963
60 28 3446
60 33 7015
60 2 5821
60 16 1602
60 3 3508
60 29 5782
60 25 6017
60 38 3070
60 1 6693
60 44 1093
61 58 102
61 11 4826
61 13 4434
61 44 379
61 2 7213
61 49 4094
61 62 5547
61 1 2166
61 64 1384
61 54 4295
61 52 2761
61 57 4979
61 36 635
61 53 6274
61 20 1458
61 60 410
61 42 3064
61 43 5209
61 63 5061
61 51 1755
61 16 5826
61 22 5758
61 27 4697
61 14 6639
61 40 990
61 10 4810
61 24 1371
62 49 4784
62 55 2564
62 60 3687
62 28 6488
62 22 90
62 42 757
62 26 820
62 19 6190
62 5 6211
62 43 6589
62 8 1747
62 31 5110
62 58 5309
62 9 2553
62 21 5129
62 17 1457
62 61 4714
62 29 7244
62 1 3261
62 2 1621
62 20 1937
62 47 2995
62 12 3820
62 35 816
62 53 1904
62 57 961
62 69 2035
62 14 6779
62 50 5812
62 7 4537
62 37 5619
62 51 275
63 45 3754
63 17 5919
63 64 491
63 22 1510
63 34 3947
63 58 3025
63 54 462
63 44 7038
63 49 5216
63 8 6774
63 52 4215
63 48 5405
63 12 3250
63 16 3426
63 66 2635
63 13 3699
63 57 3612
63 23 2726
63 61 1448
63 67 5327
63 36 1413
63 11 7177
63 62 845
63 5 264
63 0 314
63 31 6938
63 50 7164
63 25 6809
63 32 7023
63 3 6397
63 47 1651
63 14 3496
63 29 -47
63 20 5572
63 65 351
63 42 3041
64 28 4098
64 65 2122
64 11 906
64 19 6574
64 26 6119
64 63 4326
64 24 6356
64 42 6998
64 55 2797
64 32 740
64 18 415
64 37 2474
64 48 4986
64 21 4715
64 60 6332
64 2 1364
64 50 318
64 31 4774
64 36 4387
64 1 1244
64 66 3461
64 53 3661
64 40 2345
64 47 5908
64 10 2119
64 44 6566
64 38 5857
64 0 3576
64 27 1841
64 56 3353
64 29 4806
64 39 4960
65 47 6686
65 28 3407
65 49 4464
65 39 3004
65 27 557
65 44 3140
65 35 5739
65 4 6626
65 26 5236
65 56 3261
65 43 1785
65 21 320
65 20 4904
65 31 5233
65 51 2617
65 12 6171
65 45 4239
65 55 4928
65 16 1864
65 66 3967
65 60 5752
65 3 5553
65 19 2011
65 15 5057
65 58 288
65 68 3085
65 42 853
65 2 5172
65 30 1789
65 37 2414
65 1 3496
65 52 6852
65 41 4095
65 11 14
65 22 507
66 27 1055
66 44 4599
66 31 171
66 4 6138
66 32 5011
66 61 814
66 22 2085
66 50 5519
66 15 3131
66 6 7013
66 18 4837
66 5 4497
66 37 4798
66 10 5568
66 48 4477
66 23 2224
66 40 1030
66 25 5824
66 60 3712
66 51 379
66 45 3079
66 63 5800
66 69 4045
66 62 4696
66 55 5986
66 3 3691
66 33 5536
66 21 1680
66 41 2680
66 19 5120
67 68 1661
67 28 1581
67 6 3746
67 25 3708
67 26 409
67 21 6207
67 16 2841
67 17 6888
67 58 1541
67 69 1304
67 64 4359
67 42 3601
67 40 1972
67 22 3425
67 15 3472
67 12 1383
67 1 5436
67 37 4815
67 43 814
67 44 7188
67 57 2755
67 9 6069
67 24 5520
67 41 7196
67 61 1655
67 7 5133
67 36 1754
67 45 2209
67 18 5511
68 29 1473
68 0 5250
68 39 4351
68 54 2498
68 30 5798
68 45 5653
68 9 3369
68 55 1984
68 38 1486
68 61 380
68 26 6145
68 7 3704
68 32 2195
68 2 5803
68 49 -50
68 17 2345
68 13 6448
68 51 1200
68 43 31
68 47 3301
68 11 6237
68 42 3642
68 53 2797
68 44 4984
68 60 3520
68 69 4594
68 1 6939
68 24 1019
68 41 4549
69 6 135
69 42 3703
69 9 4978
69 37 4576
69 26 563
69 8 1119
69 28 1794
69 33 7115
69 36 237
69 27 5938
69 10 5401
69 3 1109
69 50 6789
69 66 1534
69 55 2602
69 14 176
69 46 5749
69 25 7194
69 63 5533
69 53 1664
69 13 4290
69 35 5370
69 16 3184
69 19 2439
69 32 3161
69 7 903
69 65 6190
69 29 5501
69 12 5666
69 38 6254
69 57 2430
69 51 5072
69 0 150
64
