100 4950
0 46 12461
0 48 3692
0 52 413
0 83 13672
0 33 12898
0 81 14387
0 13 9475
0 62 11474
0 9 11265
0 74 13267
0 67 8134
0 51 5928
0 34 5243
0 66 10347
0 61 12213
0 26 12462
0 28 7887
0 70 1026
0 49 6518
0 29 1627
0 30 12687
0 84 9294
0 4 12970
0 11 6914
0 23 723
0 97 530
0 10 883
0 36 10308
0 3 1481
0 8 13434
0 85 1849
0 1 12893
0 42 7585
0 40 5901
0 99 4305
0 21 4044
0 5 3498
0 38 230
0 43 13836
0 32 4659
0 18 2168
0 96 14773
0 68 4846
0 47 7627
0 44 1554
0 16 2366
0 64 4981
0 88 14141
0 72 5699
0 94 9698
0 86 988
0 53 4132
0 92 12744
0 17 14004
0 95 13484
0 58 7440
1 31 7629
1 18 4223
1 35 13508
1 47 10309
1 70 14172
1 33 6421
1 21 14677
1 91 10683
1 74 6924
1 37 14742
1 29 2242
1 20 13595
1 14 4046
1 0 9932
1 96 11213
1 80 7096
1 75 2291
1 78 8726
1 36 3347
1 11 6788
1 76 10144
1 32 1490
1 24 14333
1 67 12650
1 81 2552
1 92 4391
1 64 14585
1 95 10431
1 28 182
1 68 9361
1 7 7512
1 46 4099
1 86 13999
1 38 9852
1 41 3960
1 19 11017
1 22 6146
1 50 5487
2 58 3258
2 69 6629
2 37 9125
2 6 10011
2 68 13685
2 3 14469
2 46 1062
2 34 7562
2 99 7612
2 66 9177
2 20 6407
2 35 12716
2 72 10292
2 98 4898
2 9 8634
2 5 12407
2 11 11854
2 74 14282
2 77 11446
2 61 10781
2 53 3184
2 41 9653
2 64 10759
2 21 1934
2 88 6596
2 15 5355
2 24 12846
2 93 14143
2 27 7079
2 56 6956
2 17 14546
2 90 6755
2 10 3816
2 89 6429
2 22 8996
2 32 10757
2 92 4670
2 52 5846
2 13 14264
2 43 7876
2 31 14695
2 39 14510
2 87 481
2 63 12558
2 44 11068
2 95 8792
2 19 9269
2 51 2072
2 4 9686
3 72 3286
3 50 12636
3 71 7404
3 53 14208
3 99 2262
3 90 3168
3 75 13962
3 92 12913
3 62 11427
3 58 11683
3 73 7262
3 14 6440
3 52 2482
3 1 13617
3 70 7503
3 36 14557
3 60 1321
3 86 14647
3 32 5238
3 81 14644
3 0 13684
3 93 9765
3 30 12447
3 7 13364
3 55 639
3 37 11989
3 4 7295
3 65 12951
3 28 10673
3 91 1787
3 79 3116
3 87 389
3 74 7397
3 43 2822
3 21 12372
3 15 4467
3 46 6693
3 2 8765
3 47 746
3 11 13579
3 83 8393
3 95 7620
3 5 10534
3 38 10080
3 89 7708
3 61 2523
3 94 2512
3 63 13976
3 57 11574
3 80 5810
3 34 7812
3 33 4533
3 17 828
3 97 5555
4 31 508
4 30 8760
4 38 6704
4 10 11753
4 62 8313
4 64 1508
4 51 3279
4 59 12468
4 66 12649
4 98 7558
4 28 10270
4 58 11441
4 61 14807
4 18 11923
4 78 11985
4 23 7954
4 33 1745
4 70 348
4 52 4500
4 13 14436
4 94 14264
4 24 3837
4 14 13299
4 56 13599
4 99 11104
4 82 99
4 1 12541
4 49 4589
4 92 11065
4 68 8649
4 32 6909
4 43 3608
4 37 7896
4 26 14756
4 46 426
4 3 12969
4 65 10675
4 11 3581
4 2 4612
4 77 3516
4 29 952
4 5 7501
4 84 5316
4 15 12080
4 90 9560
4 76 242
4 57 12871
4 27 7075
5 52 11655
5 3 7450
5 1 10738
5 0 797
5 7 3463
5 60 13542
5 53 14426
5 55 10305
5 32 7174
5 20 6288
5 68 14013
5 25 13981
5 87 6429
5 67 5366
5 79 3017
5 58 13491
5 29 10113
5 50 4148
5 93 9674
5 46 12946
5 4 9402
5 89 2097
5 34 2560
5 90 8262
5 71 12273
5 24 3865
5 84 13251
5 17 2572
5 85 13115
5 63 9300
5 48 13959
5 47 13881
5 26 162
5 35 12978
5 15 7825
5 61 13759
5 95 9716
5 39 14655
5 38 10316
5 41 2417
5 92 5300
5 69 2080
6 5 8219
6 34 13736
6 97 4072
6 7 11668
6 52 6773
6 65 1473
6 44 1333
6 56 5304
6 99 7386
6 0 12264
6 36 8061
6 46 6544
6 85 9151
6 32 10991
6 96 12801
6 26 8915
6 90 1668
6 63 9110
6 23 6290
6 43 10808
6 54 4155
6 71 10199
6 53 2680
6 68 13798
6 83 8228
6 21 5038
6 78 11509
6 77 8763
6 60 1366
6 79 314
6 22 6389
6 13 3013
6 12 10777
6 91 3687
6 87 9221
6 37 1800
6 16 370
6 70 7443
6 80 5788
6 17 12805
6 72 527
6 98 4074
6 29 12921
6 28 6227
6 51 3970
6 10 13973
6 50 2895
7 3 7619
7 27 3169
7 9 12138
7 82 1621
7 47 3554
7 96 12186
7 60 10649
7 0 11727
7 62 10142
7 26 4796
7 21 9506
7 79 11504
7 14 2909
7 63 14161
7 73 7791
7 88 2463
7 56 4082
7 53 121
7 92 10062
7 30 13343
7 5 11960
7 25 509
7 55 9886
7 61 13557
7 64 8675
7 67 6056
7 46 3584
7 39 14432
7 23 13600
7 45 7101
7 68 11271
7 97 5207
7 72 2880
7 34 14700
7 83 14542
7 29 1337
7 58 4051
7 19 3453
7 8 11650
7 76 859
7 99 10047
7 57 13798
7 2 1759
7 95 9063
7 28 2675
7 37 14714
8 90 3777
8 13 2614
8 1 7683
8 70 10416
8 65 8593
8 50 6218
8 16 4673
8 33 11555
8 42 11582
8 95 13227
8 45 10505
8 22 10358
8 57 5813
8 41 4637
8 59 210
8 34 14373
8 10 2556
8 60 7149
8 58 9224
8 18 1398
8 77 443
8 6 13331
8 49 3925
8 39 10561
8 68 11467
8 29 3153
8 62 8019
8 40 2807
8 54 7472
8 24 8726
8 38 2514
8 72 6855
8 27 521
8 73 6194
8 48 6626
8 28 308
8 67 11845
8 66 9495
8 80 3694
8 26 11727
8 85 11346
8 7 8507
8 71 6088
8 82 321
8 81 12272
8 23 12480
8 94 10654
8 78 2210
8 93 6985
8 35 3486
8 96 4253
8 19 7144
9 60 401
9 33 10943
9 29 3093
9 21 1626
9 36 12891
9 51 3101
9 96 3312
9 97 4817
9 42 10600
9 7 10503
9 71 9109
9 25 6701
9 3 7988
9 52 2229
9 62 12873
9 22 4210
9 86 9841
9 58 3698
9 12 7915
9 44 9782
9 26 3291
9 95 14620
9 19 3999
9 15 659
9 67 1099
9 10 6549
9 4 6065
9 47 6881
9 94 4419
9 72 10159
9 89 1180
9 43 5311
9 93 506
9 45 4319
9 68 3901
9 40 6266
9 14 11880
9 41 5591
9 28 10241
9 6 2091
9 49 6709
9 63 5428
9 23 9445
9 55 3514
9 37 2141
9 18 871
9 56 7412
9 54 2959
9 70 14579
9 27 6816
9 87 -22
9 31 13075
10 54 7370
10 37 11449
10 89 5002
10 3 13743
10 28 334
10 47 8647
10 49 6774
10 77 2622
10 38 12192
10 59 7326
10 62 3315
10 53 8065
10 68 294
10 56 9860
10 82 11760
10 34 8849
10 93 5573
10 73 9855
10 41 11285
10 17 329
10 64 12812
10 95 8861
10 71 8202
10 9 3571
10 79 10875
10 92 509
10 6 8547
10 4 1532
10 22 3581
10 87 7435
10 35 1522
10 76 5360
10 16 13230
10 48 7184
10 57 695
10 36 14154
10 61 12794
10 25 7665
10 98 899
10 83 -9
10 94 3909
10 46 9910
10 18 5833
10 42 9114
10 85 4714
10 7 3362
10 60 8628
10 86 10433
10 1 4945
10 75 8164
10 84 6102
10 97 14381
10 14 12157
10 39 6037
10 58 13239
10 66 4394
11 20 11887
11 37 4376
11 30 11408
11 48 442
11 67 3841
11 74 8803
11 60 2163
11 36 6149
11 16 6319
11 50 2210
11 24 2126
11 7 5710
11 98 10768
11 43 992
11 72 10091
11 9 5391
11 73 13868
11 18 5974
11 15 12323
11 40 1711
11 93 5967
11 5 2770
11 54 4315
11 12 5256
11 21 8527
11 63 3648
11 87 3424
11 56 14653
11 29 12231
11 51 7853
11 44 14223
11 81 13694
11 8 12128
11 13 12110
11 19 6893
11 1 8088
11 64 2152
11 76 6672
11 59 10078
11 95 1403
11 80 1005
11 34 1551
11 49 3398
11 4 8456
11 35 3665
11 32 2902
11 92 14550
11 2 4863
11 10 7519
11 6 9900
11 77 3031
11 46 3272
11 94 9338
11 45 6161
11 14 83
12 87 13126
12 26 5001
12 96 6385
12 97 443
12 79 11686
12 63 9973
12 81 13751
12 68 14051
12 18 8693
12 38 3654
12 20 3954
12 83 11965
12 28 2981
12 59 3561
12 52 13496
12 99 852
12 90 6660
12 66 9975
12 15 5532
12 55 13080
12 44 5098
12 24 11550
12 72 3442
12 40 14540
12 2 10208
12 88 4100
12 57 6566
12 43 9086
12 31 11705
12 22 3671
12 69 9198
12 29 12807
12 74 12790
12 35 1527
12 41 884
12 89 11769
12 86 11542
12 64 3316
12 36 3588
12 58 1731
12 80 1339
12 94 8201
12 14 13430
12 45 3977
12 39 7915
12 49 12094
12 0 3284
12 42 14379
13 22 5941
13 18 2581
13 62 5665
13 10 2727
13 4 727
13 81 6592
13 64 3820
13 39 9019
13 58 3996
13 20 8671
13 23 11476
13 7 1732
13 32 5819
13 40 14533
13 5 4029
13 75 2655
13 9 728
13 99 3911
13 61 3621
13 14 5289
13 1 9237
13 69 12760
13 46 14344
13 51 7757
13 49 4753
13 59 12962
13 82 10591
13 38 2003
13 89 11956
13 48 7623
13 6 9954
13 47 12599
13 80 11794
13 90 13759
13 74 4910
13 44 2875
13 56 14623
13 25 7577
13 91 10781
13 67 2470
13 66 6123
13 98 8816
13 42 8139
13 2 11741
13 24 2962
13 34 5276
13 92 9287
13 50 2444
13 36 7391
14 15 12455
14 4 2737
14 40 6152
14 46 6943
14 38 9300
14 92 6664
14 57 6123
14 87 3476
14 13 1626
14 56 1723
14 28 5744
14 41 326
14 18 2628
14 50 9064
14 54 5702
14 79 678
14 67 4159
14 94 7458
14 78 13744
14 77 12776
14 86 6192
14 83 1913
14 62 224
14 21 10630
14 99 14682
14 66 13221
14 59 13939
14 37 14533
14 48 12184
14 11 13138
14 44 5212
14 1 2853
14 20 4347
14 16 14259
14 31 12223
14 6 9605
14 3 7292
14 75 9248
14 29 4216
14 82 1007
14 22 13962
14 0 9245
14 93 2210
14 30 10773
14 90 11144
14 42 13839
14 63 10522
14 84 12499
14 43 14468
15 16 2266
15 64 13222
15 18 8268
15 72 3991
15 45 9328
15 42 770
15 58 7762
15 86 9196
15 46 8911
15 77 2472
15 90 8026
15 31 7103
15 24 11114
15 53 8348
15 12 9067
15 22 12231
15 27 13767
15 78 7922
15 82 8537
15 48 9906
15 21 2316
15 84 11341
15 73 13094
15 70 13141
15 49 5108
15 44 6489
15 68 4862
15 56 5737
15 29 8298
15 63 13786
15 36 14375
15 32 2362
15 47 6455
15 39 2461
15 28 4967
15 99 10692
15 4 7542
15 9 4793
15 92 7868
15 43 7741
15 97 7856
15 20 3113
15 5 14126
15 41 9093
15 83 2208
15 19 7570
15 91 5993
15 80 8951
15 60 6917
15 8 6376
15 57 8189
15 95 1202
15 38 6643
15 67 6625
15 50 9040
15 66 8367
15 93 7505
15 25 11101
15 65 9400
16 9 3220
16 51 2576
16 21 941
16 91 1881
16 65 7131
16 53 5615
16 70 1830
16 78 4227
16 20 12839
16 17 12625
16 11 13565
16 26 1105
16 18 3491
16 72 11612
16 99 14393
16 79 9893
16 67 11759
16 35 7206
16 81 1666
16 47 8158
16 86 4497
16 97 2459
16 56 6717
16 96 7450
16 84 2220
16 40 2567
16 94 13172
16 76 2406
16 87 11149
16 30 10868
16 37 2004
16 24 4712
16 64 13992
16 74 7386
16 69 3471
16 12 7415
16 54 9203
16 57 11801
16 90 1978
16 22 7749
16 68 10590
16 6 8787
16 23 7487
16 7 6486
16 80 12747
16 32 8552
16 27 1184
16 95 5579
16 0 5920
16 39 1134
16 55 14197
16 4 2576
16 66 12351
17 24 8364
17 58 13944
17 29 14471
17 57 5071
17 48 11254
17 4 14088
17 8 4731
17 61 4483
17 63 7570
17 38 11375
17 56 1042
17 7 12559
17 80 10159
17 11 1855
17 25 12331
17 1 4088
17 39 13903
17 49 1480
17 13 3718
17 53 4718
17 18 5141
17 95 3681
17 94 1063
17 78 520
17 90 10132
17 68 9006
17 73 13056
17 34 6922
17 83 10559
17 97 7761
17 85 9893
17 52 5169
17 19 7799
17 20 11252
17 26 11124
17 50 12225
17 86 4104
17 82 121
17 69 5679
17 64 2321
17 81 4359
18 68 734
18 10 4374
18 27 4335
18 31 3673
18 93 6476
18 98 7328
18 11 11845
18 81 3620
18 58 1187
18 5 11513
18 33 13277
18 87 13384
18 50 7611
18 62 8621
18 53 12650
18 17 564
18 60 14068
18 13 10765
18 35 11633
18 63 5671
18 32 2552
18 79 10147
18 91 299
18 89 7935
18 52 7421
18 90 3169
18 9 3095
18 88 8136
18 85 -36
18 57 2321
18 77 7601
18 48 11614
18 12 5917
18 96 8453
18 61 14817
18 0 9514
18 78 8049
18 86 5770
18 59 14425
18 97 4312
18 49 6961
18 76 11207
18 23 12726
19 69 13771
19 86 2007
19 3 2887
19 44 2981
19 74 5236
19 7 13982
19 6 10667
19 79 13978
19 4 47
19 71 10867
19 49 13767
19 88 4579
19 75 14071
19 94 11109
19 48 7348
19 22 2391
19 2 6506
19 87 14313
19 41 4772
19 95 11440
19 81 5641
19 0 14702
19 18 507
19 77 657
19 16 13601
19 33 12787
19 32 12438
19 78 13676
19 82 2698
19 35 8024
19 46 1418
19 91 5041
19 55 14010
19 42 7620
19 43 10633
19 45 6628
19 24 6106
19 90 1260
19 20 14066
19 83 13177
19 57 2727
19 85 7824
19 28 8369
19 93 10449
19 11 225
19 80 489
19 92 3557
19 67 12088
19 51 13113
19 54 6518
19 61 11867
20 18 4222
20 22 7959
20 23 852
20 27 13483
20 10 10371
20 77 4539
20 17 11744
20 21 2176
20 69 12554
20 76 11408
20 57 9022
20 90 9183
20 7 328
20 56 8991
20 67 9804
20 73 14825
20 70 12410
20 47 14372
20 86 2950
20 38 2945
20 71 2762
20 62 21
20 5 1701
20 84 1770
20 11 12685
20 36 13903
20 49 12225
20 43 10932
20 32 1744
20 78 7756
20 4 13535
20 45 264
20 46 8558
20 92 3485
20 13 6205
20 66 8882
20 8 3623
20 50 6472
20 54 8398
20 24 12528
20 31 4423
20 63 7868
20 26 3692
20 16 12890
20 15 4304
20 83 14519
20 59 5284
20 65 3031
20 40 8174
20 29 5810
21 16 5349
21 22 14107
21 32 6261
21 45 1217
21 59 3076
21 93 13892
21 60 1945
21 35 10022
21 73 5311
21 92 14266
21 38 730
21 57 11952
21 44 7300
21 27 7653
21 76 13584
21 80 11049
21 18 3528
21 52 12613
21 42 13020
21 51 1240
21 77 13251
21 36 9578
21 49 12998
21 97 1900
21 95 14826
21 78 3533
21 1 5644
21 91 4887
21 79 874
21 25 11885
21 41 11695
21 10 11148
21 72 974
21 37 5983
21 5 13866
21 23 12867
21 11 11696
21 98 14174
21 47 7709
21 89 10135
21 84 7785
21 13 6858
21 66 3500
21 40 9297
21 19 10778
21 58 13085
21 99 11386
21 43 7347
22 39 14150
22 18 10498
22 55 13852
22 72 10394
22 65 1467
22 42 4575
22 47 10033
22 8 1810
22 97 7262
22 63 11151
22 4 1180
22 27 9232
22 54 5538
22 77 9118
22 87 3607
22 84 11409
22 17 10774
22 78 7584
22 36 2000
22 29 10001
22 49 2728
22 71 5051
22 74 8874
22 37 12460
22 48 12096
22 53 3123
22 40 4140
22 26 3863
22 70 2515
22 19 10984
22 33 9397
22 20 68
22 41 10427
22 75 10283
22 64 7203
22 9 340
22 11 14094
22 0 13147
22 59 2765
22 86 7779
22 25 1477
22 94 367
22 62 14329
22 69 3025
22 44 3604
22 32 12514
22 57 1440
22 82 1047
22 68 7402
22 7 2892
22 61 14772
23 47 10908
23 94 11948
23 87 6845
23 64 11131
23 75 5804
23 31 7228
23 95 1960
23 71 6672
23 50 11637
23 56 5043
23 25 7643
23 22 12701
23 49 2517
23 98 8722
23 33 11115
23 96 3085
23 85 3482
23 60 10775
23 97 7632
23 44 5676
23 24 13687
23 30 9214
23 29 617
23 18 11727
23 54 3655
23 6 -53
23 81 5258
23 88 6645
23 4 1537
23 79 1738
23 37 9696
23 43 6199
23 66 10523
23 58 6058
23 89 11141
23 39 2616
23 32 7966
23 16 6625
23 19 6602
23 51 9947
23 7 5787
23 55 14235
23 70 12385
23 48 10750
23 86 3796
23 82 1929
23 13 778
23 69 2522
23 1 3763
23 84 2012
23 53 14725
23 34 12403
23 46 13369
24 80 9580
24 27 6628
24 16 2043
24 28 5807
24 51 5759
24 68 4468
24 81 5414
24 35 13251
24 14 2111
24 90 5454
24 20 13193
24 89 8866
24 36 3051
24 93 8682
24 21 11772
24 37 4071
24 6 14057
24 73 11494
24 83 11352
24 71 9086
24 48 9849
24 10 14587
24 87 3107
24 18 9126
24 82 8387
24 61 4963
24 40 8330
24 2 1438
24 26 14152
24 17 10178
24 74 12116
24 15 426
24 50 5971
24 92 4735
24 88 3903
24 39 12152
24 38 7069
24 46 4505
24 64 6601
24 66 10300
24 85 1848
24 79 14569
24 19 3810
24 98 2422
24 53 9025
24 45 2959
24 25 4517
24 43 14412
24 13 13569
24 62 8170
24 77 534
25 55 113
25 88 9536
25 8 10413
25 89 3824
25 59 5552
25 0 7537
25 49 2416
25 97 1466
25 74 -74
25 78 4475
25 37 2699
25 47 1958
25 11 13157
25 43 6418
25 69 9875
25 58 14761
25 99 8423
25 10 5004
25 60 -57
25 67 3555
25 52 2248
25 9 9602
25 65 1779
25 61 7406
25 56 9759
25 12 3355
25 66 10856
25 41 12545
25 29 5377
25 13 5362
25 14 13426
25 15 9590
25 54 877
25 95 3138
25 36 69
25 51 14091
25 5 3191
25 75 8129
25 22 7991
25 85 1252
25 19 10845
25 92 14450
25 81 9581
25 23 5808
25 86 3321
25 48 10751
25 31 5283
25 40 1009
25 34 10069
25 18 13953
25 98 11164
25 53 404
25 71 4226
26 78 13020
26 50 546
26 83 2928
26 31 11855
26 29 4567
26 37 7578
26 34 7480
26 40 4625
26 79 13349
26 58 13131
26 30 14320
26 57 12752
26 8 8665
26 15 9787
26 85 5551
26 67 12515
26 87 2937
26 69 2997
26 88 5464
26 46 1857
26 44 6177
26 76 1366
26 91 13256
26 14 13432
26 48 8991
26 25 11376
26 64 3520
26 71 8911
26 11 14655
26 38 11411
26 77 154
26 59 6081
26 60 3020
26 28 14605
26 33 12511
26 93 7928
26 84 14311
26 36 13871
26 18 7612
26 96 14202
26 47 56
26 97 14209
26 98 6843
26 90 7644
26 24 5550
26 92 5072
26 68 10763
26 70 104
26 23 5583
26 17 2059
26 52 10117
26 95 13004
26 75 6109
26 39 4705
27 21 6528
27 25 3806
27 38 4081
27 85 7138
27 2 14167
27 97 1787
27 10 6703
27 57 9563
27 24 229
27 46 9752
27 91 5231
27 0 6043
27 50 9790
27 61 10342
27 74 740
27 78 3484
27 86 3116
27 83 7448
27 7 3156
27 23 7136
27 48 800
27 33 4099
27 54 3803
27 64 2793
27 84 4902
27 87 12072
27 95 11328
27 82 1110
27 80 3290
27 28 918
27 76 6119
27 40 11223
27 63 3435
27 34 952
27 5 11582
27 93 1811
27 55 3657
27 77 8975
27 49 13203
27 15 1781
27 68 7573
27 26 7941
27 20 11639
27 79 9777
27 4 2163
27 22 8143
27 19 11381
27 58 12001
27 37 9699
27 53 9407
27 44 8371
27 52 10486
28 63 7647
28 60 10877
28 72 1220
28 97 12738
28 5 543
28 85 10921
28 38 3902
28 34 6346
28 45 6880
28 3 11818
28 88 8893
28 55 8796
28 81 7645
28 90 14021
28 80 5786
28 64 6155
28 79 13119
28 19 13663
28 54 8906
28 47 9032
28 16 1163
28 77 8434
28 69 1236
28 87 1094
28 14 13230
28 23 14195
28 22 5441
28 99 10396
28 35 11016
28 71 6160
28 92 8096
28 75 7404
28 20 11357
28 74 9541
28 57 4261
28 94 11835
28 62 1115
28 68 6329
28 4 14026
28 29 13280
28 7 6011
28 91 7913
28 89 10845
28 0 8224
28 46 4015
28 76 4897
28 21 7278
29 19 6355
29 79 6082
29 22 8398
29 94 6881
29 65 13222
29 15 12590
29 28 13818
29 44 2864
29 42 13161
29 73 9594
29 45 9423
29 23 10871
29 96 804
29 52 14213
29 36 1399
29 62 5373
29 78 1607
29 4 3622
29 77 6845
29 63 10525
29 61 1529
29 64 8731
29 70 9628
29 59 613
29 41 1146
29 30 7610
29 97 12555
29 16 12831
29 93 11906
29 57 1010
29 6 1221
29 92 6179
29 26 4174
29 58 8842
29 49 2290
29 71 14190
29 74 14690
29 50 7899
29 69 9579
29 21 4652
29 91 11946
29 87 1042
29 20 4776
29 55 1987
29 46 317
29 99 7535
30 80 8736
30 47 7626
30 40 6400
30 61 988
30 54 6636
30 92 9687
30 2 13253
30 36 12958
30 42 14192
30 41 6638
30 82 2642
30 79 8141
30 64 3080
30 59 5711
30 26 5242
30 87 3730
30 95 7185
30 49 11364
30 24 10714
30 85 9251
30 90 7136
30 43 12977
30 63 11514
30 21 9573
30 44 8858
30 34 13510
30 52 2513
30 81 6424
30 60 13816
30 77 3271
30 17 6183
30 74 11327
30 71 3582
30 88 14485
30 72 8509
30 76 5479
30 62 12973
30 16 2276
30 4 2160
30 13 13389
30 57 1305
30 22 6357
30 8 10472
30 45 12984
30 51 10033
30 5 11492
30 94 8027
30 50 13661
30 46 13029
31 77 1012
31 6 11064
31 23 14469
31 42 10701
31 81 11015
31 71 9598
31 2 10291
31 37 13165
31 24 5562
31 21 4374
31 29 9669
31 44 14428
31 94 7986
31 88 2615
31 20 1624
31 62 10555
31 16 13773
31 82 8839
31 30 5072
31 72 4179
31 27 5457
31 65 13710
31 8 14059
31 51 4179
31 11 3231
31 99 8883
31 75 14316
31 14 8633
31 48 12402
31 19 12193
31 64 4484
31 34 7153
31 26 8612
31 43 1588
31 63 2434
31 25 37
31 1 2038
31 54 7144
31 98 4776
31 74 12628
31 69 10078
31 39 11959
31 84 6472
32 29 6427
32 76 11076
32 13 9058
32 8 4953
32 33 5086
32 83 11967
32 54 13921
32 44 11591
32 27 7953
32 48 4405
32 56 6
32 55 7645
32 5 6283
32 77 1966
32 52 8204
32 10 2401
32 62 4934
32 64 1408
32 91 634
32 53 4421
32 73 5291
32 98 14126
32 11 14411
32 61 10096
32 31 2563
32 59 11848
32 20 34
32 45 7271
32 37 7404
32 40 13613
32 81 3597
32 35 9771
32 47 6505
32 65 170
32 9 8158
32 74 2432
32 15 5652
32 22 3015
32 87 13679
32 26 529
32 43 13602
33 67 8819
33 66 14014
33 44 5426
33 29 12798
33 71 11887
33 57 3260
33 70 4826
33 80 13016
33 61 9723
33 11 8721
33 25 2598
33 73 3714
33 42 2119
33 90 4914
33 52 13530
33 74 10766
33 20 6378
33 77 7635
33 83 7133
33 3 10531
33 34 -67
33 18 6026
33 62 4353
33 60 925
33 78 1507
33 31 12940
33 36 10446
33 63 1271
33 79 14795
33 0 10014
33 13 1692
33 19 13658
33 41 4114
33 50 5523
33 76 3586
33 64 13559
33 89 9851
33 98 1474
33 43 3142
33 81 14314
33 93 2644
33 17 9662
33 10 6563
33 55 3032
33 6 11859
33 16 13547
33 32 13114
33 92 3743
33 68 10663
33 24 3601
33 97 484
34 67 3108
34 65 13062
34 40 7710
34 78 1014
34 63 5154
34 96 9453
34 0 684
34 76 11572
34 72 2874
34 93 9306
34 82 3109
34 92 12136
34 35 1374
34 43 6964
34 87 4232
34 28 316
34 17 1149
34 52 10029
34 20 1678
34 75 13645
34 98 1246
34 32 6297
34 59 4322
34 41 5456
34 91 11655
34 84 9246
34 27 1177
34 11 11069
34 74 13636
34 9 12656
34 71 9053
34 94 14630
34 51 3759
34 99 6477
34 83 9585
34 88 3852
34 10 7693
34 47 11679
34 1 10585
34 49 13065
34 18 7116
34 70 10291
34 80 5157
34 86 6674
34 13 9848
34 97 11139
34 69 3528
34 55 7716
34 25 11014
34 90 1681
34 12 10315
34 62 13106
34 16 2921
34 7 11816
34 85 9183
34 42 11713
35 11 14307
35 99 181
35 65 10447
35 82 2014
35 67 435
35 79 8739
35 21 7261
35 81 3113
35 51 13768
35 1 4056
35 66 2863
35 34 7620
35 46 2843
35 3 7060
35 27 2167
35 63 5756
35 14 13337
35 92 13910
35 72 5907
35 4 12387
35 8 11471
35 90 7760
35 84 618
35 6 7066
35 19 10651
35 95 13731
35 13 13616
35 39 12811
35 29 9225
35 59 7572
35 78 2936
35 91 10793
35 30 7366
35 47 10653
35 86 4223
35 52 13721
35 93 11398
35 70 7354
35 76 9680
35 50 1424
35 48 13111
35 64 1825
35 53 10006
35 36 12098
35 54 8068
35 20 7303
35 55 3517
35 98 2093
35 26 4302
36 14 2983
36 12 4359
36 17 12548
36 37 7279
36 33 14300
36 40 10447
36 42 5766
36 92 1133
36 84 14127
36 35 5538
36 18 603
36 51 9260
36 77 4545
36 66 13140
36 5 214
36 72 1360
36 94 9801
36 4 6091
36 83 5955
36 55 8923
36 29 2826
36 63 9226
36 46 266
36 85 712
36 74 5659
36 32 4802
36 7 6408
36 22 5931
36 91 8830
36 67 6052
36 8 5579
36 81 14256
36 20 10151
36 16 8397
36 48 6348
36 31 2684
36 11 10336
36 58 4622
36 70 5447
36 28 12276
36 53 4829
36 61 12885
36 44 14594
36 71 8823
36 80 2117
36 62 3059
37 54 1706
37 18 12126
37 49 9875
37 46 11739
37 92 9356
37 84 2143
37 83 14300
37 85 5557
37 73 13952
37 5 11831
37 90 10129
37 43 63
37 19 10529
37 12 1563
37 52 13973
37 11 11715
37 23 2992
37 2 7365
37 8 3644
37 88 3790
37 47 1444
37 57 2585
37 96 9275
37 79 5802
37 30 4424
37 64 3778
37 55 391
37 21 9329
37 80 3984
37 13 57
37 89 6632
37 58 4893
37 70 14353
37 93 6373
37 32 9501
37 9 9734
37 3 9058
37 81 6493
37 51 2498
37 71 5237
37 50 9074
37 77 9749
37 40 3694
37 27 12551
37 0 5042
37 31 12274
37 17 10361
37 16 146
37 41 11107
38 76 2628
38 56 14412
38 33 7536
38 32 11890
38 55 14361
38 12 3310
38 42 5618
38 14 8987
38 3 3445
38 66 515
38 61 9868
38 1 409
38 63 2627
38 22 11074
38 8 3402
38 7 2965
38 0 8796
38 72 7018
38 13 1710
38 5 44
38 40 3348
38 36 7688
38 10 2575
38 26 8222
38 54 11038
38 17 12005
38 29 8615
38 4 11117
38 75 13439
38 16 5194
38 67 5803
38 64 2907
38 83 14106
38 9 5609
38 69 8648
38 98 7880
38 50 1423
38 68 3170
38 41 11282
38 51 7443
38 78 1691
38 79 3259
38 35 9394
38 99 4038
38 73 14635
38 77 12386
38 92 9901
39 36 13257
39 31 3801
39 60 8620
39 64 731
39 62 14164
39 18 11980
39 58 13625
39 13 8375
39 0 2910
39 7 12397
39 5 7526
39 19 1281
39 22 13044
39 52 8403
39 44 9984
39 92 14530
39 3 5222
39 10 10316
39 98 8780
39 69 7496
39 73 8334
39 4 10872
39 94 10545
39 97 9532
39 6 3192
39 46 3866
39 82 6066
39 27 9033
39 29 9634
39 85 9640
39 66 5963
39 17 8567
39 49 10841
39 83 10512
39 91 3952
39 75 7387
39 87 -40
39 30 1009
39 65 8980
39 47 569
39 23 725
39 42 6786
39 68 11433
39 20 13847
40 53 14571
40 46 2464
40 17 859
40 16 11056
40 84 5415
40 72 1921
40 3 3392
40 86 2540
40 93 5343
40 97 511
40 36 12964
40 80 8442
40 59 4791
40 91 7530
40 21 4739
40 5 6246
40 48 10143
40 64 899
40 68 4936
40 27 8520
40 81 13926
40 65 4331
40 96 11445
40 87 12371
40 25 7737
40 8 844
40 94 13384
40 77 10713
40 62 5566
40 9 8297
40 24 9820
40 20 931
40 58 3901
40 56 2855
40 41 13492
40 55 4881
40 6 8691
40 34 3692
40 30 11038
40 95 11962
40 71 3840
40 31 8023
40 42 835
40 28 6057
40 85 -4
40 50 6987
40 23 8743
40 12 8392
40 82 10936
40 67 4523
40 66 4588
40 37 1384
40 10 8252
40 60 9181
40 49 4565
40 99 2176
41 78 13770
41 84 12437
41 22 6486
41 7 4390
41 4 11830
41 53 1691
41 5 3387
41 11 2518
41 38 11578
41 34 2586
41 71 9209
41 48 898
41 77 12007
41 68 5055
41 80 14217
41 90 2323
41 97 6209
41 29 12033
41 14 3831
41 16 12286
41 1 8544
41 45 3100
41 75 2758
41 19 9323
41 70 2885
41 3 13951
41 76 4769
41 69 8341
41 37 13391
41 8 2825
41 96 14144
41 64 5381
41 2 785
41 93 11539
41 46 6934
41 95 2396
41 54 940
41 18 3127
41 81 14104
41 40 7582
41 49 1697
41 73 13587
41 23 5539
41 61 13115
41 85 9725
41 83 10062
41 58 7119
41 67 8822
42 4 8707
42 20 2623
42 58 2942
42 30 598
42 69 4174
42 99 3772
42 8 10585
42 45 5930
42 1 4587
42 31 10960
42 15 1968
42 89 182
42 78 1468
42 19 294
42 16 11668
42 26 6328
42 98 1749
42 95 8602
42 63 6001
42 40 8497
42 3 6126
42 97 11021
42 70 3206
42 24 632
42 65 6710
42 56 9536
42 71 8909
42 92 10154
42 90 10044
42 49 4645
42 91 3217
42 68 5948
42 60 2537
42 79 4614
42 39 12413
42 13 14609
42 21 -45
42 61 3463
42 87 14490
42 2 10500
42 83 10839
42 37 1652
42 77 8845
42 18 3675
42 88 10829
42 41 3275
42 33 10142
42 51 13528
42 43 10882
43 15 8828
43 74 6715
43 70 1684
43 97 1041
43 88 7433
43 94 2832
43 93 6299
43 55 12008
43 75 14117
43 40 6168
43 18 4178
43 37 2092
43 9 14372
43 87 1070
43 13 1350
43 95 3910
43 42 11103
43 8 6865
43 29 14804
43 57 3538
43 72 12836
43 92 6259
43 77 13800
43 30 1033
43 60 3047
43 2 393
43 28 9703
43 78 3224
43 39 403
43 82 7589
43 83 11600
43 36 8270
43 68 10973
43 48 1224
43 62 10497
43 64 6688
43 4 5139
43 99 6922
43 3 9708
43 49 6172
43 84 587
43 16 12369
43 47 3467
43 31 12851
43 52 80
43 67 10136
43 98 13573
43 45 9218
43 17 10563
43 10 13876
43 80 3464
43 25 13107
43 7 8320
43 76 6589
43 22 6931
44 50 1031
44 87 9668
44 27 1834
44 74 13594
44 97 9546
44 26 11233
44 23 1185
44 28 10091
44 98 11842
44 52 14810
44 11 1810
44 33 1058
44 32 4303
44 64 4976
44 4 14654
44 70 3267
44 56 4581
44 77 8287
44 5 5724
44 29 13749
44 85 14357
44 43 5653
44 47 2965
44 89 1428
44 54 3792
44 30 5028
44 6 13004
44 36 7841
44 8 10939
44 55 14056
44 58 6051
44 88 12408
44 49 12593
44 37 390
44 86 10838
44 48 11807
44 61 11149
44 16 1342
44 0 8577
44 72 5459
44 66 4645
44 57 6521
44 67 8313
44 21 1370
44 24 13232
44 18 3789
44 46 9838
44 38 6040
45 37 12613
45 99 8704
45 32 11660
45 15 4081
45 74 8541
45 11 3732
45 18 12815
45 16 4307
45 23 6741
45 96 9214
45 76 7698
45 80 8491
45 52 6261
45 83 1703
45 66 1222
45 64 5917
45 68 12655
45 67 10310
45 58 8098
45 30 14445
45 4 6276
45 51 4096
45 36 3517
45 25 5129
45 7 -1
45 41 7623
45 53 11689
45 84 4456
45 12 9540
45 34 10556
45 98 7228
45 85 4178
45 50 9837
45 82 425
45 91 2044
45 38 14150
45 72 11902
45 43 14520
45 21 4181
45 86 4100
45 27 3287
45 44 2614
45 29 3048
45 31 7521
45 2 8248
45 10 13110
45 87 10353
45 63 7571
45 40 12802
45 93 12440
46 69 10986
46 38 7864
46 56 6946
46 58 7713
46 11 10635
46 30 6476
46 53 8480
46 62 14826
46 14 6265
46 64 9030
46 54 7834
46 15 14836
46 94 3499
46 98 7527
46 65 9192
46 60 14800
46 96 723
46 77 10943
46 39 7455
46 59 1663
46 86 12232
46 83 9555
46 26 3291
46 32 10310
46 24 11133
46 33 1336
46 71 9359
46 20 13565
46 27 978
46 16 5392
46 51 10654
46 72 6686
46 29 10844
46 28 182
46 17 2479
46 42 14754
46 43 268
46 5 7024
46 95 14577
46 90 11826
46 89 2382
46 1 7945
46 93 2356
46 85 3134
46 67 1547
46 66 1532
46 91 8586
46 88 14698
46 79 9908
46 81 8238
46 84 8513
47 15 10880
47 81 7297
47 54 5468
47 95 12944
47 63 10367
47 26 12617
47 89 3676
47 78 6306
47 66 10786
47 29 14722
47 62 9836
47 36 4683
47 64 11664
47 44 3073
47 74 14436
47 5 11557
47 88 9344
47 97 14
47 13 7313
47 31 379
47 49 5424
47 18 2677
47 16 12411
47 85 9097
47 21 3883
47 92 2484
47 43 4548
47 84 9883
47 70 386
47 53 7620
47 52 3957
47 35 7338
47 75 4040
47 22 4653
47 17 1761
47 51 3843
47 2 3049
47 12 13981
47 14 13804
47 4 13207
47 69 7564
47 9 463
47 0 7695
47 27 8916
47 40 13874
47 72 655
47 32 2817
47 86 4515
47 55 8761
47 37 4056
47 23 5431
47 19 11322
47 34 618
47 20 5406
48 60 119
48 35 12639
48 14 6060
48 10 3481
48 39 8096
48 46 3553
48 95 8595
48 91 2921
48 5 1892
48 93 3692
48 24 1355
48 44 2514
48 76 12982
48 33 7214
48 81 3502
48 98 3962
48 40 10665
48 73 1082
48 25 2288
48 68 12806
48 67 2554
48 20 5473
48 47 6357
48 16 4546
48 7 1892
48 85 4738
48 26 12569
48 4 8860
48 2 691
48 62 11467
48 78 3295
48 18 1655
48 57 11059
48 28 14785
48 9 8778
48 80 14186
48 56 13031
48 75 10613
48 74 7493
48 94 14355
48 3 4664
48 42 13723
48 82 12713
48 15 10458
48 34 13895
48 63 3157
48 36 311
48 59 2106
48 53 13013
48 45 6670
48 77 608
48 11 5746
49 77 10110
49 64 6745
49 30 3582
49 31 6329
49 74 10526
49 70 11152
49 15 9859
49 33 10496
49 76 7387
49 94 7695
49 99 5992
49 37 10764
49 46 12860
49 55 768
49 71 6911
49 48 13212
49 82 8658
49 47 7792
49 19 2058
49 79 3586
49 43 3685
49 56 10908
49 24 14154
49 66 397
49 9 6955
49 51 9303
49 25 4065
49 84 9602
49 27 380
49 88 13923
49 75 1514
49 80 12524
49 93 184
49 86 14107
49 34 13672
49 3 6913
49 0 12626
49 28 2596
49 2 8570
49 62 7880
49 91 6814
49 85 7707
49 13 3146
49 81 11040
49 63 13247
49 87 8189
49 52 4848
49 8 4068
49 89 613
49 38 2758
49 4 4460
49 35 6281
49 36 6780
49 65 13900
49 95 486
49 54 10215
49 42 6914
50 78 11709
50 33 7993
50 23 5690
50 44 3322
50 93 7982
50 12 2962
50 15 7015
50 34 7427
50 65 2618
50 31 8442
50 26 11958
50 85 14597
50 21 1445
50 24 14528
50 56 6662
50 8 4326
50 40 12945
50 63 4425
50 75 7040
50 35 2755
50 97 768
50 16 13294
50 14 10732
50 46 14037
50 80 14774
50 2 7104
50 60 5924
50 41 10549
50 55 10285
50 70 13700
50 27 8959
50 47 5959
50 39 10110
50 96 6948
50 4 2428
50 59 7494
50 98 4895
50 45 6391
50 76 12927
50 52 1143
50 88 1073
50 19 10271
50 1 4601
50 95 7575
50 54 5541
50 30 5308
50 49 3148
50 81 7794
50 84 2216
50 82 9281
50 5 14520
50 18 10447
50 89 14294
50 7 8348
51 27 9977
51 72 1594
51 31 7412
51 87 6347
51 15 2965
51 41 2081
51 55 2490
51 79 6861
51 17 2635
51 89 7054
51 63 13906
51 14 2397
51 42 3398
51 83 10834
51 18 318
51 2 12500
51 10 12612
51 58 5624
51 36 7822
51 44 12865
51 75 12403
51 24 221
51 0 12804
51 92 4766
51 93 4114
51 69 5383
51 40 1816
51 65 5559
51 23 4214
51 85 4502
51 56 11557
51 45 949
51 71 4356
51 6 9807
51 3 5065
51 81 14137
51 22 8765
51 9 1432
51 90 11612
51 37 14693
51 48 4737
51 33 11756
51 50 3678
51 82 5432
51 97 9827
51 8 1838
51 96 12711
51 5 234
51 16 10556
51 62 13890
51 11 3434
51 29 13176
51 67 1895
51 66 5887
52 9 3747
52 66 14379
52 37 7696
52 30 6103
52 45 4498
52 31 9920
52 64 9380
52 48 4500
52 8 14034
52 32 10
52 76 6776
52 95 7565
52 54 5205
52 35 14709
52 73 1679
52 83 5852
52 26 5807
52 43 8499
52 39 8128
52 67 735
52 14 14645
52 69 2981
52 72 5715
52 62 1193
52 16 240
52 86 5706
52 19 14273
52 12 13358
52 24 10239
52 71 1818
52 17 2805
52 50 9682
52 36 2168
52 22 4043
52 59 10216
52 56 5138
52 89 1281
52 58 4827
52 79 8181
52 23 7150
52 82 1144
52 88 5688
52 65 3710
52 98 12552
52 93 6402
52 46 7313
52 20 7232
52 29 6365
52 11 7428
52 33 6490
53 90 6741
53 87 10019
53 48 14406
53 95 12523
53 42 11929
53 10 5942
53 16 2414
53 30 3116
53 49 3157
53 67 2834
53 65 8196
53 19 6333
53 47 5282
53 72 5466
53 84 13960
53 26 11650
53 33 14286
53 34 2906
53 4 11007
53 1 6971
53 85 1741
53 46 8523
53 14 9240
53 21 14288
53 86 4712
53 88 2862
53 29 13890
53 24 13716
53 6 57
53 18 13583
53 98 12019
53 93 7548
53 82 6246
53 97 5894
53 38 7268
53 28 14805
53 37 1544
53 35 14038
53 54 2153
53 3 9143
53 0 1062
53 69 14768
53 23 1726
53 70 11230
53 83 2857
53 52 9706
53 77 9209
54 26 10648
54 0 293
54 53 1327
54 96 3790
54 23 10637
54 25 4113
54 43 4657
54 85 6088
54 87 3485
54 59 6764
54 91 13534
54 64 10195
54 12 5075
54 81 6929
54 42 8955
54 9 9021
54 68 12787
54 89 12083
54 49 8022
54 8 1609
54 56 13127
54 19 12283
54 99 9314
54 2 11066
54 63 5465
54 34 1126
54 90 4185
54 98 5993
54 61 11029
54 30 5788
54 32 3508
54 52 11774
54 10 232
54 67 13302
54 17 4226
54 31 718
54 69 13385
54 62 2200
54 18 11980
54 72 3728
54 71 7673
54 22 214
54 37 1585
54 92 7746
54 97 697
54 15 2039
54 44 10803
55 18 1356
55 72 358
55 11 1574
55 89 1924
55 37 6945
55 67 -7
55 54 2046
55 15 5526
55 69 6677
55 60 1848
55 80 7979
55 4 11022
55 63 1331
55 65 3086
55 12 11873
55 87 7127
55 28 1560
55 30 8750
55 20 3416
55 41 838
55 66 1355
55 61 1600
55 42 4326
55 45 2211
55 83 13417
55 71 7902
55 31 14293
55 43 3671
55 44 3
55 73 14294
55 56 13685
55 75 6668
55 17 10238
55 82 7141
55 50 1828
55 59 267
55 3 12880
55 95 8344
55 29 7678
55 16 2587
55 7 8684
55 78 5243
55 86 3221
55 26 24
55 14 1936
55 13 4254
55 53 1727
55 21 635
55 52 6386
55 88 6589
55 9 7811
55 19 12033
55 10 4680
56 52 5374
56 18 3009
56 99 11755
56 6 9018
56 75 14683
56 72 9905
56 31 7381
56 36 7402
56 58 9520
56 78 4247
56 79 10252
56 54 2276
56 12 2329
56 87 7861
56 3 13313
56 55 790
56 77 1653
56 57 9437
56 33 9685
56 97 13436
56 40 7800
56 42 4965
56 38 6854
56 10 4217
56 74 331
56 64 4176
56 44 6816
56 1 336
56 14 1099
56 80 124
56 5 5042
56 16 12984
56 9 10588
56 65 10030
56 28 4087
56 20 12697
56 60 3891
56 11 13743
56 37 13700
56 27 2016
56 84 4064
56 92 7090
56 2 10839
56 0 2012
56 81 7270
57 97 5242
57 50 8027
57 26 9578
57 44 11687
57 81 3015
57 63 4461
57 93 10865
57 99 12603
57 6 13674
57 94 13262
57 89 5176
57 95 4997
57 25 2385
57 62 12420
57 14 10714
57 29 12330
57 23 12759
57 79 11244
57 92 3694
57 17 10173
57 8 11594
57 45 8658
57 34 10692
57 74 5831
57 13 14772
57 11 8555
57 42 14172
57 96 9031
57 15 4329
57 75 7402
57 54 4205
57 20 10174
57 85 11946
57 37 8664
57 1 8947
57 5 4159
57 22 8117
57 56 9944
57 18 2016
57 87 12895
57 28 12715
57 55 6862
58 34 11771
58 68 5687
58 45 763
58 18 11140
58 65 5387
58 12 1928
58 52 1263
58 53 11929
58 8 1459
58 89 8698
58 69 8787
58 90 11678
58 66 12268
58 49 11954
58 94 2473
58 20 7181
58 51 5708
58 4 2437
58 60 1054
58 11 6781
58 81 5131
58 1 1304
58 3 13274
58 14 1366
58 76 3816
58 21 12382
58 41 2718
58 37 3311
58 96 203
58 72 8601
58 56 13362
58 93 654
58 23 2289
58 63 9059
58 9 14118
58 88 6527
58 22 569
58 55 6218
58 25 7967
58 17 11455
58 6 12694
58 16 8926
58 15 7870
58 99 14257
59 86 2694
59 7 5655
59 26 1149
59 53 540
59 22 7447
59 82 12374
59 54 12177
59 12 10473
59 23 13550
59 55 7290
59 8 6853
59 94 8764
59 77 13360
59 46 9632
59 28 3227
59 89 11970
59 39 892
59 35 8272
59 41 9561
59 80 9929
59 45 264
59 4 10959
59 9 142
59 95 265
59 29 8118
59 71 1743
59 62 1295
59 72 14697
59 0 7122
59 50 8991
59 24 4830
59 78 6885
59 56 11643
59 57 5595
59 1 9432
59 44 8409
59 40 8642
59 36 164
59 88 6125
59 31 31
59 69 6633
59 16 3765
59 17 12062
59 76 146
59 33 12531
59 97 6937
59 43 3210
59 30 7393
59 67 5997
59 10 8492
59 91 11637
59 11 3381
59 48 11555
59 74 10348
59 98 12726
59 90 1360
59 58 14209
59 38 6546
59 20 6419
59 34 4767
59 68 5606
59 15 6944
60 8 14247
60 51 4919
60 20 14400
60 14 7017
60 40 13464
60 96 1808
60 37 4393
60 41 2647
60 23 4535
60 78 5652
60 57 2830
60 50 14389
60 10 12586
60 47 3763
60 29 8654
60 66 5644
60 2 7723
60 27 10671
60 59 14705
60 54 6883
60 17 3945
60 7 2369
60 80 11398
60 26 6541
60 36 9665
60 56 8771
60 65 7682
60 13 3504
60 24 13699
60 58 8081
60 98 5966
60 34 14361
60 93 13048
60 90 3930
60 92 5989
60 72 6037
60 95 9359
60 42 8135
60 6 9482
60 69 1933
60 35 2719
60 4 9647
60 70 6777
60 91 13602
60 76 5795
60 12 403
60 1 7441
60 45 14562
60 31 14722
61 30 5387
61 31 9440
61 74 2151
61 21 3072
61 83 12501
61 32 5399
61 35 4513
61 13 7476
61 76 5212
61 53 10564
61 45 10179
61 80 12966
61 57 602
61 64 6041
61 38 12696
61 77 9963
61 98 11233
61 66 7786
61 91 7073
61 7 5321
61 92 9672
61 89 3941
61 99 1255
61 59 1028
61 48 8859
61 87 11055
61 39 3817
61 62 13424
61 16 7256
61 20 9267
61 72 -79
61 96 2822
61 34 13390
61 2 3466
61 93 2251
61 55 9441
61 95 2696
61 84 13192
61 26 11758
61 94 14517
61 11 7633
61 90 514
61 3 9088
61 1 1832
61 56 10273
61 24 3711
61 0 12169
62 95 6380
62 28 3229
62 76 9639
62 3 14011
62 68 5742
62 0 775
62 21 7897
62 73 12460
62 17 9354
62 27 5311
62 64 8745
62 93 12202
62 19 6509
62 34 9294
62 9 11675
62 35 7056
62 22 11490
62 10 12589
62 53 14486
62 4 1232
62 82 803
62 7 1483
62 45 14491
62 97 13466
62 59 4458
62 25 8947
62 99 2865
62 39 9581
62 71 11936
62 14 13541
62 50 9048
62 60 1103
62 38 10382
62 18 380
62 58 7974
62 63 1258
62 65 7124
62 70 3787
62 67 1169
62 29 12542
62 37 14600
62 88 14578
62 41 4620
63 1 10252
63 84 13659
63 72 4720
63 33 14102
63 67 8331
63 52 10767
63 2 1724
63 35 5392
63 53 6960
63 38 3221
63 79 10650
63 32 2616
63 26 8437
63 88 10713
63 20 12246
63 74 1362
63 15 2684
63 23 6247
63 11 13719
63 28 5866
63 21 4274
63 76 3947
63 75 4539
63 41 1929
63 19 6299
63 85 5958
63 82 10142
63 3 7818
63 22 11606
63 56 7087
63 46 13973
63 94 10873
63 43 9752
63 48 10792
63 90 11143
63 49 6964
63 91 10620
63 50 9878
63 93 2302
64 2 11089
64 59 4424
64 78 7671
64 69 10496
64 68 6192
64 9 12622
64 53 7336
64 81 3661
64 27 13036
64 34 12802
64 40 537
64 20 6741
64 16 2529
64 55 8875
64 75 3011
64 42 6036
64 85 8150
64 5 11334
64 73 1030
64 0 14185
64 92 8964
64 90 5450
64 25 437
64 57 5096
64 37 3542
64 43 10383
64 84 10471
64 52 13970
64 79 14414
64 49 6670
64 1 10420
64 3 6054
64 71 12107
64 23 1142
64 6 1053
64 28 11630
64 19 4642
64 63 7567
64 47 285
64 76 1246
64 18 8234
64 67 3176
64 45 12463
64 70 1071
64 99 14218
64 50 2650
65 30 6223
65 0 90
65 49 -92
65 78 10984
65 62 2521
65 26 3743
65 52 12662
65 44 8511
65 81 10035
65 23 8196
65 87 5317
65 39 9538
65 43 6720
65 13 6695
65 25 946
65 84 10150
65 61 5555
65 2 14508
65 36 3262
65 82 7761
65 15 4746
65 38 8983
65 57 7620
65 92 3705
65 3 162
65 96 240
65 27 10732
65 35 593
65 85 8440
65 28 8056
65 19 13837
65 72 9828
65 4 9076
65 95 14248
65 45 5063
65 10 2394
65 70 6607
65 98 3605
65 55 10043
65 68 2295
65 40 3937
65 29 1078
65 11 14423
65 64 7472
65 14 7384
65 47 8771
65 50 2810
65 51 8533
65 91 4770
66 45 9310
66 78 2383
66 21 7621
66 95 8917
66 54 10767
66 23 8943
66 2 11761
66 99 14674
66 87 12516
66 47 11857
66 25 -48
66 94 2078
66 42 9822
66 32 5249
66 89 822
66 44 8892
66 18 12430
66 73 8675
66 48 11420
66 55 13871
66 74 2070
66 19 8926
66 65 2875
66 59 9710
66 60 10125
66 50 7229
66 84 12382
66 85 2922
66 6 10489
66 12 9547
66 67 2067
66 16 2120
66 88 11579
66 1 14044
66 80 2523
66 29 10064
66 20 796
66 86 9146
66 91 12763
66 82 14064
66 14 8745
66 69 9383
66 8 513
66 46 14766
66 31 13569
66 58 14434
66 98 6456
66 52 10226
66 68 63
66 33 8731
66 5 12864
66 83 12354
66 56 14073
66 11 3763
66 37 4874
66 72 4981
66 93 3404
66 10 2280
66 92 3292
66 26 2052
66 9 13302
66 17 8659
67 26 5348
67 72 12358
67 75 3022
67 27 2041
67 56 4164
67 18 5486
67 59 13436
67 78 3594
67 37 1484
67 68 7524
67 85 3433
67 11 9416
67 70 299
67 15 3449
67 96 3273
67 71 9291
67 9 12868
67 21 14046
67 66 6444
67 45 5052
67 8 441
67 90 440
67 42 10789
67 44 1710
67 50 11630
67 65 2143
67 94 14112
67 52 11193
67 13 1651
67 79 10642
67 23 -67
67 12 9791
67 51 691
67 29 9882
67 83 3902
67 74 8734
67 35 4958
67 40 6223
67 93 13097
67 20 3238
67 24 9566
67 61 7579
67 16 2103
67 46 13249
67 38 1051
67 41 12741
67 97 3003
67 69 9071
67 25 886
67 43 8568
67 98 2784
67 10 8863
67 81 5493
67 87 14730
67 36 11987
68 88 7502
68 6 1751
68 76 9767
68 69 4318
68 41 4468
68 45 5092
68 70 14163
68 92 572
68 81 -37
68 50 9133
68 19 1390
68 67 13924
68 56 10262
68 82 3597
68 53 13085
68 31 4495
68 43 7316
68 2 11220
68 35 2402
68 22 1226
68 26 11693
68 98 14135
68 39 9360
68 95 14281
68 16 5044
68 7 803
68 46 7066
68 14 14090
68 96 5154
68 57 1017
68 24 9958
68 75 1060
68 1 4360
68 47 5852
68 71 12702
68 86 2883
68 10 7290
68 65 13860
68 63 2361
68 93 8594
68 54 7701
68 77 8102
68 60 9371
68 84 6683
68 30 4005
68 79 4086
68 11 8233
68 37 11680
68 8 13516
68 12 5138
68 3 11778
68 55 3723
68 36 3393
68 49 11049
68 61 1941
69 73 5858
69 25 672
69 21 6911
69 91 12280
69 11 5697
69 3 11783
69 53 2491
69 52 8242
69 18 9839
69 82 5286
69 97 10509
69 59 13382
69 57 -91
69 36 2264
69 54 10259
69 60 14471
69 77 14828
69 0 9731
69 90 14234
69 94 1564
69 92 2325
69 87 6128
69 4 993
69 14 14383
69 80 5908
69 9 8020
69 19 5431
69 89 4523
69 48 7194
69 93 7380
69 39 11695
69 66 2378
69 13 14040
69 38 9492
69 88 6331
69 74 4274
69 56 8994
69 8 13431
69 68 6826
69 5 7463
69 6 2668
69 40 1055
69 35 3273
69 70 10298
69 31 3133
69 30 5963
69 86 8440
69 63 10162
69 64 11339
69 98 14497
69 23 8253
69 46 4581
69 26 8355
69 62 11101
69 51 7616
69 1 4215
69 78 7641
69 50 1137
70 72 434
70 19 897
70 97 3592
70 59 4159
70 24 12192
70 96 175
70 63 6268
70 15 14681
70 30 6426
70 31 4363
70 17 413
70 50 10876
70 45 12154
70 23 13826
70 29 7354
70 16 806
70 62 7245
70 75 7150
70 39 8245
70 7 11371
70 6 2275
70 80 14110
70 28 2245
70 4 6107
70 12 1195
70 67 1467
70 54 6433
70 18 2342
70 53 13226
70 0 3623
70 56 2112
70 79 14214
70 32 1583
70 1 7608
70 92 7071
70 87 8007
70 94 11095
70 98 7188
70 5 7209
70 34 11016
70 8 11157
70 74 10264
70 14 10609
70 95 12727
70 84 7812
70 68 12257
70 58 337
71 1 8245
71 43 9812
71 46 13974
71 67 14644
71 35 10550
71 31 2661
71 76 2384
71 75 12569
71 58 3212
71 69 11823
71 85 10760
71 53 12553
71 21 4170
71 87 12709
71 79 5423
71 42 5177
71 27 3795
71 0 8508
71 3 2576
71 36 11914
71 2 1233
71 4 3450
71 59 8071
71 39 1182
71 13 2703
71 77 7775
71 65 14477
71 61 6663
71 99 5456
71 80 3045
71 51 13807
71 6 10014
71 44 3375
71 23 13172
71 95 4232
71 14 3944
71 73 4817
71 30 13618
71 50 4388
72 12 4126
72 61 5721
72 40 4925
72 51 3906
72 83 10821
72 39 11259
72 79 11928
72 9 1784
72 23 859
72 60 5707
72 41 4803
72 65 8970
72 94 1793
72 16 2577
72 35 14541
72 7 383
72 56 11399
72 47 3736
72 21 1396
72 74 272
72 75 11018
72 66 7382
72 52 9021
72 46 4341
72 88 3766
72 48 3626
72 26 2072
72 82 3695
72 85 4010
72 30 8168
72 69 9676
72 14 474
72 31 7086
72 27 7737
72 63 12742
72 36 13397
72 45 12631
72 28 13790
72 81 3299
72 55 3046
72 43 1367
72 38 9513
72 32 10594
72 1 6698
72 19 6163
72 62 626
72 80 10177
73 67 11377
73 62 7872
73 6 9457
73 35 4299
73 93 11724
73 80 640
73 75 6069
73 44 13303
73 55 12261
73 45 4465
73 51 13221
73 69 11427
73 61 4479
73 84 3654
73 39 2555
73 63 13110
73 94 7599
73 1 4916
73 8 6914
73 12 279
73 25 1048
73 36 14369
73 89 1277
73 43 6017
73 98 7194
73 92 10271
73 33 13557
73 15 13446
73 26 14577
73 21 619
73 68 1985
73 58 7317
73 32 4382
73 7 64
73 54 6296
73 0 12345
73 56 11780
73 77 8010
73 4 3813
73 17 5268
73 52 309
73 60 4345
73 19 5102
73 82 5111
73 49 6600
73 66 13236
73 30 1139
73 24 6403
73 74 14204
73 42 8594
73 90 2578
73 40 1668
73 48 5147
74 80 2790
74 63 14318
74 92 8549
74 47 13223
74 58 2100
74 5 5501
74 96 10491
74 75 2596
74 26 1304
74 12 8080
74 23 2952
74 7 9397
74 77 3242
74 28 14764
74 71 330
74 55 8439
74 50 3120
74 25 5898
74 59 1309
74 52 433
74 19 2301
74 79 10863
74 31 1653
74 57 1781
74 94 11009
74 90 13142
74 97 13025
74 11 502
74 38 1648
74 29 12311
74 73 10696
74 41 756
74 81 7306
74 32 7366
74 15 10104
74 60 8457
74 17 790
74 13 5350
74 51 8995
74 37 4201
74 14 5838
74 35 9970
74 33 3626
74 44 541
74 45 9880
74 43 14402
74 99 10206
74 22 5976
74 6 8770
75 53 7953
75 1 13273
75 95 8528
75 2 7727
75 37 13754
75 41 6839
75 64 6386
75 14 6640
75 91 4241
75 4 2870
75 51 8866
75 82 13831
75 31 9111
75 49 5740
75 55 258
75 19 9575
75 73 8332
75 32 1112
75 39 9619
75 12 10512
75 43 10829
75 13 8111
75 69 14730
75 85 7572
75 50 4736
75 0 4897
75 24 5053
75 11 5712
75 98 10973
75 35 9507
75 29 10933
75 6 10070
75 58 9791
75 16 3452
75 8 7740
75 74 10854
75 61 4058
75 54 1178
75 92 70
75 33 14461
75 48 2807
75 83 589
75 3 6457
75 97 4583
75 68 3401
75 78 3455
75 22 10583
75 79 199
75 15 10637
75 86 10332
76 97 3318
76 78 4514
76 3 644
76 44 6939
76 23 6788
76 39 4673
76 30 4452
76 85 8600
76 84 3270
76 95 10517
76 1 2337
76 55 10070
76 66 7336
76 11 3449
76 64 14668
76 29 3761
76 80 14237
76 12 13584
76 77 4320
76 86 3196
76 10 12847
76 26 6349
76 17 2929
76 41 13850
76 51 8981
76 54 7655
76 53 201
76 83 11848
76 28 14662
76 4 3847
76 47 10769
76 35 7085
76 56 13424
76 98 12008
76 36 13747
76 40 9074
76 21 10973
76 81 8842
76 72 12896
76 74 3132
76 37 11651
76 50 9113
76 52 1112
76 59 11947
77 91 6058
77 55 11101
77 83 975
77 51 11331
77 35 9463
77 19 6082
77 72 8007
77 16 12244
77 61 7987
77 20 1115
77 37 952
77 96 13261
77 58 9989
77 62 3850
77 66 12069
77 38 2813
77 92 481
77 48 4441
77 31 28
77 13 948
77 71 6611
77 7 1224
77 80 3944
77 47 8994
77 26 8000
77 30 11258
77 81 351
77 89 2206
77 60 14140
77 87 11110
77 44 6486
77 49 279
77 59 1698
77 52 11595
77 67 6578
77 50 9127
77 10 5042
77 75 4967
77 74 11397
77 40 13421
77 9 3541
77 95 6525
77 85 12481
77 6 12754
77 5 4528
77 64 5947
77 45 3617
77 12 14710
77 27 152
77 93 9816
77 17 9018
77 69 2314
77 2 687
77 8 11463
77 29 6856
78 22 11567
78 82 9177
78 43 7956
78 56 11067
78 58 10459
78 72 3371
78 34 2395
78 2 2671
78 14 1210
78 39 11207
78 90 8064
78 54 12807
78 20 5276
78 23 6794
78 5 474
78 97 1457
78 50 6717
78 76 3976
78 47 7498
78 3 11827
78 84 5867
78 86 13031
78 51 6365
78 49 11724
78 99 4099
78 55 353
78 74 1690
78 70 11977
78 25 2193
78 40 8561
78 21 10782
78 64 12119
78 80 12210
78 6 5142
78 75 10198
78 35 11511
78 30 7913
78 28 9114
78 57 6926
78 52 3994
78 38 13133
78 8 3367
78 31 1411
78 95 2414
78 7 3672
78 48 7674
78 79 11382
78 65 4010
78 16 8973
78 0 10215
78 37 8845
78 81 5418
78 96 14160
78 93 12553
79 91 2347
79 5 6012
79 83 4240
79 4 2915
79 70 5719
79 39 4937
79 6 3149
79 96 11972
79 26 12475
79 61 12429
79 71 7448
79 52 1637
79 69 2197
79 38 2583
79 30 3242
79 95 9986
79 49 12488
79 88 5086
79 76 3994
79 28 14134
79 62 7494
79 77 9061
79 36 3603
79 11 3597
79 37 13552
79 13 12869
79 65 11533
79 78 959
79 90 4690
79 56 4839
79 89 8403
79 7 134
79 63 11093
79 47 5350
79 31 5259
79 97 4573
79 14 1989
79 50 9762
79 34 14563
79 81 6988
79 19 7863
79 33 10329
79 46 8266
79 99 11306
79 84 73
79 17 9484
79 60 496
79 74 8976
79 41 9231
79 29 4740
79 73 3611
80 12 12043
80 96 11105
80 20 10895
80 2 13765
80 97 1465
80 64 2192
80 8 2754
80 51 9518
80 79 260
80 17 12293
80 66 12864
80 42 14500
80 59 9981
80 91 10061
80 65 12925
80 86 2412
80 57 13244
80 52 2657
80 16 3220
80 24 7542
80 4 6146
80 14 282
80 27 14061
80 61 1770
80 36 10372
80 26 6405
80 88 7562
80 62 14195
80 76 2078
80 54 11739
80 21 5068
80 55 13310
80 28 1639
80 71 7901
80 68 -39
80 75 14341
80 83 6741
80 56 9879
80 81 8384
80 30 9790
80 93 9127
80 1 3847
80 23 1626
80 60 742
80 74 4020
80 13 6754
80 92 3932
80 78 6134
80 99 12451
81 11 13044
81 65 5306
81 51 9129
81 79 5517
81 97 6057
81 9 9093
81 58 1672
81 64 7332
81 23 8550
81 17 13592
81 6 2784
81 94 1118
81 1 10959
81 36 5738
81 67 40
81 70 9283
81 63 5520
81 74 4306
81 5 11201
81 86 9846
81 98 3939
81 91 9584
81 10 5284
81 49 11435
81 34 3009
81 27 14602
81 14 903
81 72 3884
81 21 2431
81 68 10046
81 53 11449
81 62 10641
81 78 9240
81 39 4863
81 88 4329
81 52 977
81 48 6882
81 45 9831
81 42 12127
81 83 11436
81 43 11523
81 56 10111
81 0 5079
81 16 14686
81 96 10604
81 28 14012
81 71 11293
81 76 14349
82 63 545
82 70 9679
82 18 2294
82 56 12038
82 33 2865
82 6 2798
82 42 3177
82 34 2872
82 71 6983
82 69 10979
82 44 1365
82 59 12530
82 95 10135
82 26 6002
82 72 2757
82 43 5903
82 67 11053
82 79 13428
82 10 7130
82 31 12965
82 24 2978
82 81 3931
82 96 3193
82 94 8498
82 39 13900
82 49 13059
82 83 5373
82 27 11839
82 92 3140
82 65 12292
82 52 5587
82 90 14570
82 99 3356
82 17 9629
82 55 6364
82 5 1356
82 30 8764
82 76 10300
82 1 5895
82 12 13165
82 19 948
82 15 9554
82 13 11612
82 2 553
82 93 8228
82 25 14164
82 61 876
82 98 7649
83 31 10147
83 15 12377
83 63 1519
83 48 10604
83 29 8580
83 84 9160
83 25 5170
83 21 4415
83 19 7289
83 55 13252
83 34 802
83 78 3116
83 92 4034
83 74 6109
83 0 6196
83 72 2443
83 7 11608
83 98 1195
83 26 9127
83 42 11996
83 27 4169
83 45 4683
83 16 1594
83 97 3134
83 14 13905
83 23 2136
83 17 3192
83 99 9985
83 94 1128
83 79 3337
83 43 1427
83 91 2365
83 40 6388
83 52 8742
83 5 11916
83 8 7580
83 66 13109
83 44 3469
83 64 14184
83 58 3393
83 9 3482
83 75 11173
83 4 5978
83 3 12268
83 56 5009
83 46 10968
83 20 3365
83 60 4503
83 71 2946
84 90 6906
84 7 12981
84 23 6810
84 72 6194
84 82 6221
84 3 7519
84 70 5674
84 13 12645
84 25 10826
84 68 8110
84 52 8510
84 93 4485
84 53 10057
84 12 13029
84 5 9154
84 39 3915
84 20 11899
84 29 9617
84 64 3326
84 31 4907
84 96 6108
84 26 10266
84 83 9603
84 51 9052
84 57 1745
84 56 11943
84 99 8263
84 2 2778
84 21 10862
84 97 9022
84 80 5828
84 1 12224
84 33 902
84 32 13449
84 27 4154
84 77 5765
84 79 6711
84 4 12799
84 10 4202
84 44 6676
84 50 1324
84 9 4488
84 81 6548
84 76 319
84 66 10015
84 0 1833
84 8 11138
84 42 7573
85 77 1934
85 31 2674
85 27 1348
85 46 14753
85 24 6253
85 40 8197
85 59 12290
85 72 6629
85 62 8772
85 49 10484
85 3 12976
85 6 70
85 38 2581
85 97 14621
85 70 2211
85 81 3914
85 89 8545
85 28 5885
85 73 13395
85 54 2201
85 33 1294
85 63 5322
85 80 11460
85 53 4823
85 96 2976
85 79 13783
85 91 11594
85 19 4509
85 66 6871
85 45 1784
85 39 9874
85 30 6742
85 23 10682
85 12 13031
85 18 8393
85 17 14547
85 43 6980
85 87 14236
85 60 11437
85 14 12477
85 48 9478
85 99 5400
85 0 4046
85 47 10215
85 68 152
85 83 2404
85 69 6952
85 16 12501
85 84 7772
85 74 4682
85 55 2154
85 41 14823
86 22 9169
86 10 1397
86 43 92
86 26 12831
86 21 14220
86 90 758
86 13 8797
86 79 13338
86 50 4781
86 7 13343
86 47 14094
86 36 4178
86 80 13122
86 64 13609
86 87 14779
86 69 4440
86 44 9308
86 56 13776
86 12 9082
86 70 11543
86 71 5349
86 0 -49
86 42 1295
86 60 397
86 57 3547
86 15 1853
86 29 7313
86 59 4363
86 72 9313
86 61 13671
86 62 897
86 58 9700
86 89 13190
86 5 9392
86 16 6303
86 63 1096
86 68 11118
86 51 2322
86 66 13004
86 95 9893
86 54 2841
86 18 8959
86 94 11420
86 14 10504
86 73 13276
86 27 4878
86 92 14078
87 55 7555
87 99 7175
87 84 1696
87 28 985
87 73 783
87 74 10529
87 94 9822
87 95 8135
87 97 -39
87 11 13676
87 77 14334
87 27 10045
87 86 12733
87 81 5452
87 71 14106
87 21 6353
87 35 14649
87 6 1297
87 43 4490
87 48 11642
87 76 11665
87 57 10852
87 65 6246
87 18 2898
87 12 7716
87 70 9226
87 75 9107
87 10 5395
87 8 7680
87 31 6327
87 39 3674
87 36 8182
87 40 131
87 80 281
87 50 3673
87 26 6715
87 51 14005
87 90 12839
87 85 13663
87 88 13512
87 45 3734
87 68 -93
87 72 3864
87 15 9359
87 78 6945
88 7 6182
88 80 10366
88 99 868
88 36 8851
88 91 5472
88 61 8471
88 29 8748
88 43 8966
88 83 10284
88 86 5010
88 84 4378
88 27 8543
88 19 7621
88 63 7386
88 95 10357
88 60 13516
88 94 5514
88 67 12945
88 9 2555
88 47 460
88 74 4055
88 20 1934
88 30 1938
88 42 7309
88 52 1949
88 78 5306
88 62 2506
88 10 7199
88 0 1904
88 79 10494
88 82 4875
88 53 2830
88 59 3246
88 31 12895
88 33 7095
88 57 716
88 97 3493
88 39 1565
88 44 12358
88 50 10868
88 87 5689
88 35 5275
88 77 11693
88 28 11530
88 55 11076
88 15 5252
88 3 4347
88 21 6309
88 89 13346
88 12 12553
88 68 8966
88 85 42
88 17 9991
89 72 8176
89 7 58
89 15 3002
89 35 8927
89 55 10288
89 28 3287
89 3 6081
89 30 624
89 49 4302
89 62 3429
89 2 8549
89 58 7759
89 34 2099
89 96 8462
89 54 6260
89 68 14346
89 32 10801
89 4 1128
89 76 9777
89 66 3343
89 57 13367
89 47 1326
89 18 7006
89 75 4683
89 24 10623
89 65 9757
89 25 7504
89 10 8775
89 23 3804
89 19 121
89 83 1064
89 38 2061
89 22 7552
89 90 13131
89 59 13763
89 46 11807
89 56 6857
89 67 3418
89 69 8864
89 26 8011
89 48 9538
89 21 7439
89 43 3776
90 41 11343
90 2 3259
90 44 9234
90 69 6526
90 31 14342
90 85 12156
90 8 8391
90 35 6236
90 59 12211
90 16 4338
90 62 6530
90 67 8714
90 75 10454
90 28 6714
90 24 10281
90 10 10233
90 82 12426
90 86 9730
90 91 4670
90 36 5531
90 81 12113
90 96 6459
90 71 8974
90 22 9157
90 95 10775
90 1 2788
90 49 14680
90 66 12157
90 34 1465
90 60 12581
90 37 12277
90 50 3193
90 51 14113
90 48 8252
90 93 6364
90 83 472
90 63 5834
90 61 6176
90 79 8610
90 84 7641
90 72 6704
90 5 11013
90 54 12627
90 45 14341
90 12 12022
90 77 14412
90 68 7436
90 25 10088
90 17 3609
90 32 5953
90 74 11602
90 3 9864
91 73 11549
91 14 3352
91 55 2857
91 89 12807
91 74 13881
91 7 3845
91 62 5437
91 96 14298
91 63 3317
91 94 8562
91 26 9050
91 93 5630
91 48 9590
91 31 1883
91 97 8445
91 20 9602
91 17 5846
91 81 7437
91 56 13181
91 88 9136
91 52 12717
91 34 5543
91 79 6594
91 46 11787
91 41 10007
91 59 6726
91 6 9610
91 45 2734
91 8 11725
91 50 11093
91 71 190
91 38 14516
91 18 8048
91 35 2480
91 90 14482
91 84 4388
91 92 3116
91 32 1874
91 75 6884
91 67 14010
91 10 8971
91 58 8705
92 5 8894
92 65 11401
92 17 7616
92 43 2198
92 49 -59
92 72 5252
92 76 11993
92 91 10377
92 47 3124
92 1 9625
92 54 9643
92 60 13489
92 34 12484
92 7 1912
92 42 3020
92 22 12243
92 56 2227
92 62 9986
92 88 11391
92 96 2609
92 40 13904
92 55 8617
92 20 4831
92 79 10520
92 30 11157
92 36 14024
92 80 336
92 87 11210
92 3 5844
92 58 3440
92 99 980
92 59 8820
92 98 857
92 41 3318
92 81 1850
92 2 12668
92 44 13224
92 63 4331
92 14 4788
92 4 12343
92 57 13045
92 95 13799
92 15 8118
92 73 13005
92 9 10779
92 37 11857
92 8 5292
92 83 2696
93 9 11228
93 72 14482
93 90 11233
93 83 10674
93 36 1560
93 3 2626
93 88 1211
93 48 8583
93 31 6710
93 81 50
93 43 954
93 79 7273
93 37 11153
93 56 7150
93 69 9844
93 68 7361
93 65 8889
93 54 2187
93 51 13046
93 70 2790
93 53 1629
93 24 6748
93 18 6191
93 63 4176
93 23 25
93 86 4470
93 38 718
93 74 6715
93 1 2466
93 28 4368
93 27 11212
93 11 8156
93 64 2993
93 67 7192
93 84 4179
93 8 4729
93 46 12668
93 52 5363
93 44 357
93 21 10606
93 76 3465
93 85 4354
93 25 13186
93 78 8766
93 7 6640
93 2 5307
93 98 12363
94 18 13330
94 27 10354
94 11 13887
94 22 8284
94 96 14655
94 90 10152
94 86 6287
94 28 4318
94 58 13249
94 0 3952
94 49 7810
94 67 4717
94 32 10425
94 44 1198
94 84 3657
94 76 13446
94 39 13324
94 83 11102
94 46 14011
94 52 3890
94 8 3426
94 40 4341
94 16 5722
94 3 10301
94 50 6377
94 93 2521
94 43 2983
94 85 9802
94 95 2905
94 68 5262
94 89 14032
94 15 3432
94 65 2515
94 97 12812
94 80 2553
94 71 8019
94 14 11329
94 20 12827
94 19 11213
94 6 8548
94 5 10172
94 51 -95
94 21 2091
94 99 10769
94 1 6142
94 37 6320
94 30 8672
94 60 3131
94 13 2982
94 41 2733
94 12 7564
94 29 11559
94 69 13339
94 17 8553
94 54 3605
95 90 10544
95 28 1871
95 44 9125
95 2 11204
95 80 11196
95 61 10197
95 23 1147
95 79 14547
95 94 13558
95 89 217
95 72 10179
95 50 4775
95 24 5922
95 46 14827
95 49 2520
95 20 13939
95 15 6653
95 75 33
95 18 720
95 65 12983
95 59 -39
95 88 3037
95 12 713
95 31 4098
95 53 9730
95 7 11110
95 42 4051
95 70 11042
95 34 7039
95 66 8045
95 62 10555
95 68 5644
95 56 6576
95 91 3805
95 73 3421
95 69 7004
95 85 13389
95 1 3937
95 22 6687
95 10 7056
96 64 9102
96 35 2674
96 29 11265
96 38 1693
96 0 12707
96 25 2197
96 6 1578
96 50 11571
96 14 10206
96 9 8941
96 93 8125
96 90 8288
96 95 5250
96 53 9721
96 69 4898
96 91 5233
96 74 5276
96 41 9696
96 26 3738
96 99 11279
96 20 6884
96 72 1954
96 98 218
96 37 4051
96 49 10282
96 31 1927
96 42 12215
96 30 9762
96 56 8089
96 16 9878
96 5 2613
96 48 2862
96 45 9405
96 15 6697
96 63 3229
96 39 2558
96 27 13735
96 22 1420
96 33 10166
96 55 9616
96 34 2487
96 18 1581
96 1 2561
96 66 1861
96 62 6602
96 89 11382
96 51 9204
96 83 14397
96 46 8542
96 8 2993
96 71 13
96 11 5740
96 92 12756
96 94 1790
96 84 1736
97 70 12757
97 13 7903
97 95 13179
97 86 13648
97 92 1762
97 75 12933
97 53 9176
97 71 3845
97 23 11577
97 31 671
97 59 14428
97 47 12939
97 20 4856
97 57 14780
97 28 13068
97 48 14397
97 82 12512
97 12 6720
97 73 12114
97 35 9654
97 85 2044
97 8 5056
97 83 7838
97 2 12618
97 43 849
97 27 5072
97 79 1291
97 96 12334
97 7 765
97 15 9116
97 76 10492
97 54 6018
97 36 3446
97 62 12768
97 34 8757
97 98 13413
97 42 11988
97 1 95
97 77 12093
97 5 4179
97 91 2190
97 18 10631
97 68 6894
97 37 13626
97 94 6754
97 17 5210
97 65 167
98 84 3037
98 92 13017
98 83 3011
98 21 12173
98 61 12474
98 57 10387
98 69 12000
98 71 9848
98 60 3764
98 7 614
98 88 6565
98 89 13737
98 81 13868
98 53 5128
98 54 2825
98 56 10143
98 38 6346
98 34 11044
98 13 13941
98 27 10171
98 9 13565
98 25 10737
98 80 10602
98 90 13168
98 99 14716
98 46 7495
98 12 7616
98 67 6222
98 24 12695
98 16 167
98 49 10497
98 39 229
98 50 13230
98 2 10341
98 66 9103
98 77 2567
98 79 11999
98 23 23
98 28 3220
98 85 10136
98 96 4603
98 65 14051
98 40 7480
98 3 3732
98 33 145
98 41 1746
98 82 7719
98 70 6405
98 35 7198
98 29 7628
98 94 8293
98 78 9707
98 8 878
98 52 3569
98 86 12119
99 28 8497
99 97 12682
99 31 9523
99 11 2460
99 16 3174
99 78 10922
99 10 606
99 89 5612
99 70 524
99 35 841
99 60 2313
99 0 7161
99 76 6576
99 37 168
99 7 10214
99 80 8272
99 77 6847
99 79 5295
99 67 9000
99 69 12390
99 15 14650
99 23 773
99 59 13153
99 29 10925
99 84 2059
99 93 1087
99 63 4509
99 34 4476
99 24 11266
99 47 11103
99 6 9377
99 54 12285
99 56 1752
99 13 3211
99 98 9639
99 38 13603
99 94 7461
99 20 8909
99 72 4609
99 14 7751
99 51 3834
99 22 11091
99 68 5906
99 30 6497
99 43 11810
99 75 2910
99 39 10864
99 26 2863
99 19 9369
44
