70 3622
0 1 1951
0 64 1226
0 51 7876
0 17 1534
0 28 7428
0 23 7334
0 2 7895
0 10 3969
0 3 3075
0 43 891
0 44 9189
0 61 559
0 63 2807
0 7 1326
0 46 3205
0 58 7406
0 20 5174
0 54 3835
0 49 7667
0 14 4311
0 52 761
0 21 10595
0 30 9040
0 67 10159
0 62 6535
0 4 9545
0 41 4791
0 22 2987
0 39 2150
0 5 3233
0 69 10269
0 34 2309
0 32 3027
0 29 568
0 56 1228
0 50 721
0 66 2291
0 59 383
0 36 6043
0 25 377
0 19 7570
0 16 911
0 38 7363
0 31 826
0 11 10422
0 6 7055
0 26 2660
0 9 2078
1 15 4474
1 22 9026
1 16 3572
1 25 4887
1 14 3984
1 19 3342
1 32 5738
1 67 7457
1 6 2161
1 35 6148
1 39 1547
1 23 4680
1 12 1405
1 41 1115
1 40 8638
1 55 6400
1 58 10137
1 65 3980
1 43 3335
1 60 6973
1 48 10420
1 34 8870
1 53 622
1 63 3829
1 29 4173
1 66 7466
1 11 5256
1 46 5744
1 17 9159
1 2 3797
1 64 6904
1 50 304
1 13 532
1 44 5268
1 57 9
1 51 9630
1 27 7334
1 20 9327
1 5 1500
1 18 9994
1 36 6926
1 0 10077
1 47 4013
1 21 7669
1 56 5097
1 8 9361
1 49 1624
1 62 7909
1 38 4523
1 69 10477
1 4 3577
1 24 129
1 26 4052
1 68 2752
2 68 851
2 0 9718
2 65 9817
2 49 5010
2 19 2029
2 37 7352
2 18 1159
2 16 9152
2 39 4439
2 10 68
2 51 7940
2 53 6243
2 23 1293
2 63 2709
2 58 1398
2 28 7713
2 48 4797
2 17 2313
2 42 4342
2 41 7786
2 3 4895
2 36 3444
2 13 1681
2 50 424
2 44 10109
2 56 521
2 43 4350
2 34 7548
2 14 6937
2 45 4311
2 24 420
2 52 7556
2 21 8589
2 20 7031
2 67 1842
2 46 789
2 59 9651
2 55 535
2 30 3588
2 66 3726
2 7 8210
2 29 3005
2 26 1261
2 27 3294
2 15 1815
2 62 2941
3 42 6008
3 10 420
3 53 1354
3 6 7145
3 7 5186
3 46 4690
3 11 861
3 67 2212
3 38 6447
3 50 4497
3 25 8765
3 28 1732
3 18 4866
3 15 5028
3 31 9875
3 39 6346
3 66 361
3 35 2785
3 57 10361
3 51 5033
3 2 3631
3 29 1937
3 16 6059
3 32 9069
3 0 4067
3 17 65
3 4 10278
3 63 4380
3 24 9112
3 47 9142
3 62 6206
3 36 2270
3 21 1206
3 22 8150
3 34 6246
3 12 7729
3 64 10809
3 19 530
3 45 4305
3 43 3026
3 40 7200
3 44 9692
3 60 6125
3 5 5961
3 13 7580
3 65 5021
3 8 8342
3 26 7500
3 9 5539
3 20 63
3 14 5368
3 58 4334
3 37 5077
3 52 3922
3 49 414
3 59 8747
4 69 1643
4 45 2233
4 24 946
4 37 2696
4 30 8754
4 21 8497
4 39 3272
4 38 5742
4 56 3657
4 52 2983
4 20 3040
4 68 9775
4 63 3058
4 28 2354
4 34 9192
4 6 325
4 27 7967
4 51 6218
4 67 5721
4 5 10852
4 19 2038
4 14 44
4 13 10587
4 47 3145
4 54 1328
4 9 670
4 46 6693
4 8 6567
4 16 2077
4 36 5528
4 64 1383
4 66 9561
4 3 9767
4 11 1424
4 55 7244
4 31 5788
4 10 2563
4 33 10701
4 18 2966
4 42 5001
4 44 6820
4 49 8831
4 50 972
4 65 7962
4 17 1539
4 41 635
4 40 4046
4 29 838
4 43 2821
4 2 6425
5 45 3066
5 43 821
5 4 2212
5 58 8654
5 34 9954
5 46 790
5 63 2449
5 50 5381
5 10 8718
5 11 6302
5 26 5887
5 25 6930
5 53 3536
5 49 10337
5 69 2301
5 23 807
5 12 7058
5 1 2544
5 60 6746
5 56 1846
5 51 1488
5 36 3321
5 54 9890
5 38 7312
5 13 2486
5 44 1705
5 2 9033
5 19 8030
5 28 8219
5 59 3243
5 24 457
5 35 1944
5 9 8484
5 3 3291
5 18 4821
5 64 6147
5 40 7124
5 21 3264
5 30 10702
5 0 3106
5 67 9652
5 29 8225
5 15 9508
5 33 485
5 16 9252
5 20 6027
5 55 8345
6 31 6166
6 32 4401
6 42 1717
6 8 4730
6 64 10572
6 33 4084
6 40 3841
6 56 6762
6 21 1112
6 53 4667
6 18 4715
6 39 8732
6 67 5462
6 3 888
6 49 8812
6 27 4378
6 54 6126
6 20 1915
6 12 7711
6 44 5862
6 11 10166
6 22 107
6 61 8753
6 52 6601
6 63 4855
6 5 4201
6 48 4456
6 68 7975
6 36 10205
6 65 7622
6 47 1511
6 60 4444
6 15 6828
6 25 9925
6 30 5497
6 69 6762
6 58 6513
6 55 3634
6 38 10677
6 28 8013
6 57 3185
6 46 9040
6 43 5906
6 35 1246
6 0 9927
6 41 6978
6 17 10700
6 13 6727
7 8 72
7 37 270
7 54 8777
7 68 2951
7 51 10386
7 47 5161
7 66 7527
7 64 3290
7 35 1764
7 15 7316
7 25 11
7 39 5345
7 13 10854
7 60 9532
7 67 8872
7 62 1944
7 0 9043
7 29 9818
7 4 9809
7 28 2479
7 14 6285
7 65 860
7 30 8587
7 5 5230
7 2 927
7 69 5445
7 56 3851
7 41 7565
7 50 4576
7 43 3190
7 59 2147
7 53 1072
7 16 10423
7 12 7046
7 24 3127
7 3 8348
7 10 684
7 26 2099
7 63 10610
7 32 1899
7 61 6538
7 45 2939
7 1 10820
7 17 1307
7 21 8908
7 33 5925
7 34 381
8 49 1151
8 36 9450
8 32 2578
8 27 5451
8 19 6153
8 51 9037
8 59 6763
8 9 8820
8 38 977
8 24 1940
8 15 4139
8 54 6808
8 41 5792
8 25 2508
8 47 6649
8 33 553
8 11 2977
8 28 3127
8 22 10104
8 43 1660
8 7 2630
8 67 543
8 16 84
8 45 9181
8 63 1399
8 6 2287
8 20 8114
8 14 5673
8 13 10244
8 58 660
8 48 10665
8 31 5598
8 65 975
8 39 6825
8 1 6962
8 55 48
8 34 829
8 12 1717
8 2 5809
8 56 9068
8 44 6272
8 46 8850
8 21 2335
8 0 7686
8 35 9757
8 68 8072
8 29 5657
8 62 5515
8 60 9044
8 30 5820
8 26 2599
8 3 3655
8 10 9990
8 69 8718
8 18 1102
8 42 9962
8 40 8314
9 23 5070
9 19 10441
9 26 5546
9 49 5763
9 63 9176
9 5 1863
9 3 6073
9 6 1486
9 47 5327
9 59 3333
9 61 5076
9 69 10629
9 68 10834
9 45 10826
9 18 2772
9 7 903
9 51 9266
9 48 9208
9 35 7922
9 21 9502
9 14 58
9 33 4045
9 1 8550
9 29 5930
9 46 9367
9 64 1260
9 43 7165
9 50 1977
9 31 10470
9 42 301
9 12 3215
9 40 2697
9 41 5168
9 30 216
9 36 5750
9 57 2861
9 44 8554
9 27 6143
9 28 6277
9 54 717
9 58 1875
9 13 5363
9 38 8904
9 37 8599
9 62 10806
9 11 3233
9 52 10403
9 2 10594
9 66 4905
9 16 8937
9 39 1497
9 20 7349
9 10 2203
9 15 6724
9 25 5525
9 32 3724
9 55 7908
10 37 6111
10 49 417
10 44 3289
10 3 7720
10 69 1885
10 30 7689
10 64 936
10 19 2742
10 54 8002
10 27 6991
10 4 9115
10 53 575
10 51 7275
10 14 1500
10 29 7111
10 40 8807
10 24 6125
10 67 2433
10 35 10566
10 56 5071
10 41 1942
10 66 4449
10 12 4708
10 59 8727
10 26 3004
10 57 1706
10 58 5346
10 50 901
10 55 7692
10 17 405
10 0 7792
10 13 4964
10 20 9328
10 9 6408
10 42 3586
10 28 402
10 11 1781
10 45 7318
10 22 1009
10 43 4411
10 7 4561
10 21 1135
10 63 2495
10 48 3764
10 8 40
10 5 906
10 34 3462
10 33 3022
10 23 9658
10 39 10003
11 24 2453
11 36 6173
11 56 1812
11 15 9672
11 25 8170
11 22 4198
11 23 7023
11 68 7174
11 35 8650
11 44 2849
11 13 10131
11 48 4579
11 34 8734
11 54 1099
11 52 1631
11 3 9074
11 63 1582
11 7 6561
11 30 1570
11 67 8972
11 20 3339
11 50 4700
11 14 6764
11 2 7438
11 66 9820
11 57 991
11 18 4054
11 6 1743
11 1 8285
11 16 5807
11 31 7509
11 45 6119
11 55 2988
11 41 9561
11 8 999
11 53 7719
11 60 1028
11 37 7875
11 9 1741
11 19 7346
11 32 9999
11 47 709
11 59 9007
11 26 2415
11 42 8327
11 21 8608
11 17 7275
11 5 3454
11 39 1892
11 38 1373
11 62 3626
11 27 3015
11 10 6110
11 51 1800
11 61 7354
11 0 9067
12 33 6960
12 65 8848
12 53 3427
12 4 968
12 42 674
12 27 3686
12 25 6812
12 47 8896
12 29 8890
12 41 2378
12 60 6325
12 62 3782
12 36 2020
12 23 7610
12 10 7108
12 46 5121
12 31 8616
12 58 684
12 44 4550
12 48 4270
12 39 4215
12 6 10244
12 18 81
12 68 4613
12 14 2866
12 64 5193
12 7 1366
12 54 721
12 51 1338
12 15 5584
12 24 3883
12 37 9166
12 66 5392
12 30 5443
12 17 9094
12 69 7235
12 67 9016
12 43 10434
12 50 5583
12 2 5273
12 5 5173
12 20 7588
12 45 4406
13 66 4608
13 42 6657
13 49 2407
13 69 9557
13 3 5248
13 20 7620
13 45 2219
13 19 3792
13 33 2557
13 21 6577
13 48 6622
13 30 3850
13 67 6969
13 40 4642
13 6 9015
13 50 304
13 15 1569
13 35 3379
13 10 8433
13 41 4798
13 51 5494
13 0 885
13 17 10738
13 9 10397
13 24 8491
13 29 694
13 53 9974
13 38 10452
13 63 10071
13 36 9004
13 12 7759
13 7 4270
13 26 594
13 58 10742
13 52 5264
13 27 6985
13 34 9309
13 65 10814
13 39 9567
13 55 1343
13 28 3226
13 2 842
13 25 6244
13 22 1651
13 56 5566
13 47 6145
13 59 9370
13 11 2276
13 16 10784
13 46 5893
13 61 1898
13 8 1019
13 62 4271
13 57 7786
14 19 5740
14 37 4878
14 25 9178
14 62 6121
14 60 6943
14 32 7855
14 64 2263
14 1 4079
14 42 4
14 52 9696
14 36 96
14 65 9587
14 56 3419
14 55 8443
14 47 6149
14 4 8638
14 45 5230
14 50 4983
14 40 4680
14 20 2993
14 63 6252
14 53 9708
14 8 3998
14 5 8280
14 12 2731
14 57 7811
14 10 10842
14 51 10545
14 13 1237
14 39 8691
14 15 4252
14 23 6767
14 17 7766
14 34 2306
14 48 1310
14 69 3636
14 44 647
14 26 5481
14 16 8849
14 58 9315
14 21 1
14 66 7764
14 7 9896
14 43 3356
14 24 2270
14 0 5453
14 9 5022
15 36 4737
15 18 3373
15 11 951
15 8 4941
15 6 5316
15 64 7487
15 53 3318
15 68 10466
15 0 1465
15 26 2584
15 1 6283
15 37 1670
15 22 1361
15 3 949
15 16 6508
15 45 9286
15 32 3945
15 20 7635
15 60 8495
15 55 10225
15 47 8151
15 29 1400
15 34 6461
15 4 9408
15 46 3503
15 24 7550
15 52 10544
15 21 7812
15 42 4438
15 56 2234
15 48 1255
15 33 10319
15 17 2220
15 31 6011
15 14 7942
15 57 1777
15 41 9305
15 58 5546
15 27 7132
15 23 2101
15 50 9261
15 19 6666
15 65 1176
15 35 1181
15 7 2932
15 61 1466
15 25 813
15 54 2612
15 49 8220
15 66 6601
15 38 6516
15 44 1462
15 10 6195
15 5 2046
15 13 8941
15 9 179
15 28 2038
15 43 10269
15 30 9946
15 39 1868
16 45 741
16 19 8021
16 56 8962
16 65 7946
16 2 7862
16 52 10251
16 26 2334
16 40 5572
16 35 3141
16 36 10257
16 31 720
16 20 5510
16 5 4318
16 11 10253
16 42 3342
16 60 10002
16 39 10799
16 37 2243
16 54 7797
16 15 9404
16 57 1030
16 67 5686
16 63 4372
16 33 2233
16 22 3099
16 66 10684
16 49 6325
16 69 4837
16 7 2115
16 61 3761
16 13 4238
16 25 5383
16 32 3775
16 51 6724
16 12 8078
16 28 7418
16 14 7092
16 53 2311
16 64 7273
16 44 7065
16 4 9259
16 47 7496
16 9 7491
17 33 6079
17 1 9578
17 18 6235
17 34 4571
17 32 4283
17 39 3821
17 60 9071
17 53 5734
17 50 8954
17 37 5204
17 12 2423
17 63 3821
17 65 8543
17 46 8325
17 41 6360
17 27 4462
17 22 4123
17 38 7997
17 57 7980
17 55 7734
17 30 1448
17 28 5139
17 48 8114
17 9 4997
17 31 9065
17 5 3117
17 68 7868
17 0 1149
17 19 8457
17 6 6114
17 23 6117
17 54 4462
17 67 7089
17 20 9123
17 66 7137
17 49 6030
17 11 8964
17 8 3156
17 15 1648
17 56 3985
17 7 3858
17 16 6534
17 42 4186
17 2 27
17 45 2091
17 51 3515
17 36 1222
17 61 10834
17 26 10421
17 64 8057
17 29 6428
17 10 1171
17 3 8947
17 14 7734
18 22 9216
18 24 6135
18 13 9500
18 64 1268
18 2 3511
18 36 8791
18 40 6134
18 50 10607
18 41 9635
18 17 2104
18 14 7528
18 59 8604
18 8 3001
18 9 2263
18 15 6077
18 16 8036
18 12 8831
18 5 9495
18 27 8597
18 69 5171
18 52 7919
18 32 1106
18 63 6075
18 42 7691
18 49 4032
18 6 2675
18 38 10600
18 1 1573
18 61 6027
18 25 6799
18 20 9927
18 21 8895
18 47 4536
18 62 8045
18 4 1820
18 53 5177
18 31 2611
18 29 5350
18 11 1485
18 39 1279
18 23 1925
18 34 2398
18 33 558
18 48 5280
18 68 1179
18 57 8189
18 28 6672
18 30 9126
18 56 5937
18 0 7323
18 60 6228
18 66 8560
19 1 8987
19 11 3004
19 33 3617
19 38 2231
19 9 9398
19 46 4227
19 20 5387
19 42 8232
19 64 6508
19 26 2530
19 69 3239
19 10 8188
19 7 10011
19 57 8557
19 4 5313
19 50 9002
19 66 7275
19 24 4114
19 54 9315
19 30 3144
19 8 7990
19 16 5221
19 31 8796
19 18 587
19 59 8385
19 47 10340
19 32 1314
19 27 10531
19 29 3462
19 23 2388
19 62 10791
19 36 6
19 63 4316
19 35 9015
19 45 6044
19 44 219
19 51 5726
19 43 4991
19 49 7476
19 13 6288
19 22 9583
19 41 8585
19 67 7091
19 0 7905
19 3 2277
19 39 236
19 34 3195
19 68 4438
19 48 6458
19 58 10737
19 25 7141
19 37 8785
19 55 9180
20 26 7395
20 56 807
20 18 10603
20 4 4404
20 33 3466
20 48 549
20 63 9265
20 67 10706
20 57 5729
20 32 5393
20 52 3035
20 37 6099
20 61 6148
20 10 503
20 35 9142
20 55 5358
20 12 5491
20 1 7979
20 41 9134
20 2 10163
20 9 1667
20 50 6682
20 47 2913
20 43 7406
20 62 9069
20 11 8972
20 42 3584
20 45 10442
20 15 4369
20 29 8823
20 25 10830
20 5 6034
20 17 1824
20 58 7827
20 39 4350
20 3 4199
20 21 8357
20 66 10299
20 40 7339
20 8 9363
20 49 7117
20 59 10021
20 68 1350
20 54 6175
20 14 10375
20 16 472
20 13 6195
20 27 4832
20 7 10632
20 64 207
20 23 4277
20 31 4765
20 51 9719
20 53 9283
20 38 3680
20 22 6964
20 34 3694
20 30 8404
20 6 7258
21 43 3659
21 19 8249
21 37 7993
21 36 4121
21 8 5479
21 13 1317
21 54 6800
21 7 3790
21 35 1981
21 67 1186
21 68 4556
21 46 8242
21 63 5142
21 33 1879
21 58 4819
21 56 1961
21 30 6074
21 66 4783
21 17 6131
21 64 3733
21 28 139
21 18 7947
21 32 199
21 14 8157
21 25 7500
21 53 4953
21 6 9189
21 3 844
21 41 3888
21 45 6335
21 29 9138
21 16 10792
21 55 5412
21 1 9420
21 27 4796
21 51 4162
21 59 2787
21 65 3482
21 50 6079
21 52 4975
21 10 324
21 22 8742
21 12 3947
21 49 6733
21 23 1096
21 48 117
21 60 6307
21 20 2694
21 42 6055
21 61 10221
22 4 4363
22 34 3945
22 45 4066
22 3 9739
22 53 2269
22 68 3839
22 56 469
22 51 10091
22 55 2757
22 37 2371
22 38 7695
22 0 3589
22 1 8004
22 64 6388
22 44 6567
22 29 1398
22 28 4960
22 30 5621
22 21 2810
22 26 2997
22 39 9959
22 63 1755
22 60 8518
22 66 2130
22 65 4736
22 15 1824
22 46 334
22 50 6623
22 57 1238
22 14 6875
22 2 8036
22 43 3350
22 18 1010
22 23 9403
22 40 2805
22 42 5542
22 52 9253
22 7 6004
22 24 6085
22 32 7179
22 13 10070
22 47 232
22 19 1292
22 11 4955
22 27 6851
22 8 4882
22 33 3664
22 31 10800
22 35 5915
22 17 5075
22 59 1724
22 49 516
22 25 8906
23 36 4086
23 44 6669
23 1 6671
23 35 2699
23 42 3514
23 3 7044
23 27 9328
23 2 173
23 69 10837
23 57 8995
23 38 8438
23 7 8575
23 10 8738
23 61 1805
23 30 4601
23 55 9662
23 60 36
23 21 10336
23 6 10650
23 45 2159
23 62 1542
23 34 2200
23 33 332
23 68 2608
23 19 9730
23 5 2670
23 28 5814
23 11 5563
23 67 515
23 37 10456
23 4 969
23 20 7072
23 58 2246
23 8 6854
23 13 3196
23 18 2517
23 59 8646
23 14 3940
23 50 10566
23 32 1466
23 49 8032
23 9 3878
23 56 8854
23 65 10638
23 63 6762
23 31 5936
23 64 4851
24 54 2601
24 9 4569
24 47 3014
24 48 2544
24 50 7886
24 4 6720
24 29 6172
24 1 4030
24 32 2609
24 43 3586
24 2 9902
24 52 6721
24 8 5631
24 12 1607
24 30 5018
24 10 4628
24 64 7078
24 46 411
24 55 9653
24 68 157
24 11 1848
24 58 457
24 45 2130
24 19 6934
24 67 7280
24 63 5822
24 0 7219
24 66 1176
24 33 9220
24 26 705
24 69 9556
24 23 6634
24 13 2403
24 38 7712
24 31 6566
24 5 6676
24 56 209
24 28 1646
24 44 7524
24 61 1492
24 37 9194
24 3 2611
24 18 1732
24 65 5413
24 14 8613
24 20 8792
24 21 9892
24 42 2647
24 6 9337
24 41 5447
24 27 2776
25 38 7132
25 19 409
25 33 2918
25 18 7052
25 59 1320
25 32 1839
25 35 8371
25 63 2444
25 34 4049
25 8 5787
25 39 905
25 66 7226
25 16 10172
25 13 137
25 20 8907
25 57 8036
25 58 1360
25 64 85
25 37 9190
25 28 9366
25 45 4766
25 55 8409
25 24 5140
25 46 6409
25 21 9306
25 3 535
25 14 8800
25 0 10116
25 68 4719
25 29 4332
25 65 4521
25 40 1211
25 7 7188
25 53 6348
25 52 9531
25 41 8134
25 67 9861
25 62 2571
25 15 3061
25 56 4550
25 50 7370
25 5 8358
25 27 3375
25 36 5565
25 22 4320
25 4 3165
25 26 1335
25 12 8928
25 10 2914
25 69 9655
25 48 1766
25 42 1779
25 17 9492
25 51 543
26 8 425
26 17 5818
26 9 4996
26 61 8616
26 40 697
26 45 6272
26 38 3650
26 58 1503
26 41 4943
26 57 2817
26 1 7990
26 46 8656
26 23 6658
26 33 1768
26 60 691
26 0 8084
26 32 5782
26 47 3147
26 3 4027
26 64 3069
26 56 5317
26 54 7544
26 63 2891
26 24 3603
26 22 2593
26 29 1415
26 65 6758
26 31 5261
26 21 568
26 13 3790
26 69 7617
26 39 860
26 37 4330
26 66 3433
26 36 1898
26 50 9257
26 28 3721
26 11 510
26 48 9274
26 16 1793
26 27 1916
26 6 2290
26 4 4655
26 35 10045
26 53 3674
26 67 7750
26 51 2296
26 25 8221
26 59 7235
26 14 3193
26 12 4379
27 4 1957
27 24 449
27 36 4539
27 65 3999
27 59 4668
27 60 1722
27 45 5160
27 23 2106
27 68 676
27 5 6973
27 41 1440
27 10 8054
27 67 8916
27 12 5043
27 15 4276
27 54 8279
27 17 4388
27 49 6073
27 50 1564
27 30 2876
27 57 7125
27 40 8925
27 32 8596
27 63 8169
27 20 9146
27 26 3905
27 46 8825
27 29 7559
27 66 8382
27 42 8598
27 25 7929
27 14 1517
27 16 3047
27 55 6459
27 62 3025
27 34 9702
27 43 1954
27 22 4905
27 44 4372
27 35 4201
27 18 1877
27 69 4813
27 19 4811
27 21 3921
27 39 3324
27 47 8114
27 64 9299
27 7 9488
28 52 2279
28 36 7373
28 17 5752
28 24 2778
28 37 2613
28 59 7534
28 9 5178
28 14 3795
28 32 3551
28 53 3994
28 67 7784
28 49 4105
28 56 5718
28 19 5824
28 68 4320
28 35 4168
28 20 8553
28 7 198
28 10 7567
28 47 1439
28 8 6762
28 46 492
28 61 5891
28 16 6967
28 1 8549
28 43 9180
28 58 6803
28 23 5899
28 15 8899
28 31 6599
28 64 7060
28 69 1017
28 44 4409
28 5 8576
28 0 50
28 11 970
28 2 6406
28 25 1159
28 45 5966
28 6 5638
28 34 4612
28 12 4686
28 42 3766
28 63 219
28 48 10528
28 40 10457
28 33 7179
28 65 10393
28 26 584
28 51 8178
28 38 9146
28 13 5874
29 20 4875
29 65 4887
29 12 869
29 34 9913
29 35 2772
29 4 6834
29 57 4417
29 39 9555
29 18 2093
29 13 7008
29 38 6532
29 48 7380
29 47 9610
29 22 10859
29 67 3702
29 68 10130
29 37 5688
29 6 2804
29 66 8368
29 56 335
29 8 6247
29 52 5045
29 62 647
29 3 466
29 43 6100
29 19 8980
29 69 4184
29 61 6731
29 9 6252
29 40 8199
29 36 2292
29 16 6550
29 2 904
29 53 7058
29 10 2023
29 59 6970
29 45 8569
29 11 2777
29 63 4146
29 49 505
29 7 2541
29 0 10603
29 24 3049
29 15 8701
29 31 5719
29 27 4011
29 60 4445
29 25 6516
29 30 3380
29 64 7680
29 44 326
29 51 7398
29 1 8085
29 46 10321
29 17 3448
29 55 8215
29 50 6631
29 54 2886
29 14 8248
30 16 454
30 53 4683
30 26 7350
30 68 1674
30 1 5797
30 3 9136
30 7 3933
30 49 9421
30 24 7318
30 5 8835
30 27 884
30 14 4313
30 51 8938
30 62 1092
30 31 7723
30 41 8896
30 47 3570
30 6 10160
30 38 8066
30 19 10590
30 9 10718
30 22 3098
30 66 1515
30 54 8177
30 29 7528
30 43 1639
30 37 10136
30 25 10355
30 61 5344
30 20 5403
30 35 10051
30 23 7599
30 32 5023
30 11 2477
30 52 8283
30 13 6991
30 12 4866
30 63 1860
30 42 2219
30 48 3204
30 36 6210
30 40 3388
30 55 7545
30 44 7037
30 58 7058
30 65 10578
30 8 7448
30 50 10468
30 21 6163
30 28 7595
30 0 1583
30 69 3567
30 60 7764
30 18 1456
30 33 3380
31 25 3230
31 58 10380
31 45 83
31 40 8398
31 36 8531
31 51 9483
31 34 3486
31 62 4186
31 44 3500
31 54 2331
31 17 3658
31 0 5664
31 55 9770
31 26 2549
31 42 469
31 60 8073
31 9 584
31 32 7373
31 10 3075
31 16 8217
31 8 9130
31 35 10080
31 57 5112
31 64 9384
31 4 4861
31 21 10798
31 46 9717
31 59 607
31 12 9456
31 27 7155
31 5 8780
31 52 1936
31 41 2529
31 11 6352
31 49 6908
31 28 8197
31 22 6302
31 53 1935
31 2 7823
31 13 8485
31 19 2925
31 15 1332
31 66 7661
31 20 7633
31 6 10797
31 1 9366
31 67 1036
31 14 3359
31 50 2593
31 3 1008
31 56 1955
32 54 6008
32 27 10110
32 12 4788
32 13 7971
32 52 3072
32 42 4820
32 18 344
32 28 4882
32 1 7413
32 56 9500
32 16 1061
32 68 370
32 57 9428
32 9 7
32 61 10076
32 46 7827
32 24 4639
32 64 8079
32 50 2018
32 41 2894
32 55 7078
32 0 746
32 48 3140
32 36 5170
32 44 2230
32 66 2116
32 47 6263
32 65 9101
32 21 6742
32 39 9515
32 67 9374
32 40 5405
32 17 2143
32 5 1411
32 69 7622
32 15 10674
32 6 2882
32 38 141
32 11 3866
32 43 3182
32 7 5232
32 37 6445
32 19 4439
32 35 782
32 45 9941
32 59 4681
32 22 6297
32 30 2630
32 31 59
32 62 4407
32 10 8483
32 51 7846
32 60 8970
33 0 9178
33 43 3826
33 30 112
33 48 8908
33 45 1886
33 68 922
33 32 5999
33 24 10144
33 5 4633
33 4 7131
33 69 7296
33 61 2509
33 38 5541
33 18 8615
33 58 1731
33 64 1183
33 37 6867
33 15 93
33 36 4326
33 50 8392
33 27 4539
33 12 6516
33 25 4684
33 40 7453
33 47 4484
33 60 8765
33 65 8670
33 19 1384
33 11 3936
33 62 6261
33 42 4804
33 16 2206
33 44 2789
33 49 4909
33 1 2806
33 51 2230
33 13 8016
33 14 8946
33 66 5362
33 22 7084
33 54 9296
33 41 8440
33 10 8770
33 46 6849
33 6 8930
33 8 4251
33 52 9728
33 39 5191
33 63 9052
33 26 1154
33 67 8898
33 59 10718
33 9 5894
33 34 2203
33 7 6703
33 21 6541
33 57 4992
33 20 2412
34 14 8567
34 10 441
34 68 10615
34 41 8998
34 57 2609
34 61 1151
34 54 5023
34 52 931
34 66 10078
34 18 2421
34 53 1853
34 21 8872
34 26 3065
34 13 4525
34 40 6678
34 37 480
34 42 8947
34 32 10427
34 4 145
34 19 6279
34 48 10643
34 33 8087
34 9 2180
34 20 10826
34 46 3732
34 27 7849
34 43 1501
34 58 2972
34 25 6840
34 38 1509
34 12 1164
34 2 3657
34 63 9081
34 24 5878
34 8 9034
34 49 10272
34 55 1361
34 22 9072
34 65 9781
34 17 3061
34 6 3068
34 7 8051
34 35 3733
34 16 8241
34 51 8474
34 47 1758
34 3 1401
34 29 7622
34 56 646
34 59 2772
34 23 10275
34 39 7734
34 69 9122
34 50 4842
34 36 232
34 30 5316
35 42 4011
35 3 4325
35 62 1182
35 46 2092
35 68 4605
35 17 4872
35 51 3556
35 66 7143
35 8 3018
35 52 5270
35 54 9462
35 27 3346
35 12 7369
35 19 7310
35 22 22
35 49 346
35 47 8801
35 44 8063
35 55 6470
35 38 7871
35 64 2723
35 10 6397
35 53 2370
35 58 6514
35 67 10744
35 14 2147
35 41 10553
35 24 5593
35 59 9294
35 45 2971
35 57 10076
35 69 7314
35 9 5691
35 2 4526
35 1 1142
35 56 3442
35 25 4381
35 61 9718
35 16 5515
35 60 9438
35 0 1910
35 13 267
35 36 9045
35 28 288
35 23 834
35 5 4552
35 43 10388
35 30 7346
35 48 4523
36 64 5620
36 51 2282
36 57 1486
36 37 1559
36 43 3011
36 31 6418
36 34 7957
36 40 736
36 56 7818
36 54 5981
36 28 6796
36 25 6720
36 65 1550
36 46 3941
36 39 9494
36 15 299
36 55 9668
36 0 5457
36 68 6560
36 41 6458
36 4 9057
36 9 7997
36 23 5726
36 66 8218
36 63 1918
36 44 10767
36 32 7397
36 17 7968
36 33 9408
36 61 249
36 3 2812
36 60 3219
36 12 1374
36 50 5144
36 26 8660
36 24 9479
36 67 7458
36 22 9200
36 27 9370
36 16 2574
36 19 5803
36 62 3711
36 35 5007
36 20 7344
36 38 9606
36 45 5911
36 10 2782
36 14 2328
36 29 9132
36 6 512
37 0 3678
37 63 694
37 29 8373
37 59 916
37 30 6552
37 16 10651
37 46 7123
37 50 6088
37 64 114
37 49 4376
37 25 2255
37 43 7941
37 18 9973
37 10 8328
37 1 2656
37 57 5332
37 4 3529
37 56 4771
37 27 6568
37 35 8126
37 36 6797
37 12 475
37 26 869
37 48 5594
37 3 1841
37 32 8194
37 65 4532
37 42 6716
37 2 9824
37 38 8114
37 61 673
37 11 7054
37 69 9696
37 31 5882
37 52 10750
37 17 2652
37 13 8797
37 24 3951
37 34 7787
37 8 7878
37 22 8714
37 15 9774
37 14 548
37 47 1828
37 66 8721
37 53 5312
37 23 7437
37 20 8309
37 44 1638
37 21 1604
37 33 6810
37 62 2558
37 19 10247
37 6 91
37 9 3220
37 40 2002
37 28 5182
38 13 4647
38 51 8250
38 67 3380
38 48 9506
38 30 6159
38 63 752
38 9 5090
38 11 4228
38 29 9664
38 18 4026
38 44 2366
38 60 8159
38 19 6835
38 34 7423
38 56 2769
38 31 4109
38 7 1855
38 40 10096
38 0 4242
38 36 8830
38 12 5408
38 43 10769
38 2 4088
38 15 3637
38 25 8263
38 68 2982
38 3 4040
38 17 5267
38 46 7625
38 57 5440
38 49 8699
38 61 9709
38 41 4886
38 24 8278
38 6 4457
38 14 2168
38 50 3393
38 20 5843
38 10 7468
38 64 8932
38 58 7477
38 32 3463
38 65 2005
38 59 5394
38 37 9291
38 21 4599
38 5 10222
38 23 8771
38 54 565
38 66 2688
39 36 6214
39 23 3787
39 11 380
39 45 5601
39 62 10613
39 31 3908
39 59 9308
39 15 10805
39 60 3986
39 42 1488
39 50 5200
39 13 1958
39 33 260
39 67 509
39 26 5086
39 5 1126
39 10 1594
39 52 7030
39 35 8178
39 57 2779
39 3 309
39 17 8521
39 7 9261
39 69 1284
39 55 5628
39 2 8485
39 51 9499
39 40 3046
39 58 9355
39 18 8175
39 37 2866
39 20 4124
39 66 6673
39 25 4246
39 19 5172
39 6 143
39 38 2797
39 24 4564
39 27 1757
39 21 7096
39 41 7698
39 46 10520
39 12 9050
39 32 1661
39 22 7179
39 14 3968
39 49 3765
39 8 10118
39 1 1675
39 29 1251
40 15 1597
40 3 1791
40 43 924
40 65 4109
40 39 3495
40 24 8915
40 28 7933
40 56 5235
40 69 799
40 6 7437
40 19 9349
40 26 527
40 54 288
40 9 7579
40 30 8767
40 12 2742
40 36 6752
40 11 5045
40 62 8703
40 2 306
40 10 10242
40 59 1976
40 49 4212
40 16 8091
40 18 2647
40 52 8373
40 66 9031
40 14 8959
40 63 1519
40 22 6711
40 7 3237
40 67 8454
40 37 6659
40 32 4885
40 31 6257
40 21 2762
40 33 7330
40 51 4184
40 23 3942
40 48 6411
40 27 6919
40 41 10223
40 57 9820
40 45 9596
40 38 398
40 60 10269
40 29 5504
40 35 9923
41 25 505
41 26 9507
41 16 1813
41 9 3296
41 34 9906
41 15 5095
41 54 613
41 56 8489
41 64 152
41 50 1927
41 14 9854
41 63 8821
41 0 2166
41 69 9564
41 5 4085
41 40 204
41 33 642
41 49 6817
41 57 9071
41 11 8424
41 68 9820
41 44 8999
41 29 1021
41 46 681
41 19 554
41 58 2687
41 35 209
41 53 989
41 1 9950
41 6 1802
41 38 4511
41 65 2638
41 2 7748
41 18 4497
41 66 2878
41 20 6968
41 48 6118
41 24 10487
41 39 5009
41 8 8621
41 67 9518
41 59 2190
41 7 2537
41 10 4535
41 23 10474
41 36 3998
41 17 8162
41 28 2872
41 61 4477
41 45 1810
41 32 146
41 3 1601
41 60 9451
42 43 969
42 55 1920
42 30 9800
42 31 200
42 64 3698
42 7 4151
42 54 7547
42 59 4827
42 39 3963
42 68 8118
42 58 2650
42 8 7117
42 50 7255
42 40 18
42 15 6242
42 45 7030
42 52 8833
42 36 2577
42 14 2636
42 67 2565
42 11 5824
42 37 2014
42 2 6837
42 56 8528
42 19 6962
42 46 8877
42 65 7279
42 69 248
42 53 6928
42 34 6148
42 49 8530
42 13 900
42 44 3562
42 23 1308
42 22 8859
42 3 5662
42 28 8061
42 26 590
42 33 411
42 61 3031
42 60 3967
42 16 3862
42 32 1027
42 48 2807
42 51 2903
42 66 7688
42 25 10746
42 4 4063
42 38 7115
42 57 5753
42 6 10611
42 24 4509
42 29 10737
43 61 8153
43 41 1576
43 50 10499
43 39 3334
43 22 6034
43 9 8528
43 51 5779
43 19 9977
43 15 6414
43 54 6198
43 35 3441
43 58 5956
43 13 5442
43 59 9584
43 52 9163
43 23 4785
43 18 2323
43 42 2584
43 49 8268
43 65 1183
43 53 4660
43 16 2533
43 46 3388
43 6 8378
43 47 9560
43 7 7863
43 1 6908
43 60 4959
43 17 3152
43 3 1820
43 10 10568
43 25 10051
43 64 10561
43 67 10565
43 20 7527
43 69 6567
43 45 8122
43 2 1261
43 27 4415
43 11 620
43 62 3338
43 28 5245
43 4 9987
43 36 6171
43 0 5861
43 37 943
43 32 8511
44 32 10389
44 63 2900
44 12 2341
44 57 6464
44 56 5956
44 0 6661
44 31 9790
44 25 6929
44 53 10246
44 40 6046
44 30 6557
44 68 6399
44 37 3769
44 65 1814
44 64 540
44 50 8382
44 5 323
44 59 9043
44 8 1794
44 23 9921
44 43 7285
44 11 2575
44 39 2486
44 67 4228
44 28 10483
44 10 2075
44 17 8989
44 27 9906
44 51 860
44 48 3504
44 29 4326
44 19 991
44 15 1110
44 24 1524
44 60 4047
44 7 4899
44 66 5760
44 61 10606
44 13 10274
44 20 8681
44 47 3496
44 55 1912
44 16 2051
44 54 4250
44 6 1369
44 49 8102
44 38 6404
45 60 10217
45 46 6662
45 62 10441
45 27 10409
45 39 6185
45 28 3224
45 6 4324
45 14 4679
45 23 8061
45 55 5279
45 1 534
45 3 4061
45 0 9057
45 52 9483
45 12 7394
45 17 9237
45 47 5235
45 18 3975
45 19 4840
45 31 3096
45 36 2380
45 51 2342
45 4 7477
45 58 9256
45 2 808
45 33 1803
45 56 6503
45 68 281
45 11 1161
45 49 5754
45 9 4452
45 66 2072
45 59 2622
45 30 4477
45 35 2046
45 43 2344
45 57 9440
45 67 1131
45 65 2846
45 50 6182
45 48 7942
45 21 8258
45 15 8304
45 44 10405
45 5 7399
45 32 10155
45 7 1989
45 37 1413
45 64 6617
45 10 958
46 50 3747
46 10 4892
46 14 2638
46 45 7413
46 53 387
46 68 4151
46 28 1173
46 35 6378
46 7 4146
46 42 69
46 26 590
46 1 6670
46 63 10665
46 32 7306
46 61 7640
46 19 3613
46 62 2000
46 2 1840
46 54 6495
46 41 2607
46 4 412
46 36 5241
46 5 2137
46 58 10354
46 37 1093
46 49 1208
46 33 2672
46 25 5971
46 21 6216
46 31 4735
46 39 9961
46 47 2442
46 67 1022
46 43 3589
46 30 221
46 23 184
46 29 2440
46 34 10854
46 48 2877
46 17 7860
46 69 3652
46 60 5311
46 8 8608
46 22 2080
46 18 2999
46 3 3382
46 65 2011
46 52 1034
46 13 6589
46 20 7825
46 38 4839
46 9 9024
46 57 9002
46 64 5152
46 6 5859
46 66 2114
46 44 1769
46 59 5047
46 24 2770
46 27 4683
47 13 9718
47 66 3167
47 64 10343
47 61 2145
47 56 5615
47 68 7227
47 10 1868
47 42 9887
47 23 5250
47 57 6560
47 58 2958
47 49 2927
47 67 7059
47 0 1223
47 43 5585
47 8 6190
47 52 458
47 50 2815
47 65 8206
47 24 6168
47 45 6692
47 55 464
47 11 6051
47 41 676
47 27 3768
47 62 6722
47 32 9561
47 48 3697
47 15 977
47 29 3618
47 4 5248
47 14 2471
47 30 9015
47 1 4388
47 37 7974
47 9 9085
47 59 993
47 2 6437
47 40 9720
47 36 4442
47 51 10507
47 35 1765
47 39 3478
47 38 4889
47 17 8337
47 6 2774
47 5 6756
47 54 1483
47 18 7038
47 19 6911
47 22 9537
47 3 8047
47 60 1870
47 44 10364
47 69 5770
47 21 5272
48 57 8381
48 47 5034
48 24 7048
48 49 10449
48 35 1346
48 50 2263
48 18 6433
48 4 1318
48 44 8362
48 7 10619
48 66 6138
48 59 5232
48 20 2458
48 9 7503
48 30 8968
48 29 17
48 53 1746
48 17 5805
48 25 6749
48 58 719
48 46 7047
48 34 7840
48 26 319
48 37 4789
48 36 1285
48 62 4439
48 19 5702
48 5 1411
48 33 1082
48 23 4979
48 13 8037
48 55 9070
48 64 5398
48 42 502
48 2 7221
48 61 3260
48 65 2994
48 43 5058
48 38 385
48 52 10328
48 63 4229
48 69 4431
48 39 2917
48 22 9089
48 27 3978
48 15 5248
48 32 4481
48 51 897
48 14 1252
48 10 10598
48 40 3716
48 45 7442
48 6 1882
49 15 6903
49 25 9397
49 11 2466
49 27 7002
49 60 3994
49 33 5206
49 8 2850
49 16 10483
49 67 2803
49 63 9582
49 10 4301
49 17 10529
49 0 1165
49 18 7589
49 56 5399
49 52 1141
49 48 2088
49 32 3085
49 43 7591
49 13 7782
49 35 1076
49 46 1170
49 34 6257
49 30 5324
49 29 2917
49 26 739
49 1 1594
49 44 3438
49 5 8893
49 14 5758
49 39 5020
49 61 7294
49 19 5654
49 4 2835
49 22 6323
49 57 8241
49 28 2990
49 65 6009
49 64 10018
49 20 5798
49 7 301
49 42 9367
49 59 3124
49 6 3568
49 69 897
49 36 3175
49 47 4313
49 12 275
49 41 3977
49 53 2338
49 38 9641
49 21 10724
50 12 6332
50 26 1494
50 15 9290
50 43 10707
50 23 9694
50 59 2524
50 2 2697
50 24 10828
50 55 133
50 32 2630
50 68 1149
50 58 8687
50 37 2965
50 8 8980
50 65 8474
50 53 10778
50 66 2593
50 18 10095
50 48 453
50 64 4083
50 33 2649
50 17 2335
50 35 6955
50 9 4771
50 10 545
50 21 5595
50 4 2549
50 54 906
50 45 2402
50 42 8641
50 14 3005
50 0 10552
50 63 5157
50 3 2513
50 31 5862
50 19 784
50 5 8383
50 16 3646
50 41 4199
50 36 9668
50 29 1727
50 61 7064
50 28 5548
50 20 8767
50 13 760
50 27 10072
50 6 6782
50 51 7243
50 44 3934
50 22 5731
50 1 6561
50 40 6861
50 34 651
51 68 706
51 59 8947
51 40 3385
51 43 7815
51 58 10511
51 33 10040
51 21 1275
51 48 7253
51 28 9326
51 7 9314
51 50 9162
51 61 7372
51 42 2174
51 60 5260
51 55 7866
51 17 9839
51 34 8674
51 52 10839
51 23 2484
51 15 479
51 8 9489
51 63 6620
51 29 9924
51 47 5636
51 18 6642
51 49 1974
51 9 4534
51 25 7442
51 67 3851
51 14 2156
51 56 738
51 30 7448
51 10 9104
51 41 7150
51 45 7500
51 27 1813
51 38 7577
51 26 7258
51 11 270
51 5 5391
51 2 1247
51 19 3859
51 31 4862
51 46 9434
51 22 2054
51 37 4861
51 24 7245
51 69 8988
51 64 8940
51 1 1356
51 36 10247
51 44 2586
51 39 3427
51 6 5394
52 22 5929
52 12 1999
52 61 3811
52 11 1507
52 37 1378
52 23 1621
52 68 5648
52 28 5472
52 47 7206
52 7 656
52 49 1201
52 39 5396
52 38 9200
52 64 10802
52 14 7692
52 53 6247
52 30 2066
52 29 9499
52 35 4173
52 65 9454
52 24 4612
52 62 5345
52 43 7572
52 41 151
52 42 4717
52 45 6243
52 55 526
52 58 143
52 67 7246
52 40 1405
52 56 6330
52 27 9048
52 3 4333
52 16 7299
52 32 4062
52 36 4909
52 1 3338
52 63 7463
52 9 8969
52 31 7066
52 10 7486
52 19 1993
52 0 6806
52 66 4852
52 54 5689
52 21 8364
52 50 8363
52 59 4565
52 4 10120
52 17 3947
52 33 7128
52 60 10817
53 16 8343
53 49 2478
53 1 6251
53 28 9329
53 60 3063
53 20 2452
53 66 4012
53 27 5990
53 7 1734
53 55 7658
53 63 7886
53 43 353
53 11 913
53 19 8237
53 26 213
53 30 2447
53 47 8454
53 37 3879
53 39 6351
53 52 4918
53 23 481
53 17 10532
53 25 541
53 0 3265
53 62 622
53 58 10470
53 29 8566
53 44 2773
53 9 8240
53 13 10251
53 8 4446
53 2 2105
53 34 10592
53 18 1016
53 59 10661
53 46 8292
53 21 5150
53 6 5694
53 51 3927
53 48 4601
53 14 9968
53 5 7787
53 31 1404
53 15 8181
53 64 8972
53 45 5576
53 32 4709
53 24 6177
53 3 1349
53 69 2541
53 50 131
53 4 5161
53 56 9165
54 22 6755
54 18 10077
54 8 5003
54 52 7556
54 64 8844
54 40 9215
54 25 6793
54 33 3148
54 65 3368
54 51 4318
54 14 6049
54 48 10141
54 3 1701
54 9 8812
54 60 9978
54 49 2037
54 35 3155
54 16 1195
54 10 4868
54 32 4620
54 62 20
54 29 9087
54 67 8654
54 11 5882
54 38 9289
54 31 8998
54 6 1812
54 24 7109
54 63 7522
54 50 1026
54 46 7580
54 37 9128
54 58 6160
54 17 4853
54 39 5723
54 36 6365
54 45 2045
54 61 10408
54 41 3403
54 34 1651
54 7 6157
54 20 6054
54 55 8374
54 57 2908
54 0 8208
54 56 2682
54 23 1037
54 53 1251
54 1 4511
54 47 1629
54 42 6053
55 37 6777
55 21 478
55 36 10174
55 52 613
55 69 924
55 5 905
55 40 2248
55 39 10500
55 0 10065
55 9 8981
55 53 3235
55 41 2155
55 50 1659
55 64 5228
55 6 9223
55 14 2885
55 18 10415
55 25 3796
55 1 9493
55 48 3076
55 49 990
55 65 4862
55 30 8686
55 28 7699
55 59 3424
55 42 4163
55 26 2127
55 35 51
55 11 317
55 67 4031
55 56 653
55 68 5891
55 19 10134
55 54 2330
55 33 2637
55 22 7918
55 32 4184
55 29 7103
55 8 5677
55 13 10789
55 47 7747
55 43 5220
55 7 6639
55 10 1964
55 62 28
55 61 2952
55 23 3191
55 45 5179
55 15 10774
55 63 9269
55 24 585
55 38 4650
55 17 8319
55 3 4604
55 16 9257
55 20 6707
55 34 9515
56 48 5630
56 67 1100
56 58 2486
56 44 5615
56 24 2922
56 4 8579
56 31 4931
56 6 9796
56 63 9640
56 41 6144
56 60 8626
56 52 745
56 19 3282
56 66 3561
56 45 2834
56 2 4246
56 14 1123
56 12 159
56 69 9429
56 47 2718
56 13 189
56 9 6829
56 39 9607
56 32 5798
56 55 1225
56 25 4953
56 35 8610
56 68 2688
56 53 3146
56 8 5041
56 21 9699
56 61 502
56 26 3239
56 42 8895
56 22 9612
56 50 4575
56 16 6830
56 33 1444
56 30 1557
56 20 1499
56 28 6389
56 40 9265
56 3 10563
56 18 6362
56 62 3167
56 17 10484
57 19 9709
57 5 3400
57 24 9413
57 34 6347
57 30 1583
57 23 3730
57 55 2013
57 35 3429
57 64 6137
57 36 1552
57 51 67
57 53 10191
57 39 898
57 56 3511
57 13 1136
57 27 10588
57 54 8317
57 22 4303
57 33 5325
57 63 83
57 31 2618
57 16 6539
57 68 1163
57 37 4530
57 40 10634
57 3 3144
57 2 3550
57 44 2486
57 4 2494
57 8 10680
57 26 9944
57 61 3095
57 10 4033
57 60 10465
57 15 6514
57 41 4104
57 58 1575
57 17 3181
57 11 1853
57 47 3040
57 45 5165
57 48 5253
57 50 4719
57 25 3350
57 14 4988
57 42 1277
57 59 7185
57 20 3931
57 69 8840
57 49 4568
57 38 5628
57 9 9812
58 16 2383
58 13 133
58 12 5971
58 67 4477
58 15 5543
58 65 7159
58 53 10160
58 23 647
58 2 8635
58 33 4572
58 37 2538
58 55 1052
58 46 1434
58 49 98
58 17 10287
58 61 3891
58 48 5178
58 54 9090
58 18 5647
58 68 4869
58 20 10723
58 27 1892
58 47 147
58 35 6019
58 59 9194
58 22 10447
58 66 3468
58 24 1999
58 34 7605
58 1 2001
58 11 8895
58 3 5897
58 32 9450
58 31 7642
58 6 2105
58 28 10158
58 41 8727
58 56 10564
58 7 4387
58 52 6453
58 5 10784
58 42 230
58 4 9665
58 30 3540
58 45 2
58 26 9902
58 9 2089
58 29 7037
58 51 9746
58 21 1215
58 8 9947
58 39 7198
58 25 4702
58 62 10363
59 69 243
59 23 6505
59 37 6424
59 10 8572
59 35 778
59 50 10607
59 9 5563
59 7 7249
59 3 7698
59 4 5315
59 25 1039
59 2 2245
59 61 2246
59 51 8474
59 40 3595
59 19 423
59 17 3885
59 15 1492
59 16 1831
59 49 8000
59 36 9196
59 34 6672
59 43 1756
59 58 10312
59 56 6444
59 0 410
59 67 4622
59 33 1848
59 28 9004
59 54 1250
59 66 1981
59 62 10044
59 68 4043
59 13 5728
59 21 2044
59 8 4299
59 65 9711
59 47 7954
59 5 9236
59 32 9133
59 22 9632
59 39 6602
59 52 10152
59 41 10607
59 18 6601
59 64 20
59 60 7266
59 26 9994
59 55 218
59 57 10100
59 12 3548
59 38 6623
59 53 9483
60 27 4932
60 8 2383
60 43 7822
60 10 4355
60 25 8367
60 7 1183
60 58 5740
60 24 1544
60 17 5065
60 34 10662
60 14 969
60 50 1651
60 30 7093
60 47 10287
60 19 3233
60 44 469
60 13 8719
60 65 4277
60 36 1248
60 23 3293
60 68 1324
60 37 7063
60 31 9654
60 55 6847
60 20 8424
60 12 7208
60 18 5596
60 9 3147
60 59 9724
60 32 266
60 39 1000
60 11 6397
60 54 4314
60 21 7497
60 53 1497
60 40 1538
60 61 9975
60 2 10004
60 38 10724
60 62 3883
60 46 9171
60 56 5602
60 41 6701
60 6 5791
60 29 9883
60 22 4577
60 0 4460
61 14 8509
61 40 4234
61 62 5885
61 6 7112
61 60 8156
61 44 187
61 18 70
61 67 1268
61 41 6788
61 47 8511
61 4 5187
61 26 199
61 15 2329
61 34 10507
61 32 8451
61 21 2099
61 55 401
61 39 2741
61 65 10659
61 31 4417
61 30 10465
61 64 5548
61 16 7501
61 43 9872
61 51 2661
61 66 9872
61 7 9653
61 63 2930
61 48 10316
61 52 6516
61 42 2945
61 33 8586
61 56 3459
61 28 3230
61 2 7817
61 24 1432
61 27 6785
61 3 8828
61 22 5640
61 17 865
61 36 4941
61 1 427
61 46 8562
61 38 6595
61 11 5270
61 8 4598
61 58 10840
61 10 8343
61 0 10186
61 25 6876
62 8 10301
62 43 2362
62 1 1285
62 20 2933
62 26 9281
62 37 6146
62 11 10812
62 58 1108
62 59 1762
62 67 9291
62 55 8421
62 53 2055
62 51 7167
62 44 9519
62 57 6429
62 69 9132
62 6 1483
62 31 10775
62 42 10479
62 52 6442
62 12 2499
62 30 8335
62 32 2575
62 9 5137
62 65 9103
62 60 3882
62 5 2829
62 61 3448
62 34 10767
62 66 3311
62 28 2404
62 68 4759
62 16 9437
62 38 1569
62 50 6616
62 7 2411
62 48 5399
62 63 3985
62 13 5060
62 29 4034
62 23 7951
62 19 665
62 64 5404
62 2 1975
62 27 4905
62 54 387
62 3 7964
62 39 8426
62 22 4662
62 18 1586
62 36 440
62 17 5308
63 7 7927
63 59 4957
63 21 3597
63 51 6995
63 46 2485
63 33 9105
63 17 8251
63 56 7286
63 66 3536
63 67 9329
63 15 9713
63 14 1139
63 43 10158
63 53 2411
63 13 6167
63 18 9431
63 55 4629
63 52 9572
63 60 8060
63 62 2167
63 32 8768
63 8 2203
63 26 7671
63 38 10183
63 28 9776
63 25 2292
63 30 286
63 12 6353
63 57 4063
63 6 3545
63 23 7903
63 16 6180
63 11 7973
63 34 458
63 40 8884
63 2 4097
63 35 1249
63 42 8723
63 39 5876
63 1 10246
63 29 4854
63 27 8069
63 37 4908
63 44 10537
63 24 6047
63 54 5108
63 61 8074
63 64 9401
63 69 10490
63 10 480
63 9 9941
64 63 3725
64 19 9946
64 36 5126
64 4 3
64 20 1861
64 0 286
64 35 10370
64 22 4864
64 28 2575
64 56 4480
64 24 4549
64 53 7971
64 37 9494
64 27 2717
64 23 4267
64 43 4024
64 16 3849
64 11 5396
64 40 3133
64 32 6257
64 55 9928
64 2 2103
64 44 6631
64 61 2279
64 60 2547
64 38 3871
64 13 10420
64 46 1174
64 62 292
64 39 6632
64 30 2674
64 10 4572
64 59 8940
64 51 5322
64 17 5025
64 69 3264
64 67 6493
64 58 9952
64 31 1187
64 7 10657
64 68 4490
64 52 827
64 21 9690
64 50 9992
64 8 661
64 26 1675
64 9 1481
65 5 6289
65 44 6987
65 0 5049
65 2 8932
65 23 6925
65 48 1240
65 20 465
65 54 5947
65 1 1764
65 13 5151
65 35 8837
65 58 3360
65 67 6062
65 47 9283
65 30 8215
65 37 6473
65 36 1981
65 21 8307
65 19 9129
65 6 7865
65 60 9414
65 16 2550
65 8 5195
65 14 4803
65 52 6299
65 68 7478
65 9 3517
65 63 6597
65 59 3279
65 45 5256
65 28 4521
65 61 973
65 62 9449
65 49 1114
65 39 10345
65 26 5815
65 32 5531
65 12 9502
65 41 1888
65 33 2925
65 24 8282
65 43 9922
65 3 10220
65 51 4607
65 40 8882
65 7 436
65 25 3976
65 34 10101
65 55 6197
65 50 9862
65 57 3407
65 31 10053
65 42 7444
66 18 5683
66 2 3116
66 62 8678
66 12 9255
66 38 5792
66 59 5205
66 5 8282
66 8 4091
66 39 4034
66 10 7549
66 36 10179
66 17 5381
66 44 3528
66 51 3077
66 68 10744
66 14 2652
66 16 6519
66 67 751
66 22 9815
66 25 5102
66 56 4189
66 32 1710
66 45 3003
66 9 9698
66 54 4638
66 29 10630
66 4 2412
66 57 689
66 61 7512
66 26 57
66 3 9606
66 30 8398
66 53 7142
66 13 5006
66 34 4613
66 48 1970
66 64 2918
66 21 4234
66 11 4384
66 0 3126
66 15 9461
66 50 10180
66 47 2300
66 6 10272
66 37 5028
66 20 2852
66 55 3027
66 65 8620
66 42 6752
66 33 4590
66 63 10544
66 49 9329
66 19 10790
66 41 6552
66 46 5177
67 20 9920
67 62 9154
67 10 8900
67 58 3096
67 22 4196
67 34 538
67 46 7145
67 26 10614
67 28 672
67 68 3653
67 35 2351
67 12 4890
67 51 7153
67 2 8207
67 31 3234
67 43 6090
67 69 4202
67 6 6230
67 47 3883
67 3 1802
67 4 5697
67 55 2212
67 59 6787
67 42 10300
67 9 9098
67 18 9112
67 39 10428
67 19 6492
67 56 4488
67 66 3288
67 25 4102
67 11 2452
67 14 3353
67 7 9216
67 8 6979
67 33 9311
67 60 5289
67 53 1447
67 41 4112
67 38 3415
67 27 6744
67 32 3173
67 5 4607
68 35 7577
68 12 3080
68 15 4121
68 23 6677
68 39 7833
68 62 6653
68 2 3234
68 69 10718
68 3 7090
68 47 5542
68 22 6175
68 65 2
68 26 10335
68 27 5000
68 60 9278
68 50 4527
68 37 3037
68 64 8389
68 13 9969
68 66 2962
68 63 10745
68 59 6568
68 18 7658
68 20 9874
68 31 9101
68 36 535
68 53 5199
68 30 3108
68 9 5113
68 48 10426
68 56 1754
68 4 10712
68 21 10509
68 17 2042
68 10 5425
68 40 9037
68 32 1178
68 57 9403
68 58 4372
68 28 9090
68 34 1298
68 7 9183
68 55 6536
68 51 10340
68 43 2074
68 61 9986
68 45 4430
68 67 9618
68 11 6798
68 14 5358
68 8 10649
68 5 5967
69 56 8583
69 30 9190
69 46 1745
69 35 4033
69 24 7751
69 58 3055
69 21 6209
69 43 429
69 13 3031
69 25 2065
69 54 2285
69 18 7321
69 5 10421
69 33 5405
69 62 5133
69 38 9551
69 59 140
69 36 5656
69 42 6387
69 12 1538
69 55 1762
69 19 3145
69 65 857
69 41 6101
69 66 9789
69 22 4333
69 67 8622
69 68 7891
69 47 1587
69 10 1300
69 0 4505
69 7 5816
69 1 3634
69 14 7183
69 17 8384
69 48 685
69 40 6927
69 9 4633
69 63 1052
69 53 851
69 8 10626
69 4 8800
69 6 10105
69 26 6186
69 61 384
69 51 4344
69 60 10465
69 15 7249
69 34 967
69 27 2547
69 49 3959
69 2 10333
69 11 3009
36
