62 0 62
23 1988 62 61 95 67 40 23
16 2069 62 61 95 67 27 13 85 16
60 3005 62 61 95 80 78 60
81 2846 62 25 3 36 64 81
48 2416 62 61 95 67 27 13 90 79 48
21 2054 62 25 3 65 21
84 3176 62 59 46 83 84
19 1432 62 19
91 2587 62 61 95 67 40 91
61 160 62 61
33 1766 62 25 3 38 42 34 33
76 1783 62 25 76
96 2226 62 25 3 38 42 34 29 96
69 2211 62 25 3 38 42 69
34 1688 62 25 3 38 42 34
12 2217 62 61 95 67 27 13 90 12
87 2004 62 25 3 38 42 34 87
74 3375 62 25 3 74
29 2097 62 25 3 38 42 34 29
97 2127 62 25 3 97
89 2072 62 17 89
6 1776 62 25 3 38 42 34 6
25 911 62 25
68 1693 62 61 68
47 1922 62 61 95 67 27 13 85 47
83 2563 62 59 46 83
35 1794 62 19 35
51 1901 62 61 95 67 27 13 85 51
92 1895 62 25 3 38 42 34 6 92
93 1705 62 59 93
38 1576 62 25 3 38
36 1325 62 25 3 36
14 2783 62 61 95 80 7 14
10 1841 62 19 10
0 1814 62 61 95 67 0
55 1726 62 17 50 56 55
39 2291 62 19 8 39
73 2185 62 61 95 67 0 24 73
72 2051 62 19 72
31 2235 62 25 3 36 31
3 1258 62 25 3
70 2901 62 17 37 70
32 1798 62 17 50 56 55 32
46 2077 62 59 46
59 1511 62 59
64 1768 62 25 3 36 64
5 3030 62 61 5
45 2146 62 61 95 67 27 13 85 47 45
53 1893 62 17 50 56 55 53
42 1620 62 25 3 38 42
63 2466 62 61 95 67 27 13 90 79 48 63
50 1592 62 17 50
54 2823 62 61 95 67 27 54
56 1625 62 17 50 56
58 2343 62 25 3 38 42 69 58
1 2115 62 17 89 1
8 1870 62 19 8
98 1940 62 25 3 38 42 34 6 98
85 1849 62 61 95 67 27 13 85
90 1807 62 61 95 67 27 13 90
44 1796 62 59 93 44
22 2405 62 25 3 38 42 34 6 92 22
52 4152 62 19 94 52
28 1383 62 28
43 2408 62 17 50 43
80 1711 62 61 95 80
86 2991 62 25 3 38 42 86
11 1889 62 61 68 11
18 2806 62 17 89 1 9 18
2 1977 62 17 50 56 55 32 2
95 1196 62 61 95
71 3195 62 17 50 43 71
27 1276 62 61 95 67 27
99 3031 62 61 68 11 99
26 1935 62 17 50 56 55 32 26
7 1748 62 61 95 80 7
41 2100 62 19 35 41
17 1514 62 17
78 1862 62 61 95 80 78
57 3308 62 17 50 56 55 32 26 57
20 2293 62 61 95 67 27 13 20
9 2697 62 17 89 1 9
82 2872 62 61 95 80 78 82
13 1693 62 61 95 67 27 13
94 1721 62 19 94
4 2563 62 17 50 56 55 4
49 1549 62 25 3 36 49
67 1259 62 61 95 67
66 2305 62 19 8 66
15 2158 62 61 95 67 27 13 85 47 45 15
75 1952 62 25 76 75
30 2603 62 25 3 38 42 69 30
88 2358 62 25 3 38 42 69 88
24 1919 62 61 95 67 0 24
40 1968 62 61 95 67 40
37 2219 62 17 37
79 2107 62 61 95 67 27 13 90 79
65 2036 62 25 3 65
77 2001 62 61 95 67 27 13 85 47 77
