25 0 25
85 1214 25 43 2 45 85
40 1212 25 22 86 92 40
69 914 25 22 69
55 1006 25 22 97 55
39 880 25 44 47 5 27 50 39
51 1084 25 44 47 5 27 50 39 18 13 51
2 762 25 43 2
44 92 25 44
45 986 25 43 2 45
47 22 25 44 47
68 1044 25 28 23 76 21 84 61 54 0 52 68
37 1310 25 28 77 37
76 275 25 28 23 76
77 223 25 28 77
29 1014 25 44 47 96 29
43 114 25 43
31 1422 25 44 47 5 27 31
16 1332 25 28 23 76 21 16
73 599 25 28 23 76 21 84 61 11 73
75 737 25 44 47 5 27 75
94 1341 25 44 47 96 29 94
24 602 25 28 23 76 21 14 24
33 749 25 28 33
19 1435 25 44 47 96 29 94 19
63 1284 25 44 47 5 27 50 39 18 12 63
59 859 25 43 82 59
22 400 25 22
9 1544 25 28 23 76 21 84 26 72 9
21 421 25 28 23 76 21
48 1266 25 28 77 53 48
50 416 25 44 47 5 27 50
8 1016 25 44 47 5 27 50 39 18 8
79 1466 25 28 23 76 21 84 61 79
99 570 25 43 99
89 1274 25 44 47 96 29 89
30 641 25 28 33 80 60 30
83 1301 25 44 47 5 27 50 39 18 13 83
86 1324 25 22 86
34 1015 25 44 47 96 29 49 34
92 1275 25 22 86 92
3 1059 25 28 23 76 21 84 61 54 0 52 68 3
91 552 25 91
5 333 25 44 47 5
74 472 25 28 23 74
82 749 25 43 82
96 365 25 44 47 96
36 1216 25 28 23 76 21 14 24 88 65 36
1 1000 25 28 77 1
14 476 25 28 23 76 21 14
62 1644 25 28 33 80 60 30 62
17 1252 25 22 86 92 17
90 1466 25 28 23 76 21 84 61 11 90
81 1586 25 44 47 5 27 67 81
60 719 25 28 33 80 60
23 292 25 28 23
49 937 25 44 47 96 29 49
42 728 25 28 77 42
93 1254 25 93
10 1698 25 28 33 80 60 78 6 10
67 580 25 44 47 5 27 67
88 702 25 28 23 76 21 14 24 88
71 1377 25 28 71
20 624 25 28 23 76 21 84 61 11 73 70 20
15 413 25 28 23 74 15
46 898 25 44 47 5 27 75 46
84 406 25 28 23 76 21 84
56 633 25 28 23 76 21 84 61 11 56
57 636 25 28 23 76 21 84 61 57
4 1559 25 44 47 5 27 50 4
6 666 25 28 33 80 60 78 6
28 -17 25 28
78 677 25 28 33 80 60 78
11 408 25 28 23 76 21 84 61 11
53 587 25 28 77 53
38 699 25 44 47 38
7 1546 25 28 23 76 21 7
66 1590 25 28 23 76 21 84 26 72 98 66
13 919 25 44 47 5 27 50 39 18 13
26 391 25 28 23 76 21 84 26
32 1339 25 28 23 76 21 84 61 11 73 70 32
87 974 25 44 47 96 87
80 683 25 28 33 80
12 1175 25 44 47 5 27 50 39 18 12
98 1052 25 28 23 76 21 84 26 72 98
97 573 25 22 97
58 759 25 28 77 58
65 829 25 28 23 76 21 14 24 88 65
64 2379 25 44 47 5 27 50 39 18 8 64
61 462 25 28 23 76 21 84 61
41 1134 25 28 23 76 21 84 61 41
52 488 25 28 23 76 21 84 61 54 0 52
70 587 25 28 23 76 21 84 61 11 73 70
35 446 25 28 23 74 35
0 582 25 28 23 76 21 84 61 54 0
95 1780 25 28 77 1 95
72 790 25 28 23 76 21 84 26 72
18 976 25 44 47 5 27 50 39 18
54 565 25 28 23 76 21 84 61 54
27 354 25 44 47 5 27
