85 0 85
23 1084 85 23
32 1579 85 56 48 32
5 1346 85 5
14 1584 85 18 70 3 43 73 14
80 1652 85 56 10 80
56 876 85 56
55 1427 85 59 21 78 55
51 1446 85 59 51
48 1176 85 56 48
69 597 85 69
92 106 85 92
71 1879 85 59 51 19 71
3 1180 85 18 70 3
34 1140 85 34
76 1680 85 18 70 76
66 1096 85 59 66
26 1476 85 26
7 1909 85 59 51 19 71 7
19 1628 85 59 51 19
64 1023 85 56 64
88 1869 85 88
18 500 85 18
78 1217 85 59 21 78
60 1430 85 56 64 6 77 60
43 1385 85 18 70 3 43
46 1934 85 56 45 68 46
81 1004 85 81
59 384 85 59
0 2758 85 56 64 6 77 60 27 28 1 0
65 2462 85 59 66 17 65
22 1214 85 22
1 2254 85 56 64 6 77 60 27 28 1
21 445 85 59 21
52 2759 85 59 51 19 71 52
97 1897 85 56 45 97
30 1719 85 18 70 3 89 30
62 1749 85 18 70 3 89 62
58 1632 85 5 58
75 2371 85 23 90 75
99 458 85 59 21 99
9 2321 85 59 91 9
28 1611 85 56 64 6 77 60 27 28
2 1439 85 59 2
36 2645 85 59 21 4 63 36
84 2334 85 59 66 84
54 1502 85 69 54
10 1394 85 56 10
91 1398 85 59 91
98 1838 85 22 98
72 2029 85 56 45 68 46 72
35 1358 85 69 35
13 1240 85 59 13
8 1735 85 56 64 6 8
24 1038 85 81 24
63 1549 85 59 21 4 63
77 1263 85 56 64 6 77
67 1414 85 59 67
42 1668 85 59 21 78 42
15 2159 85 56 10 80 15
12 2387 85 18 70 3 12
61 1539 85 56 48 61
70 758 85 18 70
57 1805 85 59 21 4 63 57
16 2599 85 18 70 3 43 73 11 16
31 1954 85 56 48 61 31
53 1764 85 59 21 4 53
79 1438 85 56 64 79
29 1137 85 18 70 29
4 870 85 59 21 4
90 1619 85 23 90
41 1747 85 81 24 41
50 2494 85 18 70 3 43 73 50
20 1437 85 56 20
87 1395 85 5 87
6 1227 85 56 64 6
96 1464 85 69 35 96
45 1095 85 56 45
89 1697 85 18 70 3 89
17 2215 85 59 66 17
95 1329 85 34 95
38 1912 85 59 21 78 38
33 2461 85 56 64 6 77 33
25 1484 85 59 91 25
83 1724 85 56 48 83
94 1722 85 59 91 25 94
39 1593 85 18 70 3 43 73 14 39
49 2386 85 59 21 4 53 49
40 2558 85 34 40
82 2355 85 56 64 6 8 82
73 1558 85 18 70 3 43 73
93 2659 85 18 70 3 43 73 93
44 1593 85 56 64 79 44
74 1592 85 56 48 32 74
68 1787 85 56 45 68
27 1476 85 56 64 6 77 60 27
86 2658 85 18 70 3 43 73 86
37 1620 85 23 37
47 1617 85 56 64 6 77 47
11 2573 85 18 70 3 43 73 11
