72 0 72
9 4473 72 11 26 60 124 98 9
97 3943 72 144 58 45 6 51 52 97
34 4969 72 144 58 45 16 62 113 94 5 34
125 3115 72 144 58 45 6 51 77 103 125
53 2902 72 144 58 45 16 62 113 94 53
58 2128 72 144 58
60 1677 72 11 26 60
148 3736 72 144 58 45 6 85 84 148
4 4825 72 11 26 126 141 25 4
113 2818 72 144 58 45 16 62 113
105 3502 72 144 31 105
94 2689 72 144 58 45 16 62 113 94
144 1997 72 144
46 3036 72 11 26 46
129 3228 72 144 58 33 111 129
141 3451 72 11 26 126 141
76 4228 72 11 26 128 76
11 1247 72 11
33 2000 72 144 58 33
79 2647 72 144 79
74 3454 72 144 58 45 6 51 77 74
137 2890 72 144 58 45 6 51 14 117 137
64 2584 72 11 26 60 64
21 3428 72 21
22 3667 72 144 58 45 6 51 77 119 138 81 75 22
87 3367 72 11 26 46 38 100 70 87
23 4443 72 144 58 45 16 62 113 94 53 23
29 3003 72 144 58 45 16 62 29
67 3912 72 11 26 60 64 54 7 91 67
52 2749 72 144 58 45 6 51 52
138 3024 72 144 58 45 6 51 77 119 138
115 3705 72 144 58 45 6 85 115
12 3571 72 144 58 12
75 3106 72 144 58 45 6 51 77 119 138 81 75
109 4243 72 144 58 45 16 62 29 109
123 3041 72 144 58 69 123
73 2976 72 144 58 69 57 73
16 2211 72 144 58 45 16
99 3623 72 144 58 33 111 129 99
85 2436 72 144 58 45 6 85
134 3895 72 144 58 45 6 51 134
59 2713 72 144 58 45 59
122 4517 72 11 26 46 38 122
0 4629 72 144 58 45 6 85 0
36 2536 72 144 58 33 36
84 3199 72 144 58 45 6 85 84
92 3682 72 144 58 33 92
86 3488 72 144 58 45 6 51 14 117 86
106 3476 72 144 31 106
88 3670 72 144 58 45 6 51 77 103 88
136 3655 72 144 58 45 6 51 77 119 138 81 136
6 1965 72 144 58 45 6
95 3516 72 144 58 45 16 62 101 95
32 2713 72 144 58 45 6 51 77 119 43 55 32
27 3143 72 144 58 45 6 51 77 119 110 27
118 3282 72 11 26 60 64 54 7 91 135 118
43 2356 72 144 58 45 6 51 77 119 43
140 2960 72 144 58 45 6 51 14 117 140
104 2283 72 144 104
83 3611 72 144 58 45 6 85 84 148 83
5 3860 72 144 58 45 16 62 113 94 5
96 3471 72 144 58 69 57 96
10 3584 72 144 58 45 6 51 14 117 140 10
38 3372 72 11 26 46 38
17 3277 72 144 58 45 6 51 14 117 140 17
147 2957 72 144 58 45 6 51 77 119 43 55 32 147
82 3462 72 11 82
56 3445 72 11 26 60 64 54 7 91 135 118 39 56
66 2467 72 144 58 45 16 66
35 3667 72 144 58 45 6 51 14 117 35
69 2715 72 144 58 69
19 3256 72 11 26 60 19
132 3048 72 144 58 45 6 51 14 132
50 3885 72 144 58 33 111 50
119 2433 72 144 58 45 6 51 77 119
90 4059 72 11 26 60 64 54 7 91 135 90
71 3535 72 144 58 45 6 51 14 117 86 71
68 3449 72 11 26 126 141 25 112 68
93 3379 72 11 26 60 124 98 93
111 2858 72 144 58 33 111
45 2010 72 144 58 45
114 3251 72 144 58 45 16 62 113 114
55 2590 72 144 58 45 6 51 77 119 43 55
78 3707 72 11 78
1 4405 72 144 58 45 6 85 84 148 1
49 3995 72 144 58 45 6 51 77 119 110 49
62 2801 72 144 58 45 16 62
7 2847 72 11 26 60 64 54 7
61 3704 72 11 26 60 124 61
57 3089 72 144 58 69 57
108 4275 72 144 58 45 6 85 84 148 83 108
28 3923 72 21 28
143 3008 72 144 58 45 6 51 77 103 143
13 2617 72 144 58 45 16 13
89 4485 72 144 58 45 6 51 14 117 137 102 89
127 3851 72 144 145 127
44 4381 72 144 58 45 16 62 113 44
110 3058 72 144 58 45 6 51 77 119 110
117 2635 72 144 58 45 6 51 14 117
116 2171 72 144 58 45 16 116
54 2845 72 11 26 60 64 54
70 3402 72 11 26 46 38 100 70
103 3146 72 144 58 45 6 51 77 103
18 4208 72 144 58 33 111 129 99 24 18
51 2356 72 144 58 45 6 51
48 3254 72 144 145 48
65 4093 72 11 26 60 64 54 7 91 135 90 65
131 3373 72 144 58 45 16 62 113 94 53 131
133 3102 72 144 58 45 6 85 84 133
139 3017 72 144 58 33 36 139
63 3386 72 144 58 45 6 85 84 133 63
8 3741 72 11 26 46 38 100 8
3 2848 72 144 58 45 16 62 3
130 4192 72 144 58 45 6 51 14 130
107 3892 72 144 58 45 6 51 14 132 107
121 3212 72 11 26 60 121
15 3830 72 144 58 45 6 51 77 119 43 55 15
26 1691 72 11 26
37 3199 72 144 58 45 6 51 14 117 137 102 37
30 3156 72 11 26 128 30
100 3318 72 11 26 46 38 100
31 2905 72 144 31
39 3343 72 11 26 60 64 54 7 91 135 118 39
149 3230 72 144 58 45 16 62 3 149
2 3272 72 144 58 45 6 51 77 119 43 55 32 147 2
20 3511 72 11 26 60 64 54 7 91 135 118 20
126 3196 72 11 26 126
47 2987 72 144 58 69 123 47
101 3435 72 144 58 45 16 62 101
80 2974 72 11 26 60 124 98 80
142 3154 72 144 58 69 123 47 142
91 2942 72 11 26 60 64 54 7 91
24 3736 72 144 58 33 111 129 99 24
41 3253 72 144 58 45 6 51 14 41
145 2004 72 144 145
120 3107 72 144 58 33 120
40 4134 72 144 58 45 6 51 14 117 140 17 40
102 2922 72 144 58 45 6 51 14 117 137 102
42 3587 72 144 58 45 6 51 77 103 143 42
25 3346 72 11 26 126 141 25
128 3092 72 11 26 128
146 3307 72 11 26 60 64 54 146
14 2399 72 144 58 45 6 51 14
77 2465 72 144 58 45 6 51 77
98 3123 72 11 26 60 124 98
124 3230 72 11 26 60 124
81 2972 72 144 58 45 6 51 77 119 138 81
112 3343 72 11 26 126 141 25 112
135 2867 72 11 26 60 64 54 7 91 135
