79 0 79
0 2674 79 8 28 11 19 80 0
11 598 79 8 28 11
32 993 79 8 28 11 47 90 32
56 347 79 56
75 1128 79 8 28 11 47 90 62 75
9 1208 79 8 28 11 9
67 1063 79 67
78 1351 79 8 28 11 47 90 32 78
26 803 79 8 28 11 6 44 26
4 902 79 8 28 11 19 80 81 86 4
93 979 79 8 28 11 19 39 93
36 2910 79 8 28 11 47 70 21 18 89 36
19 647 79 8 28 11 19
57 1255 79 8 28 11 47 90 62 75 49 57
63 1232 79 8 28 11 47 90 63
8 356 79 8
38 1196 79 8 20 52 38
18 805 79 8 28 11 47 70 21 18
69 1114 79 8 28 11 47 70 14 69
5 1144 79 8 28 11 5
3 1711 79 8 28 96 40 3
86 970 79 8 28 11 19 80 81 86
91 813 79 8 28 91
34 2145 79 8 28 11 19 39 93 35 97 34
44 683 79 8 28 11 6 44
17 1392 79 8 17
59 1474 79 8 28 11 47 90 62 75 59
15 1244 79 8 28 11 47 70 21 18 22 15
46 1167 79 8 28 11 19 80 81 86 46
55 1283 79 8 28 11 19 80 68 55
6 550 79 8 28 11 6
25 937 79 8 28 11 47 70 21 18 25
95 1828 79 8 28 91 43 95
90 928 79 8 28 11 47 90
85 1307 79 8 28 91 85
89 2187 79 8 28 11 47 70 21 18 89
50 1544 79 8 28 11 47 90 62 75 59 50
77 1311 79 8 28 11 47 90 77
31 946 79 8 28 11 47 31
12 1743 79 8 28 96 40 12
84 1507 79 8 28 11 47 70 21 18 84
30 1435 79 8 28 11 19 80 81 86 4 45 76 64 30
23 2259 79 8 28 11 47 70 21 18 23
10 716 79 8 28 11 47 10
71 1047 79 8 28 11 19 39 93 35 71
52 787 79 8 20 52
96 828 79 8 28 96
76 1067 79 8 28 11 19 80 81 86 4 45 76
16 1020 79 8 28 11 47 90 62 75 49 16
92 1970 79 8 28 11 19 80 81 86 4 45 76 64 92
43 1517 79 8 28 91 43
20 846 79 8 20
54 788 79 8 28 11 47 90 62 54
48 2199 79 8 28 11 48
2 1589 79 8 28 11 19 80 81 86 4 45 76 64 30 2
47 505 79 8 28 11 47
80 553 79 8 28 11 19 80
28 358 79 8 28
24 1375 79 8 28 11 47 90 32 78 24
72 1208 79 8 28 11 19 80 72
62 836 79 8 28 11 47 90 62
40 868 79 8 28 96 40
41 1523 79 8 28 41
74 1120 79 8 28 11 19 39 93 35 97 74
7 1339 79 8 28 11 19 80 81 86 46 7
58 1531 79 8 28 11 47 90 32 78 58
49 1066 79 8 28 11 47 90 62 75 49
39 771 79 8 28 11 19 39
22 821 79 8 28 11 47 70 21 18 22
65 1537 79 8 28 11 19 39 93 35 97 74 65
42 773 79 8 28 11 47 70 21 18 22 42
88 1117 79 8 28 11 47 70 21 18 22 88
73 1440 79 8 28 11 19 73
68 669 79 8 28 11 19 80 68
99 1349 79 8 28 11 19 73 99
37 1550 79 8 28 11 47 70 21 18 22 42 37
82 1433 79 8 28 11 47 90 32 78 24 82
51 1600 79 8 28 11 5 51
66 1626 79 8 28 11 47 90 62 54 66
29 1966 79 8 28 11 47 70 21 18 22 88 29
33 1128 79 8 28 33
13 1716 79 8 28 11 47 90 13
21 772 79 8 28 11 47 70 21
70 672 79 8 28 11 47 70
45 836 79 8 28 11 19 80 81 86 4 45
60 1020 79 8 28 11 47 70 21 18 22 88 60
1 1644 79 8 28 11 47 90 32 78 58 1
83 1894 79 8 28 11 47 70 83
27 1073 79 8 28 33 27
53 813 79 8 28 11 47 10 53
61 1478 79 67 61
35 953 79 8 28 11 19 39 93 35
97 900 79 8 28 11 19 39 93 35 97
94 1050 79 8 28 11 47 70 21 18 25 94
64 1012 79 8 28 11 19 80 81 86 4 45 76 64
81 980 79 8 28 11 19 80 81
98 1102 79 8 28 11 19 39 93 35 71 98
14 947 79 8 28 11 47 70 14
87 2599 79 8 28 11 19 39 93 35 97 87
