53 0 53
0 1661 53 50 94 11 0
1 2073 53 50 98 62 48 1
2 2037 53 50 94 11 49 2
3 2073 53 50 98 3
4 3364 53 50 94 26 78 4
5 1780 53 50 90 5
6 2008 53 10 42 44 6
7 2643 53 50 98 47 7
8 2062 53 50 8
9 2615 53 50 94 11 0 60 9
10 1484 53 10
11 1294 53 50 94 11
12 1474 53 50 12
13 2216 53 50 98 62 48 29 91 41 95 13
14 2784 53 50 94 11 77 68 14
15 2468 53 50 98 62 48 92 79 69 15
16 1791 53 50 98 62 48 29 16
17 2061 53 50 98 62 48 29 91 17
18 3242 53 50 35 21 61 18
19 1218 53 50 19
20 2951 53 50 98 62 48 29 91 20
21 1573 53 50 35 21
22 2215 53 50 94 11 77 68 82 22
23 1904 53 50 94 11 77 68 23
24 3262 53 10 42 28 24
25 2726 53 25
26 1995 53 50 94 26
27 3150 53 50 98 62 48 1 27
28 2187 53 10 42 28
29 1418 53 50 98 62 48 29
30 3099 53 30
31 1308 53 50 94 31
32 2558 53 50 98 62 48 29 73 32
33 2623 53 50 98 62 48 38 33
34 2033 53 50 35 34
35 1131 53 50 35
36 2712 53 50 35 21 61 74 36
37 3018 53 50 98 62 48 92 79 69 15 37
38 2440 53 50 98 62 48 38
39 1391 53 56 39
40 2008 53 50 98 62 48 92 40
41 2006 53 50 98 62 48 29 91 41
42 1838 53 10 42
43 1852 53 50 94 11 77 68 43
44 1926 53 10 42 44
45 2260 53 50 35 21 61 45
46 2514 53 50 98 62 48 92 79 69 15 46
47 2463 53 50 98 47
48 1365 53 50 98 62 48
49 1597 53 50 94 11 49
50 392 53 50
51 2449 53 50 35 21 51
52 2070 53 56 39 52
54 2154 53 50 94 11 77 68 82 54
55 2075 53 50 94 26 55
56 1156 53 56
57 2877 53 10 42 57
58 1343 53 50 98 62 58
59 2143 53 50 35 21 59
60 2290 53 50 94 11 0 60
61 1754 53 50 35 21 61
62 1247 53 50 98 62
63 2331 53 50 8 63
64 2086 53 50 90 5 64
65 2591 53 50 98 62 58 65
66 2561 53 50 94 11 49 2 66
67 3280 53 50 98 62 48 29 73 67
68 1779 53 50 94 11 77 68
69 2337 53 50 98 62 48 92 79 69
70 2327 53 50 98 62 48 88 70
71 3282 53 50 94 11 49 2 66 71
72 2436 53 50 98 62 48 29 91 72
73 2383 53 50 98 62 48 29 73
74 1795 53 50 35 21 61 74
75 2113 53 50 19 75
76 2312 53 50 98 62 48 29 16 76
77 1402 53 50 94 11 77
78 2069 53 50 94 26 78
79 2113 53 50 98 62 48 92 79
80 2111 53 50 94 11 49 80
81 2426 53 50 98 62 48 29 91 81
82 1951 53 50 94 11 77 68 82
83 2524 53 56 39 52 83
84 2793 53 50 94 11 49 80 84
85 3348 53 50 35 21 61 45 85
86 2106 53 50 98 62 48 88 86
87 2944 53 50 98 62 48 88 96 87
88 1650 53 50 98 62 48 88
89 2409 53 50 94 11 77 68 82 54 89
90 1721 53 50 90
91 1614 53 50 98 62 48 29 91
92 1607 53 50 98 62 48 92
93 2183 53 50 94 11 77 68 23 93
94 917 53 50 94
95 2149 53 50 98 62 48 29 91 41 95
96 1839 53 50 98 62 48 88 96
97 2202 53 50 98 62 48 88 96 97
98 1145 53 50 98
99 1574 53 50 98 62 48 99
