31 0 31
0 1977 31 8 67 113 0
1 2796 31 8 67 113 86 99 23 1
2 2240 31 133 32 2
3 1737 31 8 5 14 3
4 2365 31 52 88 70 37 143 4
5 983 31 8 5
6 2639 31 8 67 113 86 6
7 2673 31 8 5 63 121 131 94 7
8 415 31 8
9 2698 31 52 9
10 2772 31 8 67 113 86 99 10
11 2438 31 52 30 74 11
12 2347 31 52 88 70 37 143 12
13 2627 31 40 19 13
14 1652 31 8 5 14
15 2667 31 8 64 22 15
16 2548 31 52 30 56 16
17 2189 31 8 5 14 3 17
18 2688 31 8 67 95 18
19 2363 31 40 19
20 4126 31 8 67 108 120 20
21 1518 31 8 5 63 21
22 1967 31 8 64 22
23 1845 31 8 67 113 86 99 23
24 1745 31 8 5 63 121 24
25 2342 31 133 32 25
26 2554 31 8 67 113 86 99 27 26
27 1639 31 8 67 113 86 99 27
28 3727 31 8 67 113 86 99 114 28
29 1774 31 8 5 14 29
30 1903 31 52 30
32 1260 31 133 32
33 1729 31 8 67 113 86 99 27 33
34 2081 31 8 64 149 34
35 2492 31 8 5 63 21 129 35
36 1487 31 8 36
37 2015 31 52 88 70 37
38 1384 31 8 67 113 38
39 4008 31 8 64 57 39
40 1603 31 40
41 2340 31 8 5 63 121 106 41
42 2910 31 8 5 63 21 129 35 42
43 2399 31 8 5 63 121 43
44 3153 31 8 67 113 38 44
45 2114 31 8 5 63 45
46 2804 31 8 67 46
47 3174 31 8 5 63 21 129 47
48 2206 31 8 5 14 3 48
49 1038 31 8 67 49
50 2009 31 8 64 149 50
51 2752 31 52 30 74 51
52 1089 31 52
53 3142 31 8 67 113 86 99 85 53
54 2705 31 8 64 22 145 54
55 2633 31 8 67 49 82 115 134 55
56 2094 31 52 30 56
57 2740 31 8 64 57
58 3672 31 8 5 14 3 66 58
59 3151 31 40 19 59
60 2400 31 8 5 14 3 66 60
61 2332 31 8 67 49 82 115 61
62 1489 31 52 62
63 1210 31 8 5 63
64 732 31 8 64
65 2690 31 8 64 118 140 65
66 1911 31 8 5 14 3 66
67 452 31 8 67
68 2901 31 68
69 3421 31 133 69
70 1839 31 52 88 70
71 2767 31 8 67 95 84 71
72 2443 31 8 5 14 3 66 72
73 1856 31 8 64 149 73
74 2033 31 52 30 74
75 2911 31 52 88 75
76 5209 31 52 88 70 116 76
77 1681 31 8 36 103 77
78 2765 31 8 5 63 121 78
79 1589 31 79
80 2906 31 52 30 74 51 80
81 2583 31 52 88 70 37 81
82 1412 31 8 67 49 82
83 2522 31 8 64 22 145 83
84 2688 31 8 67 95 84
85 2245 31 8 67 113 86 99 85
86 1253 31 8 67 113 86
87 2266 31 52 62 87
88 1511 31 52 88
89 3063 31 8 5 63 21 89
90 2859 31 8 67 49 82 115 90
91 2671 31 8 67 113 91
92 2693 31 8 67 113 86 99 27 92
93 1695 31 52 62 93
94 2038 31 8 5 63 121 131 94
95 1564 31 8 67 95
96 3279 31 8 5 63 45 96
97 2801 31 8 67 113 0 101 97
98 3075 31 52 30 56 98
99 1333 31 8 67 113 86 99
100 2682 31 8 5 14 3 66 60 100
101 2293 31 8 67 113 0 101
102 3130 31 8 67 49 102
103 1553 31 8 36 103
104 5063 31 8 67 113 86 99 114 28 104
105 2742 31 52 105
106 2023 31 8 5 63 121 106
107 1959 31 8 5 63 107
108 1460 31 8 67 108
109 3757 31 8 67 113 86 99 114 28 109
110 1870 31 133 110
111 2369 31 52 62 87 111
112 3416 31 8 67 49 82 115 117 112
113 917 31 8 67 113
114 2524 31 8 67 113 86 99 114
115 1831 31 8 67 49 82 115
116 2707 31 52 88 70 116
117 2567 31 8 67 49 82 115 117
118 1711 31 8 64 118
119 2815 31 8 67 113 86 99 114 119
120 1956 31 8 67 108 120
121 1307 31 8 5 63 121
122 3049 31 52 30 74 11 122
123 2821 31 8 5 63 121 131 123
124 2131 31 8 67 49 82 115 124
125 2933 31 8 67 113 0 125
126 2536 31 8 5 63 21 129 126
127 3311 31 133 127
128 3022 31 8 5 128
129 2416 31 8 5 63 21 129
130 2324 31 130
131 1738 31 8 5 63 121 131
132 2989 31 8 67 113 86 99 23 132
133 1177 31 133
134 1989 31 8 67 49 82 115 134
135 4397 31 8 36 144 135
136 2181 31 8 5 63 107 136
137 4535 31 8 67 49 82 115 137
138 2834 31 8 67 46 138
139 2397 31 8 5 63 121 139
140 2114 31 8 64 118 140
141 2468 31 8 67 95 141
142 2313 31 8 5 63 21 142
143 2343 31 52 88 70 37 143
144 3956 31 8 36 144
145 2241 31 8 64 22 145
146 2866 31 133 146
147 3147 31 8 67 113 86 6 147
148 2285 31 8 5 63 121 148
149 1855 31 8 64 149
