120 0 120
9 1260 120 22 51 6 97 147 9
128 2101 120 37 40 74 128
114 1641 120 22 101 54 19 114
124 2599 120 22 51 93 107 125 29 149 124
10 3292 120 22 51 100 76 1 10
24 2212 120 22 51 93 107 125 24
84 1722 120 22 51 6 97 23 77 57 84
115 1968 120 22 101 54 19 136 46 115
28 1896 120 22 51 148 98 28
22 502 120 22
86 1363 120 22 51 6 97 147 9 86
12 1373 120 22 12
32 1860 120 22 51 106 91 39 81 130 32
130 1584 120 22 51 106 91 39 81 130
27 1240 120 22 51 100 27
41 2121 120 22 51 106 91 39 41
36 1876 120 22 51 6 36
66 4463 120 22 51 6 97 147 9 66
15 2463 120 22 51 93 107 14 62 61 15
145 2276 120 109 18 145
136 1612 120 22 101 54 19 136
89 1134 120 89
79 4372 120 22 101 54 19 136 46 75 79
7 2844 120 22 101 54 96 67 127 7
133 2774 120 22 51 106 91 39 58 133
138 2545 120 22 51 106 2 138
33 1035 120 22 33
64 1862 120 22 51 93 107 119 64
134 2232 120 22 101 54 19 136 134
87 2899 120 22 51 106 91 39 63 87
57 1234 120 22 51 6 97 23 77 57
146 1917 120 22 101 54 19 136 46 146
140 2193 120 22 101 54 19 114 123 140
95 3253 120 37 40 95
126 1636 120 126
26 2642 120 22 51 6 97 23 77 57 84 26
37 1500 120 37
47 3488 120 22 51 6 97 47
31 2167 120 22 101 54 19 114 44 31
106 1148 120 22 51 106
14 1656 120 22 51 93 107 14
19 1368 120 22 101 54 19
109 1629 120 109
90 2175 120 22 8 90
45 2950 120 22 51 6 45
11 1989 120 22 101 54 96 67 11
25 2588 120 22 51 6 97 147 9 86 94 83 52 25
4 1657 120 22 51 6 97 23 4
72 1042 120 22 51 6 72
75 2240 120 22 101 54 19 136 46 75
3 1178 120 3
121 2052 120 22 51 100 76 121
137 2261 120 22 51 137
85 2847 120 37 40 60 85
108 2504 120 22 8 108
139 2294 120 22 101 54 19 136 46 139
147 1018 120 22 51 6 97 147
99 2877 120 22 101 54 19 136 46 75 99
62 1872 120 22 51 93 107 14 62
82 1580 120 3 82
63 1306 120 22 51 106 91 39 63
132 2134 120 22 101 54 19 136 46 115 132
129 1966 120 22 12 129
107 1366 120 22 51 93 107
21 1752 120 22 8 21
94 1604 120 22 51 6 97 147 9 86 94
92 2149 120 22 51 93 107 119 92
131 1679 120 22 51 6 97 131
40 1667 120 37 40
23 1104 120 22 51 6 97 23
98 1693 120 22 51 148 98
105 2464 120 22 51 93 107 105
70 3027 120 22 8 70
43 2835 120 22 8 108 43
18 1749 120 109 18
135 1947 120 22 51 106 91 39 81 135
113 2154 120 22 101 54 19 114 123 113
50 1999 120 22 101 54 19 88 50
118 2072 120 22 51 100 27 20 118
141 3179 120 22 51 6 97 147 9 86 94 83 35 141
101 1012 120 22 101
58 1829 120 22 51 106 91 39 58
55 1620 120 22 51 106 91 39 81 55
13 1548 120 22 51 106 13
48 2701 120 22 101 54 19 114 44 31 48
149 2584 120 22 51 93 107 125 29 149
117 1877 120 22 101 54 19 117
8 1211 120 22 8
20 1276 120 22 51 100 27 20
81 1547 120 22 51 106 91 39 81
56 2130 120 22 51 93 107 14 62 61 73 56
73 2020 120 22 51 93 107 14 62 61 73
5 1531 120 37 5
83 1747 120 22 51 6 97 147 9 86 94 83
80 2030 120 22 51 6 97 147 9 86 94 83 52 80
69 2286 120 37 5 69
67 1590 120 22 101 54 96 67
104 2479 120 22 51 100 27 20 118 104
111 2126 120 22 111
127 1742 120 22 101 54 96 67 127
76 1790 120 22 51 100 76
60 1893 120 37 40 60
34 3168 120 22 51 106 91 39 81 34
68 2485 120 22 51 6 97 147 9 86 68
116 1422 120 89 116
148 947 120 22 51 148
100 1128 120 22 51 100
71 2316 120 22 51 93 110 71
46 1731 120 22 101 54 19 136 46
91 1160 120 22 51 106 91
123 1810 120 22 101 54 19 114 123
51 578 120 22 51
42 2429 120 22 51 100 76 121 42
143 2566 120 22 51 6 97 147 9 86 94 143
44 1822 120 22 101 54 19 114 44
61 1986 120 22 51 93 107 14 62 61
53 1444 120 22 51 106 91 39 63 53
30 2580 120 22 51 93 107 125 29 30
125 1891 120 22 51 93 107 125
29 1951 120 22 51 93 107 125 29
144 1889 120 22 51 6 97 147 9 86 94 144
2 2022 120 22 51 106 2
77 1192 120 22 51 6 97 23 77
49 3491 120 22 8 108 49
93 1147 120 22 51 93
119 1703 120 22 51 93 107 119
74 1957 120 37 40 74
96 1465 120 22 101 54 96
6 716 120 22 51 6
97 758 120 22 51 6 97
0 4298 120 22 8 90 0
59 2288 120 22 51 93 107 125 29 59
35 2310 120 22 51 6 97 147 9 86 94 83 35
142 2139 120 22 101 54 19 114 123 142
16 2532 120 22 8 21 16
112 2004 120 22 51 93 107 119 64 112
38 2629 120 89 38
17 2327 120 37 40 60 17
102 2527 120 22 51 6 97 147 9 86 102
78 1921 120 89 116 78
52 1804 120 22 51 6 97 147 9 86 94 83 52
88 1809 120 22 101 54 19 88
54 1229 120 22 101 54
122 4097 120 22 51 6 97 147 9 86 68 122
39 1233 120 22 51 106 91 39
65 4904 120 22 51 6 97 147 9 86 94 83 35 65
110 1961 120 22 51 93 110
1 2079 120 22 51 100 76 1
103 1577 120 22 12 103
