60 0 60
0 571 60 12 25 85 10 81 43 41 83 93 8 0
1 872 60 12 25 85 10 81 43 2 1
2 709 60 12 25 85 10 81 43 2
3 846 60 12 25 85 10 81 3
4 1202 60 55 4
5 1042 60 9 5
6 1293 60 6
7 710 60 12 25 85 10 81 43 41 83 93 96 7
8 627 60 12 25 85 10 81 43 41 83 93 8
9 -19 60 9
10 416 60 12 25 85 10
11 847 60 55 99 74 73 11
12 243 60 12
13 773 60 12 53 18 62 58 23 15 13
14 611 60 12 25 85 10 81 43 41 83 93 96 7 14
15 358 60 12 53 18 62 58 23 15
16 762 60 78 75 16
17 595 60 12 53 18 17
18 486 60 12 53 18
19 1044 60 55 54 40 94 19
20 700 60 78 20
21 738 60 78 20 21
22 1277 60 9 49 39 22
23 425 60 12 53 18 62 58 23
24 822 60 55 50 24
25 154 60 12 25
26 1458 60 55 26
27 686 60 12 25 85 10 89 27
28 1141 60 12 53 18 62 28
29 1109 60 55 4 29
30 841 60 12 25 85 10 81 43 41 83 93 8 0 36 30
31 1263 60 12 53 18 62 58 80 31
32 641 60 12 25 85 10 81 43 41 83 93 8 0 32
33 804 60 12 25 85 10 81 43 41 83 93 8 0 32 90 33
34 685 60 78 34
35 488 60 12 53 18 62 58 23 35
36 490 60 12 25 85 10 81 43 41 83 93 8 0 36
37 1153 60 12 25 85 10 81 43 95 37
38 885 60 55 50 24 38
39 477 60 9 49 39
40 699 60 55 54 40
41 612 60 12 25 85 10 81 43 41
42 864 60 55 50 24 38 42
43 462 60 12 25 85 10 81 43
44 1703 60 78 20 21 44
45 1295 60 55 54 40 45
46 395 60 9 46
47 1394 60 12 53 18 62 48 47
48 823 60 12 53 18 62 48
49 321 60 9 49
50 303 60 55 50
51 1112 60 12 53 18 62 58 23 51
52 2345 60 55 50 24 86 52
53 287 60 12 53
54 514 60 55 54
55 51 60 55
56 1328 60 12 25 85 10 81 43 41 92 56
57 1406 60 55 50 24 38 42 57
58 464 60 12 53 18 62 58
59 1225 60 55 50 59
61 899 60 12 25 85 10 81 43 41 92 61
62 440 60 12 53 18 62
63 950 60 12 25 85 10 63
64 731 60 12 25 85 10 89 64
65 998 60 9 49 39 65
66 770 60 12 25 85 10 81 43 41 83 93 8 66
67 1294 60 55 50 24 86 67
68 478 60 12 53 68
69 774 60 12 25 85 10 81 43 69
70 1175 60 9 49 70
71 2033 60 12 25 85 10 81 3 71
72 1729 60 12 53 18 62 28 72
73 786 60 55 99 74 73
74 798 60 55 99 74
75 551 60 78 75
76 1471 60 9 49 39 76
77 1515 60 12 77
78 375 60 78
79 982 60 78 75 16 79
80 1211 60 12 53 18 62 58 80
81 498 60 12 25 85 10 81
82 786 60 78 20 21 82
83 748 60 12 25 85 10 81 43 41 83
84 940 60 78 34 84
85 399 60 12 25 85
86 833 60 55 50 24 86
87 1486 60 12 25 85 10 81 43 41 83 93 8 0 32 87
88 917 60 55 50 24 88
89 377 60 12 25 85 10 89
90 824 60 12 25 85 10 81 43 41 83 93 8 0 32 90
91 1236 60 12 53 18 62 58 23 15 13 91
92 537 60 12 25 85 10 81 43 41 92
93 702 60 12 25 85 10 81 43 41 83 93
94 621 60 55 54 40 94
95 872 60 12 25 85 10 81 43 95
96 761 60 12 25 85 10 81 43 41 83 93 96
97 957 60 78 97
98 535 60 12 53 18 62 98
99 566 60 55 99
