116 0 116
97 956 116 108 23 97
114 1023 116 54 127 110 20 114
56 965 116 56
61 2357 116 54 134 64 125 61
27 1394 116 54 134 27
105 1063 116 54 88 105
0 1676 116 108 23 97 0
95 2648 116 140 143 149 52 94 112 113 95
42 1266 116 56 124 36 42
129 1795 116 140 143 149 52 129
145 2060 116 56 17 145
19 1212 116 56 29 75 86 48 19
92 879 116 54 88 92
70 2071 116 54 134 27 70
67 1988 116 56 17 145 67
35 1843 116 54 35
136 2684 116 56 124 85 43 136
90 2284 116 54 134 64 1 90
1 1984 116 54 134 64 1
131 2009 116 108 23 62 131
7 2546 116 54 134 135 139 87 7
20 904 116 54 127 110 20
142 1931 116 56 124 15 142
74 1697 116 56 29 75 86 81 74
79 2217 116 56 79
26 1386 116 54 134 27 26
96 3002 116 56 124 96
71 1394 116 54 88 71
107 1284 116 54 127 107
84 1356 116 108 23 84
44 2084 116 54 134 135 139 57 3 44
108 -114 116 108
23 1074 116 108 23
46 3193 116 56 29 75 86 81 74 77 101 46
127 1020 116 54 127
48 1236 116 56 29 75 86 48
57 2052 116 54 134 135 139 57
64 1887 116 54 134 64
77 1604 116 56 29 75 86 81 74 77
98 1278 116 108 23 62 98
2 2000 116 140 143 149 2
54 791 116 54
62 981 116 108 23 62
41 1755 116 54 127 107 30 41
21 868 116 21
50 3610 116 50
109 1887 116 56 29 75 86 81 109
121 1508 116 54 127 110 20 114 5 14 121
104 1305 116 54 127 110 20 104
28 3450 116 56 29 75 86 81 74 91 120 28
8 2555 116 54 127 110 20 114 5 37 8
139 1697 116 54 134 135 139
10 2049 116 54 134 135 139 57 3 44 10
138 2474 116 56 17 145 138
22 2275 116 140 143 149 52 22
86 1368 116 56 29 75 86
68 2748 116 108 23 97 25 24 38 68
45 1911 116 54 127 110 20 104 89 58 45
132 1388 116 108 23 62 132
73 1852 116 140 143 149 2 73
99 332 116 99
110 929 116 54 127 110
32 2213 116 108 23 97 25 24 32
80 2657 116 56 17 145 138 80
31 1216 116 108 23 97 25 6 31
39 2753 116 54 134 39
111 1950 116 108 23 62 132 118 111
120 2632 116 56 29 75 86 81 74 91 120
134 829 116 54 134
40 1143 116 54 127 110 40
30 1781 116 54 127 107 30
51 1883 116 54 127 110 20 123 51
37 1905 116 54 127 110 20 114 5 37
13 2012 116 54 134 64 78 13
24 1045 116 108 23 97 25 24
146 1462 116 54 127 110 40 82 146
89 1230 116 54 127 110 20 104 89
53 2623 116 54 134 64 125 53
38 2433 116 108 23 97 25 24 38
52 1291 116 140 143 149 52
4 2080 116 54 134 64 4
113 2593 116 140 143 149 52 94 112 113
117 2086 116 56 29 75 86 81 74 77 117
58 1294 116 54 127 110 20 104 89 58
128 1554 116 56 29 75 86 81 74 91 128
12 1472 116 54 127 110 20 114 5 14 121 12
66 1537 116 140 143 149 52 66
91 1648 116 56 29 75 86 81 74 91
133 1503 116 56 29 75 86 81 74 91 128 147 133
115 2790 116 54 127 115
18 1484 116 56 29 75 86 48 16 18
72 2610 116 54 127 107 30 41 72
124 840 116 56 124
29 1202 116 56 29
149 937 116 140 143 149
5 903 116 54 127 110 20 114 5
9 1188 116 21 9
83 3159 116 56 29 75 86 81 109 83
25 1184 116 108 23 97 25
112 1977 116 140 143 149 52 94 112
87 2425 116 54 134 135 139 87
14 1548 116 54 127 110 20 114 5 14
85 1385 116 56 124 85
102 1639 116 54 88 92 102
140 1067 116 140
141 1274 116 141
69 2755 116 54 88 105 34 69
130 2466 116 54 134 130
81 1505 116 56 29 75 86 81
15 1109 116 56 124 15
59 1994 116 140 59
143 929 116 140 143
147 1507 116 56 29 75 86 81 74 91 128 147
119 2229 116 56 29 75 119
60 2272 116 54 127 110 20 104 89 58 45 60
78 1952 116 54 134 64 78
123 1537 116 54 127 110 20 123
137 3154 116 56 29 75 86 48 16 18 126 137
11 2603 116 108 23 97 25 24 38 68 11
122 1129 116 54 127 110 20 114 122
118 1344 116 108 23 62 132 118
100 2776 116 108 23 97 0 100
65 2451 116 54 134 64 1 65
94 1721 116 140 143 149 52 94
34 1972 116 54 88 105 34
6 1347 116 108 23 97 25 6
3 2180 116 54 134 135 139 57 3
36 1264 116 56 124 36
82 1117 116 54 127 110 40 82
47 2009 116 108 23 47
55 1302 116 54 127 110 20 114 55
75 1353 116 56 29 75
43 1631 116 56 124 85 43
16 1440 116 56 29 75 86 48 16
17 1704 116 56 17
33 1680 116 140 143 149 52 129 33
135 902 116 54 134 135
49 2119 116 54 127 110 20 104 89 58 49
63 1084 116 108 63
101 2097 116 56 29 75 86 81 74 77 101
144 2829 116 54 127 110 20 123 51 144
93 2331 116 54 134 135 139 93
106 1937 116 108 106
103 2117 116 54 127 110 20 104 89 58 49 103
76 2451 116 56 124 15 76
125 2331 116 54 134 64 125
148 2274 116 54 134 64 148
126 2702 116 56 29 75 86 48 16 18 126
88 877 116 54 88
