44 0 44
50 1031 44 50
87 816 44 37 43 39 87
27 1001 44 37 43 52 32 65 49 27
74 880 44 37 43 52 32 56 74
97 777 44 37 43 39 87 97
26 805 44 37 55 26
23 570 44 37 43 52 32 56 80 68 81 67 23
28 1054 44 37 43 39 87 97 1 28
98 1171 44 37 43 52 32 65 96 98
52 533 44 37 43 52
11 1382 44 37 43 52 32 56 74 11
33 1058 44 33
32 543 44 37 43 52 32
64 1587 44 37 43 39 64
4 1174 44 37 13 4
70 909 44 37 55 26 70
56 549 44 37 43 52 32 56
77 959 44 37 55 26 77
5 1077 44 37 43 52 32 65 0 38 5
29 1187 44 37 43 52 32 56 80 68 81 67 23 29
85 942 44 37 43 52 32 20 62 18 85
43 453 44 37 43
47 861 44 37 55 26 47
89 1234 44 37 43 52 32 65 49 89
54 1847 44 37 43 52 32 65 49 66 25 54
30 1486 44 37 43 30
6 517 44 37 43 52 32 56 80 68 81 67 23 6
36 1039 44 37 43 52 32 65 49 66 25 36
8 1078 44 37 43 52 32 56 80 68 81 67 8
55 781 44 37 55
58 1246 44 37 55 26 70 58
88 2016 44 37 43 52 32 65 49 93 88
49 621 44 37 43 52 32 65 49
37 390 44 37
86 1791 44 37 43 52 32 65 0 86
48 1677 44 37 43 48
61 2142 44 37 43 52 32 20 45 82 61
16 536 44 37 16
0 803 44 37 43 52 32 65 0
72 1044 44 37 43 52 32 56 80 68 81 67 23 6 72
66 1018 44 37 43 52 32 65 49 66
57 1651 44 37 43 52 32 56 80 68 57
67 637 44 37 43 52 32 56 80 68 81 67
21 1370 44 21
24 1230 44 37 43 52 32 65 49 27 24
18 978 44 37 43 52 32 20 62 18
46 1305 44 37 43 52 32 65 49 66 25 36 46
38 1033 44 37 43 52 32 65 0 38
78 1790 44 37 43 52 32 56 80 68 81 67 23 6 79 78
93 805 44 37 43 52 32 65 49 93
12 1316 44 37 43 52 32 65 49 66 25 60 12
15 1656 44 37 43 52 32 65 49 27 24 15
34 991 44 33 34
65 713 44 37 43 52 32 65
31 987 44 37 55 26 77 31
40 947 44 37 43 39 87 40
63 1811 44 37 43 52 32 20 45 82 63
75 1140 44 37 43 52 32 65 49 95 75
35 1306 44 37 43 52 32 65 35
14 955 44 37 43 52 32 56 80 14
80 673 44 37 43 52 32 56 80
2 846 44 37 43 2
60 913 44 37 43 52 32 65 49 66 25 60
41 1281 44 37 43 52 32 56 80 14 41
39 856 44 37 43 39
96 953 44 37 43 52 32 65 96
59 1048 44 37 55 59
45 841 44 37 43 52 32 20 45
76 1194 44 37 55 59 76
19 1355 44 37 43 52 32 65 49 89 19
1 872 44 37 43 39 87 97 1
95 1107 44 37 43 52 32 65 49 95
81 597 44 37 43 52 32 56 80 68 81
84 904 44 37 43 52 32 56 80 68 81 67 23 6 79 84
82 1266 44 37 43 52 32 20 45 82
7 840 44 37 43 52 32 20 45 7
99 1487 44 37 43 52 32 65 35 99
73 1599 44 37 43 39 87 73
94 1715 44 37 43 52 32 56 80 68 81 94
71 966 44 37 43 52 32 65 96 71
10 1686 44 37 43 52 32 65 0 10
51 1328 44 37 43 52 32 56 80 68 81 67 51
90 1077 44 37 43 52 32 56 80 68 81 67 90
68 634 44 37 43 52 32 56 80 68
25 970 44 37 43 52 32 65 49 66 25
91 1177 44 37 43 52 32 91
83 1549 44 37 43 52 32 56 80 68 81 67 90 83
20 577 44 37 43 52 32 20
79 831 44 37 43 52 32 56 80 68 81 67 23 6 79
22 1815 44 37 55 26 70 58 22
53 961 44 37 43 52 32 20 45 7 53
92 1206 44 37 43 52 32 56 80 68 92
17 1322 44 37 55 26 70 17
13 447 44 37 13
62 598 44 37 43 52 32 20 62
42 1782 44 37 43 39 87 40 42
69 2290 44 37 43 39 87 97 1 28 69
3 875 44 37 43 52 32 65 3
9 1175 44 37 13 9
