133 0 133
2 2421 133 38 141 2
46 1594 133 38 32 23 46
95 1726 133 12 95
138 1643 133 138
128 1614 133 12 136 128
147 240 133 147
124 2345 133 38 32 23 131 124
40 3419 133 38 146 61 88 135 40
10 2450 133 38 109 10
117 2165 133 38 146 61 88 117
125 2176 133 38 141 139 125
24 3531 133 38 32 80 42 47 24
118 1615 133 38 146 61 118
62 1781 133 38 32 33 62
38 87 133 38
53 2468 133 12 36 53
32 206 133 38 32
135 2858 133 38 146 61 88 135
57 2201 133 38 141 139 57
36 1630 133 12 36
55 1956 133 55
37 2959 133 38 32 80 42 52 37
94 2921 133 147 94
79 1267 133 38 146 79
12 787 133 12
84 2068 133 38 16 99 84
13 2554 133 38 146 61 13
80 1464 133 38 32 80
140 3364 133 12 136 140
7 2788 133 38 146 61 91 106 29 7
106 1997 133 38 146 61 91 106
52 2243 133 38 32 80 42 52
75 2268 133 12 136 128 75
121 2437 133 38 32 80 42 52 121
61 1334 133 38 146 61
16 667 133 38 16
3 1904 133 38 16 3
98 2112 133 38 32 64 98
69 2760 133 38 109 89 69
149 3208 133 38 16 3 149
123 2388 133 38 32 23 123
11 1976 133 12 36 11
25 3061 133 38 32 80 42 52 121 25
0 1847 133 38 32 80 97 0
107 2884 133 12 136 128 75 107
109 1014 133 38 109
127 1801 133 38 146 79 127
58 2520 133 38 58
89 2429 133 38 109 89
4 2834 133 38 146 93 72 101 4
47 2110 133 38 32 80 42 47
92 2211 133 38 141 83 92
15 3193 133 138 31 15
26 2202 133 38 32 80 97 0 26
119 4058 133 12 136 128 75 119
126 2240 133 38 146 61 126
71 2526 133 12 136 128 22 71
103 2856 133 38 32 80 97 0 1 103
65 2122 133 38 32 23 46 65
141 587 133 38 141
8 2551 133 38 32 80 42 52 121 8
27 2226 133 12 136 128 27
87 2686 133 38 32 80 97 0 144 87
67 2215 133 38 32 23 46 65 67
145 3095 133 38 32 80 42 52 37 145
146 321 133 38 146
90 1960 133 38 32 80 97 0 90
63 2881 133 38 146 61 88 142 114 63
82 3054 133 12 136 128 82
139 1859 133 38 141 139
70 2485 133 38 146 79 86 70
19 3459 133 38 32 80 97 14 19
22 1918 133 12 136 128 22
111 1594 133 38 146 79 111
29 2472 133 38 146 61 91 106 29
23 1460 133 38 32 23
142 1774 133 38 146 61 88 142
64 882 133 38 32 64
56 2263 133 38 146 61 91 106 56
120 2345 133 38 32 80 97 0 90 120
114 2083 133 38 146 61 88 142 114
49 2290 133 12 49
130 2093 133 38 141 130
76 1732 133 38 146 61 76
59 2530 133 12 136 128 59
50 2710 133 38 109 10 50
101 1829 133 38 146 93 72 101
33 357 133 38 32 33
60 3789 133 38 146 61 13 60
88 1685 133 38 146 61 88
91 1509 133 38 146 61 91
85 2348 133 38 32 80 97 14 85
115 3748 133 38 32 23 123 115
96 4306 133 38 146 93 72 101 51 96
100 644 133 147 100
35 2880 133 38 141 83 92 35
43 2866 133 38 32 33 62 113 43
5 2648 133 38 32 80 97 14 85 5
102 2878 133 38 32 64 98 102
74 2137 133 38 16 99 84 74
81 3098 133 38 32 33 62 113 81
113 2174 133 38 32 33 62 113
41 2570 133 38 32 80 97 0 90 129 41
1 2112 133 38 32 80 97 0 1
42 1914 133 38 32 80 42
110 3136 133 38 146 79 86 110
97 1523 133 38 32 80 97
108 4256 133 38 16 3 149 108
20 2665 133 38 16 99 84 74 20
93 1519 133 38 146 93
132 819 133 147 100 132
104 2482 133 38 32 23 46 104
68 3150 133 38 141 139 68
148 1806 133 38 146 79 148
66 2990 133 147 94 66
21 2447 133 38 32 23 46 21
14 1667 133 38 32 80 97 14
44 2509 133 38 146 79 73 44
72 1582 133 38 146 93 72
54 2772 133 38 32 23 131 54
45 2534 133 38 146 79 45
83 2148 133 38 141 83
30 3082 133 38 146 61 88 135 30
144 2649 133 38 32 80 97 0 144
77 2599 133 38 32 80 97 39 77
134 1790 133 38 32 33 62 134
86 1886 133 38 146 79 86
143 2328 133 12 136 128 75 143
18 3082 133 38 146 61 91 106 18
105 2812 133 38 141 83 92 105
99 1063 133 38 16 99
112 3851 133 12 112
131 2320 133 38 32 23 131
48 2596 133 38 32 80 97 0 90 129 48
116 2694 133 38 146 79 73 44 116
136 1528 133 12 136
34 2732 133 38 141 130 34
122 3626 133 38 146 93 72 122
137 3459 133 138 31 137
39 2332 133 38 32 80 97 39
78 3910 133 12 136 128 22 78
17 2725 133 38 146 79 127 17
6 2696 133 38 32 64 98 6
9 2607 133 38 146 61 91 9
129 2239 133 38 32 80 97 0 90 129
73 2429 133 38 146 79 73
51 2414 133 38 146 93 72 101 51
31 2823 133 138 31
28 3432 133 38 146 61 88 117 28
