130 0 130
0 582 130 43 149 34 14 62 79 0
1 1460 130 43 149 34 68 74 22 112 1
2 347 130 43 149 16 2
3 1148 130 43 149 16 2 70 12 140 131 93 3
4 1186 130 43 149 34 63 4
5 1288 130 43 149 34 14 62 5
6 673 130 43 149 121 6
7 552 130 43 149 34 68 74 23 20 7
8 1088 130 8
9 1827 130 43 149 34 68 74 22 19 66 9
10 353 130 43 149 34 68 74 23 20 10
11 1554 130 43 149 34 68 74 23 20 11
12 116 130 43 149 16 2 70 12
13 1826 130 43 149 34 68 74 22 132 128 13
14 388 130 43 149 34 14
15 862 130 43 149 34 68 74 22 132 128 15
16 303 130 43 149 16
17 1304 130 43 149 34 63 60 17
18 1178 130 43 149 34 14 62 79 148 139 18
19 443 130 43 149 34 68 74 22 19
20 279 130 43 149 34 68 74 23 20
21 761 130 43 149 21
22 137 130 43 149 34 68 74 22
23 139 130 43 149 34 68 74 23
24 545 130 43 149 16 2 24
25 3 130 43 149 51 25
26 929 130 43 149 34 63 89 26
27 739 130 43 149 16 2 24 47 141 84 27
28 941 130 43 149 34 68 74 22 107 28
29 1073 130 43 149 16 2 70 12 140 131 55 29
30 1081 130 43 149 51 42 147 30
31 1149 130 43 149 34 68 74 138 31
32 1208 130 43 149 16 2 70 12 140 131 32
33 1231 130 43 149 34 63 89 33
34 100 130 43 149 34
35 1106 130 43 149 34 68 74 23 57 98 35
36 1217 130 43 149 34 63 89 33 36
37 2656 130 43 149 34 68 74 37
38 1289 130 43 149 51 42 103 106 38
39 237 130 43 149 34 68 74 23 20 10 39
40 567 130 43 149 34 68 74 22 19 142 40
41 680 130 43 149 16 41
42 112 130 43 149 51 42
43 91 130 43
44 1037 130 44
45 965 130 43 149 34 14 62 79 45
46 1132 130 43 149 34 68 74 23 57 98 35 133 46
47 811 130 43 149 16 2 24 47
48 1026 130 8 48
49 419 130 49
50 1614 130 43 149 34 68 74 23 57 98 35 50
51 24 130 43 149 51
52 2211 130 43 149 34 14 62 79 45 52
53 1059 130 43 149 16 2 70 12 53
54 302 130 43 149 34 54
55 788 130 43 149 16 2 70 12 140 131 55
56 733 130 43 149 34 68 74 23 65 61 56
57 826 130 43 149 34 68 74 23 57
58 1449 130 43 149 16 2 70 111 143 125 58
59 2003 130 43 149 51 42 147 30 75 59
60 596 130 43 149 34 63 60
61 40 130 43 149 34 68 74 23 65 61
62 875 130 43 149 34 14 62
63 346 130 43 149 34 63
64 1548 130 43 149 34 63 89 64
65 2 130 43 149 34 68 74 23 65
66 826 130 43 149 34 68 74 22 19 66
67 1449 130 43 149 34 68 74 138 31 67
68 126 130 43 149 34 68
69 1604 130 43 149 34 68 74 22 19 142 69
70 200 130 43 149 16 2 70
71 814 130 43 149 34 68 74 23 20 7 71
72 633 130 43 149 34 68 72
73 1511 130 43 149 16 2 70 73
74 199 130 43 149 34 68 74
75 1161 130 43 149 51 42 147 30 75
76 1412 130 43 149 34 68 74 23 65 76
77 326 130 43 149 34 54 77
78 781 130 43 149 34 68 74 22 19 142 40 78
79 730 130 43 149 34 14 62 79
80 1271 130 43 149 121 80
81 1222 130 43 149 34 68 74 138 81
82 1187 130 43 149 34 68 74 22 19 142 82
83 982 130 43 149 121 6 83
84 809 130 43 149 16 2 24 47 141 84
85 493 130 43 149 51 42 103 85
86 598 130 43 149 34 14 62 79 0 100 86
87 1581 130 43 149 16 2 24 47 141 87
88 1208 130 43 149 34 63 89 33 36 88
89 548 130 43 149 34 63 89
90 1084 130 43 149 16 2 70 12 140 90
91 1232 130 43 149 34 68 74 23 20 7 71 119 91
92 991 130 43 92
93 671 130 43 149 16 2 70 12 140 131 93
94 1600 130 43 149 34 68 74 22 19 142 40 94
95 511 130 43 149 51 42 103 106 95
96 602 130 43 149 96
97 460 130 43 149 34 68 102 97
98 909 130 43 149 34 68 74 23 57 98
99 1027 130 43 149 34 99
100 683 130 43 149 34 14 62 79 0 100
101 2431 130 43 149 34 63 89 26 101
102 583 130 43 149 34 68 102
103 122 130 43 149 51 42 103
104 1162 130 43 149 16 2 70 12 140 131 55 29 104
105 1036 130 43 149 34 14 62 79 148 105
106 405 130 43 149 51 42 103 106
107 817 130 43 149 34 68 74 22 107
108 1357 130 43 149 34 68 74 22 107 28 108
109 989 130 43 149 51 42 103 106 95 109
110 692 130 43 149 51 42 147 110
111 755 130 43 149 16 2 70 111
112 444 130 43 149 34 68 74 22 112
113 1244 130 43 149 51 42 147 110 113
114 476 130 43 149 34 63 60 114
115 710 130 43 149 34 68 74 23 20 118 115
116 1274 130 43 149 34 68 102 116
117 2385 130 43 149 34 14 117
118 657 130 43 149 34 68 74 23 20 118
119 1070 130 43 149 34 68 74 23 20 7 71 119
120 907 130 120
121 544 130 43 149 121
122 1598 130 43 149 34 14 62 79 148 105 122
123 934 130 43 149 34 68 74 23 20 7 123
124 1374 130 43 149 34 68 74 22 19 142 82 124
125 837 130 43 149 16 2 70 111 143 125
126 1424 130 43 149 121 6 136 126
127 1675 130 43 149 34 68 74 23 65 61 56 127
128 746 130 43 149 34 68 74 22 132 128
129 780 130 43 149 34 68 72 129
131 510 130 43 149 16 2 70 12 140 131
132 555 130 43 149 34 68 74 22 132
133 1017 130 43 149 34 68 74 23 57 98 35 133
134 986 130 43 149 34 14 62 79 148 134
135 1074 130 43 149 34 68 74 23 57 98 35 133 135
136 1396 130 43 149 121 6 136
137 1241 130 43 149 34 68 74 23 57 98 35 133 46 137
138 827 130 43 149 34 68 74 138
139 986 130 43 149 34 14 62 79 148 139
140 367 130 43 149 16 2 70 12 140
141 942 130 43 149 16 2 24 47 141
142 571 130 43 149 34 68 74 22 19 142
143 617 130 43 149 16 2 70 111 143
144 1166 130 43 149 34 68 74 22 19 142 40 144
145 466 130 43 149 16 145
146 747 130 43 149 34 68 74 23 20 118 146
147 383 130 43 149 51 42 147
148 816 130 43 149 34 14 62 79 148
149 83 130 43 149
