70 0 70
75 3239 70 72 3 148 135 7 123 105 112 75
85 3553 70 72 3 39 118 110 67 15 61 64 87 33 122 85
51 3300 70 72 3 148 135 7 123 105 51
8 1975 70 72 3 148 135 7 123 8
122 2640 70 72 3 39 118 110 67 15 61 64 87 33 122
65 3752 70 72 3 148 135 7 116 65
113 3471 70 72 3 148 135 7 142 73 89 113
69 2359 70 72 3 39 118 110 67 15 133 77 69
41 4810 70 76 41
94 2625 70 72 3 148 135 7 123 105 112 17 94
102 4461 70 72 3 148 135 7 142 60 102
32 2897 70 76 13 121 16 127 38 32
14 2730 70 72 3 148 135 7 123 105 112 35 14
37 3700 70 37
39 2211 70 72 3 39
33 2643 70 72 3 39 118 110 67 15 61 64 87 33
21 2852 70 72 3 148 135 7 123 105 112 114 21
9 2737 70 9
19 2274 70 76 13 62 95 19
130 2310 70 72 3 39 118 110 67 15 133 77 69 99 130
59 2624 70 72 3 148 135 79 59
145 3452 70 72 3 39 118 110 67 15 61 64 87 33 122 129 145
47 2958 70 72 3 148 50 47
74 2483 70 72 3 148 135 74
147 1338 70 147
72 952 70 72
132 2872 70 76 119 144 20 132
131 2809 70 76 13 62 95 19 131
138 2683 70 9 138
91 2751 70 76 13 62 95 19 91
57 3027 70 76 119 57
93 3330 70 76 13 121 16 127 128 93
50 2111 70 72 3 148 50
76 1721 70 76
29 2885 70 72 3 148 135 7 123 8 96 29
109 2390 70 72 3 148 135 7 123 105 112 17 109
58 3783 70 76 40 30 58
107 3717 70 72 3 39 118 110 67 15 133 77 69 99 130 0 107
101 2673 70 72 3 39 118 110 67 15 133 77 69 99 101
35 2463 70 72 3 148 135 7 123 105 112 35
79 2490 70 72 3 148 135 79
10 2675 70 72 3 148 135 74 10
115 2342 70 76 115
38 2867 70 76 13 121 16 127 38
27 2256 70 72 27
66 3168 70 76 13 62 95 66
83 3064 70 76 13 121 16 127 38 32 83
36 3281 70 72 3 39 118 110 67 15 61 64 87 33 122 36
54 2654 70 72 3 148 135 74 24 54
4 2134 70 76 13 62 95 46 4
44 2835 70 72 3 39 44
105 2290 70 72 3 148 135 7 123 105
124 3579 70 76 13 62 95 19 100 124
22 3206 70 72 3 148 135 7 116 22
98 3135 70 72 3 148 135 74 10 98
118 2457 70 72 3 39 118
139 3588 70 72 3 39 118 108 139
45 2846 70 72 3 39 118 110 67 15 61 64 87 33 122 45
77 2448 70 72 3 39 118 110 67 15 133 77
96 3001 70 72 3 148 135 7 123 8 96
117 3408 70 72 3 117
68 3020 70 72 3 148 135 7 123 105 112 68
46 1726 70 76 13 62 95 46
123 1943 70 72 3 148 135 7 123
114 2838 70 72 3 148 135 7 123 105 112 114
0 3070 70 72 3 39 118 110 67 15 133 77 69 99 130 0
3 1493 70 72 3
64 2463 70 72 3 39 118 110 67 15 61 64
143 4352 70 72 3 117 143
103 2851 70 72 3 148 135 79 59 106 103
126 2332 70 72 3 148 135 7 123 8 126
30 3480 70 76 40 30
142 2416 70 72 3 148 135 7 142
104 3377 70 72 3 148 135 7 123 105 104
40 3133 70 76 40
128 2619 70 76 13 121 16 127 128
5 3553 70 76 13 62 95 46 4 5
26 2660 70 76 119 144 20 26
120 3288 70 76 13 121 16 127 128 93 120
140 2608 70 72 3 140
63 3026 70 72 3 148 135 7 123 105 112 35 14 63
137 2703 70 72 27 137
112 2337 70 72 3 148 135 7 123 105 112
11 3959 70 76 13 62 95 19 100 11
55 2707 70 76 55
15 2139 70 72 3 39 118 110 67 15
121 2467 70 76 13 121
134 2458 70 72 3 148 135 7 123 105 112 17 134
90 3059 70 72 90
129 2532 70 72 3 39 118 110 67 15 61 64 87 33 122 129
95 1809 70 76 13 62 95
149 3123 70 72 3 148 135 7 123 8 126 88 149
34 3813 70 72 3 148 135 7 123 105 34
127 2715 70 76 13 121 16 127
136 2130 70 76 13 62 95 19 136
86 3284 70 76 119 57 86
23 3114 70 76 13 62 95 19 131 23
106 2745 70 72 3 148 135 79 59 106
108 3275 70 72 3 39 118 108
67 2224 70 72 3 39 118 110 67
62 1905 70 76 13 62
48 2766 70 72 3 148 135 7 123 105 112 17 48
92 3252 70 72 3 39 118 110 67 15 61 64 87 33 122 92
12 3367 70 72 3 148 135 12
125 4288 70 76 119 144 20 132 6 125
78 5395 70 72 3 39 118 110 67 15 61 64 87 33 122 92 78
82 2685 70 76 13 121 16 82
97 2982 70 72 3 148 135 7 123 8 126 97
73 2748 70 72 3 148 135 7 142 73
53 1873 70 72 3 148 135 7 123 8 53
61 2271 70 72 3 39 118 110 67 15 61
135 2137 70 72 3 148 135
116 2574 70 72 3 148 135 7 116
18 2597 70 72 3 148 135 18
16 2820 70 76 13 121 16
87 2398 70 72 3 39 118 110 67 15 61 64 87
1 2269 70 72 3 148 135 7 123 105 112 17 109 1
133 2325 70 72 3 39 118 110 67 15 133
144 2219 70 76 119 144
13 1596 70 76 13
31 3855 70 76 119 144 31
25 3276 70 72 3 39 118 110 67 15 61 64 87 33 122 25
141 2814 70 72 3 39 118 110 67 15 61 64 87 33 122 141
71 3807 70 76 13 121 16 127 128 93 120 71
28 3261 70 72 3 148 135 74 24 54 28
7 2003 70 72 3 148 135 7
84 3292 70 72 3 39 118 110 67 15 61 64 87 33 122 92 80 84
111 2886 70 72 27 111
43 3240 70 72 3 148 135 74 24 54 28 43
60 2605 70 72 3 148 135 7 142 60
146 3076 70 76 13 62 95 19 131 146
56 3176 70 72 3 148 135 7 123 8 126 56
81 2508 70 76 119 144 81
24 2748 70 72 3 148 135 74 24
49 3760 70 76 13 62 95 19 100 49
6 2769 70 76 119 144 20 132 6
20 2663 70 76 119 144 20
80 3170 70 72 3 39 118 110 67 15 61 64 87 33 122 92 80
100 3720 70 76 13 62 95 19 100
99 2402 70 72 3 39 118 110 67 15 133 77 69 99
17 2508 70 72 3 148 135 7 123 105 112 17
119 1984 70 76 119
2 3394 70 76 13 121 2
42 4184 70 37 42
148 2009 70 72 3 148
88 2940 70 72 3 148 135 7 123 8 126 88
89 2879 70 72 3 148 135 7 142 73 89
110 2337 70 72 3 39 118 110
52 2765 70 72 3 148 135 7 123 105 112 114 52
