119 0 119
93 2575 119 84 100 61 93
44 2900 119 40 52 143 125 89 44
143 1919 119 40 52 143
110 2840 119 24 121 110
23 2400 119 40 38 23
98 3070 119 84 100 132 76 32 126 98
144 2797 119 84 3 42 102 144
103 3178 119 40 52 91 33 148 74 37 103
52 1490 119 40 52
9 1264 119 84 9
115 3184 119 84 100 132 76 115
116 2114 119 84 147 116
42 1948 119 84 3 42
82 2784 119 40 52 91 33 67 82
71 2534 119 84 9 117 95 11 118 71
32 1941 119 84 100 132 76 32
140 3285 119 84 147 131 128 140
28 4292 119 84 147 131 128 140 28
62 3006 119 40 52 90 53 149 21 62
10 2857 119 40 52 143 10
16 2867 119 84 9 117 95 11 118 16
117 1871 119 84 9 117
107 4652 119 40 52 91 94 107
66 3341 119 84 147 131 128 85 66
148 2231 119 40 52 91 33 148
149 1844 119 40 52 90 53 149
76 1556 119 84 100 132 76
5 3568 119 24 2 5
69 2471 119 84 3 42 142 69
121 2299 119 24 121
77 3202 119 84 100 132 76 32 126 34 134 77
127 2678 119 40 52 133 127
7 3136 119 40 52 91 33 67 82 7
139 2639 119 40 52 133 139
105 2432 119 81 6 105
12 2363 119 84 147 12
133 1560 119 40 52 133
145 3332 119 84 100 132 76 26 145
80 2990 119 40 52 90 53 149 21 99 80
73 3748 119 81 65 68 73
20 2841 119 84 9 117 95 11 118 71 20
6 1991 119 81 6
30 2320 119 84 9 117 95 11 30
125 1932 119 40 52 143 125
130 3501 119 40 52 91 33 67 130
89 2518 119 40 52 143 125 89
3 1804 119 84 3
70 2880 119 81 58 124 70
74 2421 119 40 52 91 33 148 74
58 2081 119 81 58
113 3277 119 84 100 13 8 56 113
47 4352 119 84 9 117 95 11 47
2 2099 119 24 2
147 1677 119 84 147
0 3338 119 40 52 90 53 120 36 0
122 2157 119 84 3 42 122
97 2746 119 84 3 42 97
33 2094 119 40 52 91 33
35 3936 119 40 52 143 112 35
40 603 119 40
61 1831 119 84 100 61
126 2073 119 84 100 132 76 32 126
43 3119 119 40 52 90 53 149 21 99 80 43
114 2991 119 84 9 117 95 114
45 2531 119 84 3 42 122 45
106 3190 119 84 9 117 95 114 29 106
60 2823 119 84 9 117 60
94 3116 119 40 52 91 94
138 4302 119 40 52 143 125 138
25 2706 119 84 3 92 25
46 2862 119 40 38 23 41 46
51 2822 119 84 100 61 51
55 3820 119 84 100 55
78 2402 119 84 100 129 78
24 1444 119 24
67 2663 119 40 52 91 33 67
85 2905 119 84 147 131 128 85
141 2243 119 84 100 13 8 141
90 1704 119 40 52 90
14 3207 119 40 38 108 14
120 2154 119 40 52 90 53 120
101 3328 119 40 52 90 53 101
84 162 119 84
49 3542 119 49
104 2910 119 84 147 104
136 2352 119 84 9 136
92 2236 119 84 3 92
100 619 119 84 100
131 2546 119 84 147 131
124 2264 119 81 58 124
4 3008 119 40 79 4
81 1820 119 81
18 3053 119 40 52 90 18
31 4531 119 24 31
36 2339 119 40 52 90 53 120 36
38 1698 119 40 38
65 1858 119 81 65
128 2677 119 84 147 131 128
68 2652 119 81 65 68
135 2615 119 84 147 131 135
64 3808 119 84 100 132 76 26 64
22 3336 119 84 3 42 142 22
102 2189 119 84 3 42 102
132 1328 119 84 100 132
54 3027 119 24 54
112 3244 119 40 52 143 112
11 2003 119 84 9 117 95 11
137 3275 119 84 3 137
53 1726 119 40 52 90 53
79 2146 119 40 79
91 1602 119 40 52 91
111 2517 119 40 52 111
123 2074 119 84 100 132 76 123
75 3117 119 84 100 75
39 3269 119 40 52 90 53 149 21 99 80 43 39
29 3080 119 84 9 117 95 114 29
109 3430 119 84 100 132 76 109
86 3342 119 84 147 131 96 86
37 2914 119 40 52 91 33 148 74 37
134 2850 119 84 100 132 76 32 126 34 134
15 3311 119 40 52 90 53 149 21 99 15
19 2940 119 81 58 19
13 1642 119 84 100 13
108 2816 119 40 38 108
88 2133 119 84 88
63 4093 119 40 52 91 33 67 82 63
87 2409 119 84 100 87
83 3157 119 40 52 133 127 83
118 2511 119 84 9 117 95 11 118
8 1906 119 84 100 13 8
56 2991 119 84 100 13 8 56
142 2444 119 84 3 42 142
17 3213 119 84 100 13 17
48 2592 119 40 52 90 53 149 48
146 3019 119 81 146
1 3034 119 84 100 132 76 32 126 34 134 1
26 1663 119 84 100 132 76 26
129 1480 119 84 100 129
59 3399 119 84 3 42 122 45 59
34 2811 119 84 100 132 76 32 126 34
57 3597 119 40 52 90 53 149 21 99 80 57
50 3168 119 40 52 90 53 149 21 50
21 2095 119 40 52 90 53 149 21
99 2484 119 40 52 90 53 149 21 99
96 2750 119 84 147 131 96
41 2848 119 40 38 23 41
27 2952 119 81 6 27
72 3833 119 81 6 105 72
95 1925 119 84 9 117 95
