79 0 79
64 1240 79 9 31 88 64
40 983 79 13 40
46 1322 79 19 30 46
63 2188 79 19 16 15 23 63
61 1412 79 13 61
76 1295 79 9 31 70 76
74 1252 79 19 39 27 87 74
71 689 79 71
88 1095 79 9 31 88
15 1217 79 19 16 15
68 1576 79 19 39 27 87 74 17 68
31 743 79 9 31
13 719 79 13
50 1352 79 2 72 3 50
25 1203 79 25
3 1227 79 2 72 3
69 1632 79 9 31 70 69
11 1841 79 19 16 15 37 11
93 1365 79 13 0 93
57 1571 79 13 90 5 85 57
77 539 79 19 77
22 1979 79 19 39 27 87 74 17 68 22
18 1167 79 9 18
90 808 79 13 90
89 925 79 19 77 89
9 407 79 9
48 1439 79 9 31 48
33 1484 79 2 72 33
36 1534 79 9 31 48 36
35 1025 79 19 77 35
98 973 79 13 0 98
20 1540 79 13 90 5 85 20
44 2064 79 9 44
80 1877 79 13 80
84 1198 79 9 84
12 1130 79 19 77 12
49 1782 79 9 31 70 76 97 49
73 1643 79 25 73
60 1378 79 19 39 92 99 60
34 3237 79 2 54 34
96 1578 79 2 72 3 86 66 96
23 1474 79 19 16 15 23
6 1177 79 19 16 59 6
2 1010 79 2
19 534 79 19
55 1109 79 55
45 1673 79 19 39 92 99 45
92 1012 79 19 39 92
30 1236 79 19 30
32 1463 79 13 0 98 32
8 1576 79 25 95 8
91 657 79 9 91
66 1412 79 2 72 3 86 66
81 1856 79 9 84 4 81
7 1344 79 2 72 10 7
24 2299 79 19 39 27 87 56 24
14 1187 79 19 39 27 14
1 1077 79 9 1
27 1088 79 19 39 27
54 1155 79 2 54
4 1601 79 9 84 4
43 1955 79 2 72 28 43
16 550 79 19 16
70 952 79 9 31 70
83 1767 79 13 90 5 85 57 83
39 654 79 19 39
42 2130 79 19 16 59 42
5 975 79 13 90 5
99 1252 79 19 39 92 99
28 1669 79 2 72 28
65 1765 79 19 16 65
86 1335 79 2 72 3 86
58 1587 79 13 40 58
82 1500 79 19 77 12 82
67 1870 79 2 67
38 2397 79 13 61 38
29 1554 79 19 39 92 99 60 29
37 1312 79 19 16 15 37
52 1539 79 2 72 3 86 41 52
78 1026 79 13 0 78
53 1807 79 19 16 65 53
51 1620 79 19 16 59 6 51
17 1540 79 19 39 27 87 74 17
94 1572 79 13 90 94
21 1180 79 19 77 35 21
75 1448 79 2 72 10 75
56 1321 79 19 39 27 87 56
0 915 79 13 0
87 1148 79 19 39 27 87
95 1248 79 25 95
59 838 79 19 16 59
41 1486 79 2 72 3 86 41
26 1982 79 19 39 27 87 56 26
62 1293 79 19 39 92 62
97 1302 79 9 31 70 76 97
10 1295 79 2 72 10
85 1156 79 13 90 5 85
47 1345 79 9 31 88 64 47
72 1064 79 2 72
