65 0 65
132 2717 65 5 18 132
125 776 65 125
7 3415 65 117 89 94 7
164 4412 65 5 56 80 17 110 164
66 3370 65 36 130 165 184 55 102 66
161 3072 65 5 56 80 17 44 173 79 161
187 2865 65 127 119 187
24 4015 65 36 30 24
88 4074 65 42 88
140 2874 65 127 119 68 140
98 4306 65 125 194 180 98
117 1205 65 117
91 2986 65 125 194 195 91
15 3386 65 36 130 165 184 55 102 15
113 2867 65 36 113
103 3322 65 36 30 38 103
151 2549 65 36 130 165 77 151
199 4005 65 125 194 90 72 199
128 2645 65 42 34 128
185 5713 65 117 85 185
182 3983 65 5 182
172 4530 65 125 194 174 166 196 172
52 3465 65 36 130 165 77 151 84 52
27 3639 65 127 105 16 27
40 2706 65 5 40
83 3523 65 5 56 83
19 3570 65 125 194 19
102 3087 65 36 130 165 184 55 102
5 378 65 5
157 4163 65 42 48 157
195 2616 65 125 194 195
28 2989 65 42 28
191 4310 65 42 88 168 191
36 1338 65 36
189 2921 65 125 194 90 72 189
148 5589 65 5 40 13 148
62 2781 65 127 119 62
85 4035 65 117 85
78 2487 65 5 78
106 3266 65 5 56 96 63 106
160 3617 65 36 130 165 184 26 192 160
135 3891 65 5 56 96 63 106 139 135
72 2760 65 125 194 90 72
22 3793 65 5 40 20 22
75 3175 65 5 40 20 75
31 3581 65 125 194 90 72 31
120 3995 65 127 105 16 27 120
21 4486 65 117 89 94 7 21
173 2767 65 5 56 80 17 44 173
159 4590 65 42 34 128 159
179 4926 65 127 119 62 60 2 179
16 3198 65 127 105 16
165 2040 65 36 130 165
169 2636 65 5 78 169
188 3921 65 5 78 169 54 188
127 1584 65 127
86 2880 65 36 73 86
42 1279 65 42
32 2546 65 5 56 32
96 1826 65 5 56 96
175 3771 65 5 56 80 149 175
49 4064 65 36 130 165 77 151 84 131 49
3 3641 65 36 130 165 184 55 102 3
134 4131 65 5 56 80 17 44 173 79 134
77 2285 65 36 130 165 77
18 2716 65 5 18
183 4679 65 127 119 187 197 183
177 2076 65 117 89 177
145 5089 65 5 56 96 8 116 145
123 3464 65 127 105 51 123
122 4161 65 5 56 80 149 122
14 2456 65 36 130 165 14
141 3234 65 5 56 80 141
45 4037 65 5 18 132 45
99 4581 65 36 73 99
35 4451 65 5 40 20 22 41 35
171 3939 65 127 119 187 108 0 171
180 3314 65 125 194 180
168 4140 65 42 88 168
190 3604 65 125 194 19 190
82 2472 65 36 73 82
56 1426 65 5 56
198 2564 65 36 198
124 4436 65 42 88 168 191 124
197 3390 65 127 119 187 197
13 4060 65 5 40 13
162 5141 65 127 119 187 108 0 162
1 3418 65 5 40 111 1
20 2896 65 5 40 20
0 3383 65 127 119 187 108 0
192 2858 65 36 130 165 184 26 192
101 5886 65 117 101
178 3190 65 5 56 80 142 178
70 3866 65 5 56 96 193 70
126 4527 65 5 56 96 193 126
8 2998 65 5 56 96 8
41 4304 65 5 40 20 22 41
131 3052 65 36 130 165 77 151 84 131
186 2590 65 42 34 186
170 4581 65 127 119 68 97 170
39 3646 65 5 56 80 17 44 173 39
130 1714 65 36 130
194 2591 65 125 194
69 3256 65 36 69
61 5217 65 5 56 80 141 61
137 5166 65 36 130 165 77 151 84 131 137
44 2374 65 5 56 80 17 44
110 3013 65 5 56 80 17 110
118 3113 65 127 119 187 108 118
142 2187 65 5 56 80 142
108 2869 65 127 119 187 108
34 2550 65 42 34
138 4319 65 42 28 74 138
176 5051 65 5 56 80 17 110 129 176
143 2392 65 36 30 143
90 2652 65 125 194 90
149 2820 65 5 56 80 149
9 3348 65 125 194 195 50 9
67 4670 65 36 130 165 29 67
196 3596 65 125 194 174 166 196
60 2985 65 127 119 62 60
112 3106 65 5 40 20 112
55 2552 65 36 130 165 184 55
79 2840 65 5 56 80 17 44 173 79
23 3916 65 36 23
146 5779 65 36 130 165 77 151 84 59 146
64 4736 65 5 40 20 75 156 64
80 1526 65 5 56 80
156 3279 65 5 40 20 75 156
84 3020 65 36 130 165 77 151 84
89 1451 65 117 89
25 3846 65 127 105 25
100 4352 65 125 194 90 72 31 100
43 3529 65 127 105 51 123 43
150 2130 65 5 56 96 150
153 2719 65 5 78 153
94 3375 65 117 89 94
54 3361 65 5 78 169 54
51 2980 65 127 105 51
63 2621 65 5 56 96 63
57 4367 65 42 28 74 57
10 3761 65 125 194 10
119 2157 65 127 119
107 3898 65 36 130 165 29 107
71 3423 65 36 130 165 77 151 144 71
152 3541 65 127 119 187 108 152
92 4284 65 36 130 165 14 92
81 4371 65 36 130 81
129 4344 65 5 56 80 17 110 129
48 2732 65 42 48
93 5552 65 5 56 80 17 44 93
73 1454 65 36 73
59 3105 65 36 130 165 77 151 84 59
167 4381 65 127 119 187 108 152 167
95 4200 65 42 34 186 95
30 1793 65 36 30
74 4269 65 42 28 74
46 5292 65 127 119 187 108 0 162 46
181 4302 65 127 119 68 181
139 3272 65 5 56 96 63 106 139
53 4121 65 36 130 165 184 55 102 15 53
163 5315 65 125 194 90 72 163
133 3445 65 36 130 165 133
144 2898 65 36 130 165 77 151 144
38 2828 65 36 30 38
121 5899 65 5 40 20 121
50 3190 65 125 194 195 50
105 1626 65 127 105
116 4601 65 5 56 96 8 116
97 4000 65 127 119 68 97
193 3387 65 5 56 96 193
68 2780 65 127 119 68
115 3690 65 127 119 115
104 3643 65 5 40 20 104
33 5763 65 127 119 33
87 5452 65 125 194 174 166 87
26 2619 65 36 130 165 184 26
47 3862 65 36 130 165 184 26 192 160 47
136 3636 65 125 194 19 136
17 1598 65 5 56 80 17
37 5444 65 42 34 186 37
174 3002 65 125 194 174
109 2680 65 117 89 177 109
4 6696 65 5 56 96 63 106 139 4
6 4184 65 36 130 165 77 151 84 6
154 4696 65 36 130 165 77 151 84 52 154
29 3622 65 36 130 165 29
158 5132 65 36 73 82 158
114 4111 65 127 119 62 60 114
111 3177 65 5 40 111
11 2660 65 42 34 11
2 4280 65 127 119 62 60 2
58 4188 65 5 78 153 58
147 3017 65 36 130 165 77 151 147
12 3086 65 36 30 143 12
76 4209 65 127 119 62 76
155 4320 65 125 194 180 155
184 2179 65 36 130 165 184
166 3240 65 125 194 174 166
