74 0 74
122 1027 74 122
145 4067 74 148 53 136 170 96 134 193 145
49 2448 74 196 179 49
84 2543 74 122 69 165 84
123 4875 74 122 69 101 182 158 133 123
141 5033 74 122 69 165 84 141
52 3091 74 122 69 52
95 3167 74 122 30 55 95
190 3441 74 122 69 165 84 68 99 190
138 5502 74 148 81 143 47 186 162 138
88 5048 74 148 90 51 88
109 5419 74 196 179 49 5 109
162 4066 74 148 81 143 47 186 162
34 3991 74 148 53 136 170 96 134 34
78 4401 74 196 185 78
173 3116 74 122 16 173
164 3330 74 122 16 175 164
178 4361 74 148 53 136 178
69 2211 74 122 69
157 3247 74 148 81 71 157
93 4928 74 122 69 165 84 68 99 190 93
151 5192 74 196 179 151
196 812 74 196
5 3243 74 196 179 49 5
7 2703 74 122 30 7
45 3490 74 148 81 124 119 45
14 3752 74 148 53 36 14
199 2704 74 148 90 73 199
189 3234 74 148 90 73 199 189
107 4133 74 148 81 143 47 186 107
63 4511 74 122 30 55 129 63
6 3693 74 148 90 73 199 48 6
73 2636 74 148 90 73
66 3807 74 148 183 66
10 3996 74 148 81 143 137 10
154 3933 74 122 69 101 182 154
135 3405 74 148 81 147 70 135
186 2723 74 148 81 143 47 186
11 3250 74 196 179 0 11
130 4230 74 148 183 66 130
62 4520 74 122 69 165 84 68 99 62
98 5369 74 148 91 121 98
29 4326 74 122 30 55 129 113 29
50 3621 74 148 81 124 119 45 50
47 2491 74 148 81 143 47
146 3629 74 148 81 147 146
193 3666 74 148 53 136 170 96 134 193
77 4806 74 148 81 124 57 77
152 5052 74 148 90 73 199 48 6 152
182 2426 74 122 69 101 182
103 3569 74 122 69 165 84 68 99 103
160 3439 74 196 179 0 11 160
28 5883 74 122 69 165 84 166 28
60 3814 74 196 179 60
42 4921 74 148 53 136 170 96 134 42
87 5058 74 148 91 121 87
97 3742 74 122 69 110 97
197 3975 74 196 179 49 5 15 197
72 1729 74 148 53 72
150 3601 74 148 81 150
46 3495 74 122 30 55 127 46
105 4526 74 148 53 136 105
24 4429 74 122 69 165 84 68 99 140 24
155 4018 74 196 179 49 155
18 4286 74 122 30 55 129 61 18
81 206 74 148 81
131 4193 74 122 69 101 182 158 131
102 3899 74 148 90 33 102
192 3975 74 122 16 8 192
64 5117 74 122 16 173 64
44 5677 74 148 53 136 178 44
140 3065 74 122 69 165 84 68 99 140
174 4049 74 122 30 7 174
110 2503 74 122 69 110
113 3022 74 122 30 55 129 113
80 3648 74 122 16 175 80
144 4470 74 148 149 144
161 3899 74 148 81 143 161
1 4114 74 148 81 143 47 186 1
100 3219 74 122 69 165 4 100
126 2584 74 148 91 26 126
39 4937 74 148 91 67 39
38 4688 74 122 30 55 127 38
108 5197 74 148 81 124 57 77 108
3 3980 74 148 81 71 157 3
188 3341 74 122 69 101 182 184 27 188
170 3184 74 148 53 136 170
194 4097 74 122 69 165 84 68 99 190 194
13 4126 74 148 81 147 146 13
40 4466 74 148 81 147 146 40
99 2900 74 122 69 165 84 68 99
25 4341 74 122 69 165 84 68 99 190 25
172 5909 74 122 16 173 35 172
75 3741 74 122 69 165 84 68 99 75
132 4161 74 148 91 26 132
106 5584 74 122 69 101 12 106
26 2574 74 148 91 26
114 3127 74 148 81 143 47 114
127 3288 74 122 30 55 127
91 126 74 148 91
143 2459 74 148 81 143
58 4205 74 122 69 165 84 68 99 140 58
32 3263 74 148 91 26 32
41 4212 74 148 81 143 47 79 41
120 4266 74 148 90 73 199 111 56 120
89 4014 74 148 81 124 89
104 3966 74 148 90 73 199 189 104
115 7506 74 122 69 101 12 187 115
9 4684 74 122 30 55 127 9
129 2880 74 122 30 55 129
191 4096 74 122 69 165 4 191
156 4909 74 148 183 118 156
134 3555 74 148 53 136 170 96 134
17 4148 74 148 90 51 17
79 3109 74 148 81 143 47 79
158 4185 74 122 69 101 182 158
19 3533 74 148 81 147 177 92 19
124 2136 74 148 81 124
54 3628 74 196 54
96 3339 74 148 53 136 170 96
183 2320 74 148 183
181 4070 74 122 69 165 4 181
142 5640 74 122 69 101 182 154 142
117 4800 74 148 90 73 199 111 56 117
21 4686 74 122 69 21
8 3811 74 122 16 8
119 2280 74 148 81 124 119
71 1419 74 148 81 71
125 3918 74 122 69 101 182 184 27 188 125
185 3535 74 196 185
112 4857 74 148 53 136 170 96 134 193 145 112
165 2493 74 122 69 165
116 4417 74 148 91 26 43 116
23 4516 74 122 69 165 23
180 4549 74 148 81 143 47 186 59 180
0 2309 74 196 179 0
171 4733 74 148 171
51 2827 74 148 90 51
167 5163 74 148 81 124 119 45 167
198 3868 74 148 91 198
136 2575 74 148 53 136
147 1672 74 148 81 147
121 4480 74 148 91 121
65 5086 74 148 183 65
166 2577 74 122 69 165 84 166
43 2822 74 148 91 26 43
148 88 74 148
92 2974 74 148 81 147 177 92
57 4068 74 148 81 124 57
153 4427 74 148 183 66 153
22 2930 74 122 30 55 129 61 22
176 4454 74 148 90 73 199 189 176
83 4009 74 148 53 136 83
35 3415 74 122 16 173 35
12 3124 74 122 69 101 12
70 2828 74 148 81 147 70
195 4319 74 148 91 26 132 195
82 3200 74 196 179 82
168 5492 74 122 30 55 127 9 168
76 4928 74 196 179 82 76
67 2457 74 148 91 67
30 2073 74 122 30
85 3161 74 148 53 136 85
15 3510 74 196 179 49 5 15
61 2886 74 122 30 55 129 61
53 1611 74 148 53
59 3319 74 148 81 143 47 186 59
111 3115 74 148 90 73 199 111
2 3661 74 148 81 143 47 2
27 2979 74 122 69 101 182 184 27
149 4394 74 148 149
184 2596 74 122 69 101 182 184
48 3653 74 148 90 73 199 48
68 2731 74 122 69 165 84 68
90 2396 74 148 90
20 3269 74 122 30 55 129 61 20
177 2955 74 148 81 147 177
55 2806 74 122 30 55
187 4718 74 122 69 101 12 187
16 1961 74 122 16
31 4500 74 148 81 143 47 186 107 31
118 3702 74 148 183 118
37 4981 74 148 81 124 89 37
163 4114 74 148 81 71 86 163
137 2935 74 148 81 143 137
33 3619 74 148 90 33
36 3650 74 148 53 36
4 3086 74 122 69 165 4
86 4087 74 148 81 71 86
139 6096 74 196 179 0 11 139
159 4481 74 148 81 143 47 114 159
56 3989 74 148 90 73 199 111 56
128 4927 74 148 53 136 170 96 134 193 145 112 128
179 2290 74 196 179
175 2535 74 122 16 175
133 4455 74 122 69 101 182 158 133
94 3356 74 148 53 136 94
101 2368 74 122 69 101
169 6219 74 122 16 173 64 169
