165 0 165
3 1163 165 82 96 3
6 1972 165 104 169 126 176 81 6
103 1567 165 62 155 119 103
53 1659 165 14 145 139 168 40 118 141 113 53
154 3340 165 104 169 126 176 105 154
188 2744 165 14 44 90 70 175 195 41 188
177 3861 165 14 145 139 168 40 12 177
94 1646 165 14 44 90 70 175 195 9 132 94
95 1440 165 95
129 3571 165 14 44 90 70 175 195 129
184 2814 165 14 44 90 70 196 8 170 122 184
133 3809 165 104 169 126 176 81 23 133
10 2595 165 82 96 3 167 108 102 10
123 1135 165 14 44 90 117 163 123
20 1538 165 104 169 126 48 20
18 2813 165 62 155 18
119 1505 165 62 155 119
153 1685 165 14 145 139 168 153
70 1341 165 14 44 90 70
83 2392 165 95 134 83
99 1824 165 82 96 80 152 65 142 72 86 149 99
168 1452 165 14 145 139 168
128 3068 165 14 44 90 117 163 190 128
109 1486 165 14 44 90 70 196 8 144 109
104 1068 165 104
111 2128 165 62 155 119 103 22 111
172 1376 165 62 155 172
59 3442 165 95 59
173 2202 165 82 96 80 173
144 1517 165 14 44 90 70 196 8 144
62 271 165 62
82 219 165 82
171 2019 165 62 155 93 171
191 1556 165 14 44 90 70 79 159 161 191
199 2887 165 82 96 3 167 108 140 199
132 1819 165 14 44 90 70 175 195 9 132
121 1254 165 14 145 121
66 2797 165 62 155 93 183 135 5 66
93 1123 165 62 155 93
136 3215 165 14 44 90 70 196 8 170 122 136
35 2079 165 14 44 90 70 196 8 144 109 25 35
37 1817 165 14 44 90 70 175 195 37
14 -193 165 14
117 1184 165 14 44 90 117
67 1956 165 14 44 90 70 175 195 9 132 94 67
34 2422 165 62 155 119 103 22 111 87 34
159 1482 165 14 44 90 70 79 159
113 1542 165 14 145 139 168 40 118 141 113
36 2400 165 14 44 90 70 36
65 1790 165 82 96 80 152 65
193 3215 165 14 44 193
64 3376 165 14 44 90 70 196 8 170 122 64
115 1507 165 14 44 90 117 163 123 150 58 114 115
2 4466 165 14 145 139 2
74 2473 165 104 169 126 176 81 23 148 74
196 1549 165 14 44 90 70 196
88 2115 165 14 88
110 2764 165 82 96 80 152 65 142 147 110
81 1671 165 104 169 126 176 81
60 2800 165 62 155 119 103 22 111 185 60
50 3088 165 14 145 139 168 50
135 1987 165 62 155 93 183 135
146 3299 165 104 169 126 48 146
56 3115 165 104 169 126 176 56
16 1359 165 14 145 16
126 1343 165 104 169 126
166 1101 165 82 96 3 166
167 1070 165 82 96 3 167
124 1541 165 14 145 139 168 40 118 141 124
52 4534 165 82 96 3 167 108 52
8 1705 165 14 44 90 70 196 8
198 2193 165 14 44 90 198
31 1427 165 82 96 80 31
141 1562 165 14 145 139 168 40 118 141
42 1770 165 14 44 90 117 163 123 150 42
189 1169 165 82 96 3 167 108 189
174 2199 165 82 96 80 173 174
101 1707 165 82 96 3 167 108 189 101
69 2778 165 14 44 90 117 163 123 150 58 114 115 69
158 2606 165 14 44 90 70 175 195 41 188 158
13 2832 165 14 44 90 117 13
38 4058 165 14 44 90 117 163 123 46 38
137 2059 165 14 44 90 137
25 1830 165 14 44 90 70 196 8 144 109 25
71 3153 165 82 96 3 167 108 140 76 71
46 2304 165 14 44 90 117 163 123 46
100 2083 165 14 44 90 117 163 123 100
140 1816 165 82 96 3 167 108 140
79 1487 165 14 44 90 70 79
1 2627 165 62 155 93 183 135 5 1
23 1900 165 104 169 126 176 81 23
134 1546 165 95 134
54 2908 165 14 145 121 125 160 54
27 2404 165 14 44 90 70 175 195 27
48 1564 165 104 169 126 48
186 1790 165 95 134 92 186
30 1899 165 62 30
55 1780 165 14 151 55
22 1547 165 62 155 119 103 22
148 1812 165 104 169 126 176 81 23 148
32 2144 165 14 145 139 32
4 1922 165 14 44 90 70 175 49 4
108 1219 165 82 96 3 167 108
169 921 165 104 169
68 1622 165 82 96 3 167 108 140 76 68
164 2455 165 104 169 126 176 81 6 107 164
39 2151 165 104 28 112 45 39
86 1707 165 82 96 80 152 65 142 72 86
107 2336 165 104 169 126 176 81 6 107
92 1552 165 95 134 92
149 1820 165 82 96 80 152 65 142 72 86 149
155 575 165 62 155
85 2162 165 82 96 3 166 85
147 2028 165 82 96 80 152 65 142 147
130 3541 165 104 169 126 176 105 130
157 1749 165 95 134 157
139 675 165 14 145 139
7 1540 165 82 96 3 167 108 189 7
181 3220 165 14 44 90 70 175 195 27 181
76 1652 165 82 96 3 167 108 140 76
175 1201 165 14 44 90 70 175
138 1825 165 95 134 92 138
61 1703 165 82 96 80 152 65 142 72 86 149 61
180 2652 165 62 155 93 171 180
57 4043 165 14 44 90 70 196 8 144 109 25 35 57
0 3539 165 104 169 0
41 2557 165 14 44 90 70 175 195 41
192 4343 165 14 44 90 117 163 123 150 192
197 3221 165 14 44 90 117 163 123 150 58 114 197
63 3414 165 14 88 63
143 2507 165 62 155 119 103 22 111 87 143
15 2943 165 95 134 92 138 75 15
183 1736 165 62 155 93 183
47 1845 165 82 96 3 167 108 189 101 47
87 2204 165 62 155 119 103 22 111 87
89 2050 165 82 96 80 31 89
151 1672 165 14 151
28 952 165 104 28
187 2046 165 82 96 80 173 174 187
77 1910 165 82 24 77
17 2856 165 82 96 80 152 65 142 72 86 149 61 29 106 17
40 1878 165 14 145 139 168 40
156 1836 165 14 156
127 1941 165 14 44 90 70 196 8 144 109 25 127
161 1454 165 14 44 90 70 79 159 161
145 590 165 14 145
185 2509 165 62 155 119 103 22 111 185
105 2890 165 104 169 126 176 105
195 1214 165 14 44 90 70 175 195
98 2205 165 14 44 90 70 175 98
160 2177 165 14 145 121 125 160
106 2327 165 82 96 80 152 65 142 72 86 149 61 29 106
58 944 165 14 44 90 117 163 123 150 58
26 2204 165 14 26
24 2008 165 82 24
29 1900 165 82 96 80 152 65 142 72 86 149 61 29
45 1428 165 104 28 112 45
33 1584 165 14 44 90 70 196 8 144 109 33
75 2105 165 95 134 92 138 75
43 2139 165 62 43
125 2019 165 14 145 121 125
97 926 165 14 44 97
91 2267 165 95 134 92 186 91
51 1431 165 82 96 80 51
11 1951 165 82 96 80 173 174 187 11
131 3267 165 62 155 119 103 22 111 87 34 131
44 843 165 14 44
80 1317 165 82 96 80
19 2663 165 104 169 126 48 20 19
152 1294 165 82 96 80 152
179 1756 165 14 145 139 179
12 2655 165 14 145 139 168 40 12
78 2836 165 104 169 126 176 81 23 148 74 78
73 3494 165 82 96 80 152 65 142 147 110 73
163 1112 165 14 44 90 117 163
178 2256 165 82 24 178
116 1922 165 14 44 90 70 175 195 116
118 1679 165 14 145 139 168 40 118
194 2447 165 14 44 90 70 79 159 161 194
122 2166 165 14 44 90 70 196 8 170 122
120 2595 165 14 151 55 120
142 1600 165 82 96 80 152 65 142
90 1137 165 14 44 90
114 1449 165 14 44 90 117 163 123 150 58 114
84 2365 165 14 44 90 198 84
170 1539 165 14 44 90 70 196 8 170
96 345 165 82 96
102 1399 165 82 96 3 167 108 102
5 2694 165 62 155 93 183 135 5
162 3854 165 14 44 193 162
190 1248 165 14 44 90 117 163 190
49 1691 165 14 44 90 70 175 49
72 1895 165 82 96 80 152 65 142 72
112 1601 165 104 28 112
176 1366 165 104 169 126 176
150 1115 165 14 44 90 117 163 123 150
21 2360 165 14 44 90 70 196 8 144 109 25 21
182 1797 165 82 96 80 152 65 142 72 182
9 1499 165 14 44 90 70 175 195 9
