75 0 75
0 2929 75 175 30 164 130 1 153 109 123 158 31 121 0
1 2746 75 175 30 164 130 1
2 4284 75 175 30 164 130 2
3 4766 75 175 30 161 186 90 3
4 3323 75 175 30 39 194 4
5 3063 75 198 60 167 65 135 78 166 5
6 3264 75 140 176 147 6
7 2865 75 175 30 164 130 1 153 177 63 48 92 7
8 2867 75 93 8
9 4835 75 198 60 167 151 196 9
10 3663 75 89 12 124 20 25 10
11 3246 75 93 8 193 11
12 1893 75 89 12
13 3401 75 89 12 124 13
14 4048 75 175 30 164 130 1 153 109 123 158 31 180 14
15 4723 75 198 60 167 65 135 78 15
16 3559 75 175 30 164 130 1 153 109 123 158 31 121 16
17 3799 75 175 30 164 130 1 153 109 169 47 17
18 4143 75 175 179 188 143 190 51 18
19 3981 75 19
20 2287 75 89 12 124 20
21 3039 75 175 179 21
22 4078 75 198 60 167 151 196 22
23 5434 75 198 60 167 151 23
24 2488 75 140 24
25 3200 75 89 12 124 20 25
26 2970 75 175 30 164 54 26
27 2820 75 93 8 193 27
28 2923 75 198 60 167 65 28
29 2901 75 175 30 161 186 90 29
30 1849 75 175 30
31 3112 75 175 30 164 130 1 153 109 123 158 31
32 2708 75 175 30 164 130 1 153 177 63 32
33 2799 75 175 30 164 130 1 153 33
34 3849 75 198 60 167 65 135 78 166 5 160 34
35 2373 75 175 30 39 59 35
36 2792 75 198 60 167 36
37 3625 75 175 30 164 130 1 153 177 63 37
38 4380 75 140 176 104 38
39 1804 75 175 30 39
40 3327 75 175 30 164 130 1 153 177 102 187 40
41 3608 75 175 30 161 186 157 68 41
42 5042 75 198 60 167 65 135 78 166 5 160 111 42
43 4547 75 175 30 161 186 157 68 41 73 43
44 2791 75 140 176 44
45 2578 75 175 45
46 4595 75 198 46
47 2824 75 175 30 164 130 1 153 109 169 47
48 3031 75 175 30 164 130 1 153 177 63 48
49 4494 75 175 30 161 186 110 49
50 3681 75 175 30 164 54 50
51 4307 75 175 179 188 143 190 51
52 4738 75 175 30 39 52
53 3323 75 175 30 161 186 157 172 74 83 141 96 53
54 2999 75 175 30 164 54
55 2963 75 175 179 21 55
56 5097 75 175 30 164 130 1 153 177 63 48 92 56
57 2002 75 175 179 57
58 3656 75 175 30 164 130 1 153 177 102 187 58
59 2310 75 175 30 39 59
60 2320 75 198 60
61 2647 75 175 179 188 61
62 2757 75 175 30 164 54 138 199 62
63 2827 75 175 30 164 130 1 153 177 63
64 2595 75 175 30 161 64
65 2953 75 198 60 167 65
66 3214 75 175 30 164 130 1 153 177 102 66
67 4443 75 175 30 161 186 157 172 74 83 141 96 53 67
68 2913 75 175 30 161 186 157 68
69 3033 75 175 179 57 69
70 4591 75 175 30 164 130 1 153 177 102 187 40 99 70
71 5089 75 175 30 164 130 1 153 177 102 187 40 71
72 3055 75 198 60 167 65 28 72
73 4213 75 175 30 161 186 157 68 41 73
74 3268 75 175 30 161 186 157 172 74
76 2759 75 175 30 161 64 76
77 3148 75 175 30 164 54 138 199 77
78 3296 75 198 60 167 65 135 78
79 3232 75 198 60 167 151 79
80 4429 75 175 30 164 54 50 137 80
81 3561 75 175 179 188 61 81
82 3876 75 175 30 164 130 1 153 177 102 66 82
83 3146 75 175 30 161 186 157 172 74 83
84 3970 75 175 30 164 130 1 153 109 123 84
85 4604 75 198 60 167 65 135 78 166 5 160 34 85
86 4829 75 175 30 161 186 157 172 74 171 86
87 4119 75 89 12 124 20 25 10 87
88 2973 75 175 179 88
89 2056 75 89
90 2616 75 175 30 161 186 90
91 3412 75 89 12 124 91
92 2978 75 175 30 164 130 1 153 177 63 48 92
93 2566 75 93
94 4771 75 175 30 164 197 120 94
95 3255 75 93 8 191 95
96 3491 75 175 30 161 186 157 172 74 83 141 96
97 4383 75 175 30 161 64 97
98 3088 75 198 60 167 65 135 78 166 5 98
99 4104 75 175 30 164 130 1 153 177 102 187 40 99
100 4229 75 175 30 161 186 157 172 74 83 141 96 53 100
101 3688 75 175 30 164 54 138 101
102 2850 75 175 30 164 130 1 153 177 102
103 5170 75 175 179 188 143 103
104 4407 75 140 176 104
105 4736 75 198 60 167 151 79 105
106 3726 75 175 30 164 54 138 199 62 119 106
107 4339 75 89 12 124 91 128 154 107
108 3775 75 175 30 39 108
109 2778 75 175 30 164 130 1 153 109
110 2959 75 175 30 161 186 110
111 3370 75 198 60 167 65 135 78 166 5 160 111
112 3228 75 198 60 167 65 135 78 166 5 160 111 112
113 4061 75 175 30 161 186 157 68 41 73 113
114 2818 75 175 30 39 194 114
115 2889 75 175 30 164 130 1 153 177 63 48 92 115
116 3735 75 175 179 188 61 116
117 4057 75 175 179 57 69 117
118 2664 75 175 30 161 64 76 118
119 3603 75 175 30 164 54 138 199 62 119
120 3110 75 175 30 164 197 120
121 2915 75 175 30 164 130 1 153 109 123 158 31 121
122 4340 75 175 30 164 197 122
123 2610 75 175 30 164 130 1 153 109 123
124 2407 75 89 12 124
125 2830 75 175 30 161 64 76 118 125
126 3897 75 198 60 167 65 28 72 126
127 3805 75 175 179 21 127
128 3818 75 89 12 124 91 128
129 3967 75 175 30 39 129
130 2556 75 175 30 164 130
131 6954 75 175 30 39 144 131
132 3035 75 175 30 164 54 132
133 3948 75 93 133
134 2305 75 198 134
135 3189 75 198 60 167 65 135
136 3390 75 175 30 161 186 157 136
137 3547 75 175 30 164 54 50 137
138 2816 75 175 30 164 54 138
139 3451 75 175 30 164 130 1 153 109 169 47 139
140 2592 75 140
141 3176 75 175 30 161 186 157 172 74 83 141
142 3838 75 175 30 161 186 157 172 74 83 141 142
143 1963 75 175 179 188 143
144 3697 75 175 30 39 144
145 5124 75 175 30 161 64 97 145
146 5851 75 198 60 167 65 135 78 166 5 160 111 112 146
147 3196 75 140 176 147
148 2997 75 93 8 191 148
149 3866 75 175 30 161 186 157 172 74 149
150 5005 75 198 60 167 65 135 78 166 5 160 111 150
151 3032 75 198 60 167 151
152 3034 75 198 60 167 152
153 2598 75 175 30 164 130 1 153
154 3727 75 89 12 124 91 128 154
155 2895 75 175 30 161 64 76 118 155
156 3725 75 175 30 161 186 157 156
157 2752 75 175 30 161 186 157
158 2806 75 175 30 164 130 1 153 109 123 158
159 5042 75 175 30 164 130 1 153 159
160 2918 75 198 60 167 65 135 78 166 5 160
161 2287 75 175 30 161
162 3212 75 175 30 164 130 1 162
163 4325 75 198 134 163
164 2631 75 175 30 164
165 2596 75 89 12 124 20 165
166 3126 75 198 60 167 65 135 78 166
167 2617 75 198 60 167
168 3079 75 93 8 191 148 168
169 2801 75 175 30 164 130 1 153 109 169
170 4960 75 140 176 104 38 170
171 3224 75 175 30 161 186 157 172 74 171
172 2685 75 175 30 161 186 157 172
173 3162 75 175 30 164 130 1 153 177 173
174 2441 75 175 179 57 174
175 1064 75 175
176 2777 75 140 176
177 2771 75 175 30 164 130 1 153 177
178 3942 75 175 179 188 61 81 178
179 1976 75 175 179
180 3643 75 175 30 164 130 1 153 109 123 158 31 180
181 2667 75 175 30 164 54 138 181
182 4225 75 175 30 164 130 2 182
183 3910 75 175 30 164 130 1 153 109 123 158 31 121 183
184 3536 75 175 30 161 186 157 156 184
185 2819 75 175 30 164 130 1 153 109 169 47 185
186 2431 75 175 30 161 186
187 3269 75 175 30 164 130 1 153 177 102 187
188 1779 75 175 179 188
189 6277 75 175 30 161 186 157 172 189
190 4158 75 175 179 188 143 190
191 2754 75 93 8 191
192 4291 75 175 30 161 186 157 172 74 83 141 142 192
193 2810 75 93 8 193
194 2982 75 175 30 39 194
195 4612 75 175 30 164 54 138 199 62 119 106 195
196 4045 75 198 60 167 151 196
197 2562 75 175 30 164 197
198 1414 75 198
199 2878 75 175 30 164 54 138 199
