199 0 199
5 1841 199 185 32 149 154 144 164 179 2 58 108 180 28 125 5
180 178 199 185 32 149 154 144 164 179 2 58 108 180
161 1566 199 185 32 149 154 150 44 97 161
34 2087 199 185 32 114 64 84 34
160 1654 199 185 32 149 129 75 127 76 160
104 1469 199 185 32 149 154 150 85 33 61 138 104
9 1121 199 185 32 149 154 144 164 179 2 58 108 180 28 9
21 1874 199 185 32 149 154 144 164 179 2 58 126 49 106 37 105 70 43 146 182 170 21
42 1118 199 185 32 149 154 79 62 69 42
117 945 199 185 32 149 154 150 44 117
188 371 199 185 32 149 154 144 164 179 2 58 188
38 4852 199 185 32 149 154 150 145 38
116 1215 199 185 32 149 154 144 164 179 2 58 108 180 14 16 73 116
154 132 199 185 32 149 154
178 840 199 185 32 149 154 150 44 117 178
93 3311 199 185 32 149 154 150 145 83 135 142 155 93
139 2233 199 185 32 149 154 79 62 67 17 6 139
35 1877 199 35
39 2232 199 185 32 149 154 144 164 179 2 58 108 180 28 121 157 152 39
123 1180 199 185 32 149 154 144 164 179 2 58 108 180 14 16 123
43 768 199 185 32 149 154 144 164 179 2 58 126 49 106 37 105 70 43
20 2245 199 185 32 114 64 84 109 20
189 1707 199 185 32 149 154 150 145 27 189
94 1132 199 185 32 149 154 150 145 83 94
121 704 199 185 32 149 154 144 164 179 2 58 108 180 28 121
136 101 199 185 32 149 154 79 62 136
140 1426 199 185 32 149 154 79 62 136 128 50 55 140
62 -179 199 185 32 149 154 79 62
177 916 199 185 32 149 154 144 164 179 2 58 188 23 100 13 177
145 858 199 185 32 149 154 150 145
28 346 199 185 32 149 154 144 164 179 2 58 108 180 28
58 163 199 185 32 149 154 144 164 179 2 58
82 90 199 185 32 149 154 144 164 179 2 58 126 49 106 82
56 2181 199 185 32 149 154 79 62 67 74 60 56
174 598 199 185 32 149 154 144 164 179 2 58 108 180 28 121 174
27 1144 199 185 32 149 154 150 145 27
99 1216 199 185 32 149 154 150 44 117 178 99
101 148 199 185 32 149 154 144 164 179 2 58 108 180 101
49 344 199 185 32 149 154 144 164 179 2 58 126 49
40 1246 199 185 32 149 154 79 62 136 128 50 40
16 842 199 185 32 149 154 144 164 179 2 58 108 180 14 16
135 1644 199 185 32 149 154 150 145 83 135
187 1286 199 185 32 149 154 79 62 69 173 187
157 1464 199 185 32 149 154 144 164 179 2 58 108 180 28 121 157
124 2107 199 185 32 149 154 79 62 184 148 124
85 530 199 185 32 149 154 150 85
191 307 199 185 191
115 835 199 185 32 149 154 144 164 179 2 58 126 49 106 37 105 115
141 2242 199 185 32 149 154 150 44 181 47 8 141
109 2001 199 185 32 114 64 84 109
45 1215 199 185 32 149 154 144 164 179 2 58 126 49 106 37 105 70 43 146 130 45
107 1532 199 185 32 149 154 144 164 179 2 58 126 49 106 82 15 107
149 0 199 185 32 149
53 1593 199 185 32 149 154 144 164 179 2 58 108 180 28 125 48 183 53
7 864 199 185 32 149 154 144 164 179 2 58 126 49 106 37 105 7
31 873 199 185 32 149 154 79 62 184 148 31
6 1503 199 185 32 149 154 79 62 67 17 6
153 2141 199 185 32 149 154 79 62 69 46 153
60 698 199 185 32 149 154 79 62 67 74 60
75 1757 199 185 32 149 129 75
10 711 199 185 32 149 154 144 164 179 2 58 10
92 2721 199 185 32 149 154 144 164 179 2 58 126 49 92
89 1553 199 185 32 149 154 144 164 179 2 58 10 89
51 1072 199 185 32 149 154 79 62 136 128 50 55 51
172 715 199 185 32 149 154 79 62 67 74 60 71 172
86 1499 199 185 32 149 154 79 62 69 173 86
0 834 199 185 32 149 154 144 164 179 2 58 126 49 106 37 105 70 0
100 894 199 185 32 149 154 144 164 179 2 58 188 23 100
181 647 199 185 32 149 154 150 44 181
32 80 199 185 32
190 222 199 185 32 149 154 144 164 179 2 58 108 180 28 125 190
14 656 199 185 32 149 154 144 164 179 2 58 108 180 14
80 688 199 185 32 149 154 144 164 179 2 58 126 49 106 37 105 115 80
167 1681 199 185 32 149 154 150 145 27 167
143 966 199 185 32 149 154 144 164 179 2 58 108 180 14 143
66 1248 199 185 32 149 154 144 164 179 91 66
194 1117 199 185 32 149 154 150 85 194
26 2313 199 185 32 149 154 144 164 179 2 58 108 180 14 26
113 1296 199 185 32 149 154 150 44 117 113
63 384 199 185 32 149 154 79 62 136 63
186 1681 199 185 32 149 154 79 62 67 74 60 71 172 132 119 137 186
185 241 199 185
47 901 199 185 32 149 154 150 44 181 47
158 1018 199 185 32 149 154 144 164 179 2 58 126 49 158
96 972 199 185 32 149 154 79 62 96
50 1053 199 185 32 149 154 79 62 136 128 50
196 578 199 185 32 149 154 150 44 181 196
120 2064 199 185 32 149 154 144 164 120
71 805 199 185 32 149 154 79 62 67 74 60 71
3 1398 199 185 32 149 154 79 62 69 3
95 1398 199 185 32 149 154 144 164 179 2 58 126 49 106 37 105 70 43 95
54 1283 199 185 32 149 154 144 164 179 2 58 108 180 14 16 73 54
126 -9 199 185 32 149 154 144 164 179 2 58 126
173 918 199 185 32 149 154 79 62 69 173
146 795 199 185 32 149 154 144 164 179 2 58 126 49 106 37 105 70 43 146
184 462 199 185 32 149 154 79 62 184
165 2103 199 185 32 149 154 79 62 136 128 50 55 51 165
192 882 199 185 32 149 154 150 44 52 192
69 169 199 185 32 149 154 79 62 69
130 806 199 185 32 149 154 144 164 179 2 58 126 49 106 37 105 70 43 146 130
61 1126 199 185 32 149 154 150 85 33 61
151 446 199 185 32 149 154 150 151
150 318 199 185 32 149 154 150
91 1310 199 185 32 149 154 144 164 179 91
29 2084 199 185 32 149 154 150 29
148 944 199 185 32 149 154 79 62 184 148
129 859 199 185 32 149 129
131 2236 199 185 32 114 131
98 1833 199 185 32 149 154 79 62 69 173 187 98
171 3264 199 185 32 149 154 79 62 69 173 171
183 1709 199 185 32 149 154 144 164 179 2 58 108 180 28 125 48 183
127 1712 199 185 32 149 129 75 127
76 1709 199 185 32 149 129 75 127 76
119 923 199 185 32 149 154 79 62 67 74 60 71 172 132 119
156 2363 199 185 32 149 154 79 62 67 74 41 156
110 2280 199 185 32 149 154 150 145 83 110
147 3597 199 185 32 149 154 144 164 179 2 58 126 176 147
159 3035 199 185 32 149 154 150 145 83 135 142 159
81 231 199 185 32 149 154 144 164 179 2 58 108 180 28 125 197 81
162 2082 199 185 32 114 64 162
79 -50 199 185 32 149 154 79
59 1982 199 185 32 149 154 79 62 136 128 59
57 2029 199 185 32 149 154 79 62 136 128 50 55 51 165 57
168 560 199 185 32 149 154 79 62 136 63 168
52 384 199 185 32 149 154 150 44 52
103 2728 199 185 32 149 154 103
23 410 199 185 32 149 154 144 164 179 2 58 188 23
22 1880 199 185 32 149 154 79 62 69 173 187 98 22
137 1557 199 185 32 149 154 79 62 67 74 60 71 172 132 119 137
41 1005 199 185 32 149 154 79 62 67 74 41
24 1984 199 185 32 149 154 144 164 179 2 58 108 180 14 16 73 24
128 1027 199 185 32 149 154 79 62 136 128
25 1629 199 185 32 149 154 150 145 27 167 25
111 3265 199 185 32 149 154 144 164 179 2 58 108 180 28 125 48 183 111
122 2419 199 185 32 149 154 79 62 136 122
73 879 199 185 32 149 154 144 164 179 2 58 108 180 14 16 73
18 3587 199 185 32 149 154 144 164 179 2 58 10 89 18
176 998 199 185 32 149 154 144 164 179 2 58 126 176
134 1625 199 185 32 149 154 144 164 179 2 58 108 180 28 125 48 134
36 1811 199 185 32 149 154 144 164 179 2 58 108 180 28 36
182 1733 199 185 32 149 154 144 164 179 2 58 126 49 106 37 105 70 43 146 182
4 2298 199 185 32 149 154 150 85 33 61 4
108 -27 199 185 32 149 154 144 164 179 2 58 108
132 596 199 185 32 149 154 79 62 67 74 60 71 172 132
83 711 199 185 32 149 154 150 145 83
133 1783 199 185 32 149 154 144 164 179 2 58 108 180 28 125 48 183 53 133
90 1663 199 185 32 149 154 144 164 166 90
142 1525 199 185 32 149 154 150 145 83 135 142
144 264 199 185 32 149 154 144
112 1278 199 185 32 149 154 79 62 184 148 112
64 1270 199 185 32 114 64
19 342 199 185 32 149 154 144 164 179 2 58 108 180 28 125 197 19
169 715 199 185 32 149 154 79 62 67 169
88 956 199 185 32 149 154 144 164 179 2 58 188 23 100 13 88
170 2049 199 185 32 149 154 144 164 179 2 58 126 49 106 37 105 70 43 146 182 170
193 1499 199 185 32 149 154 144 164 179 91 193
155 3083 199 185 32 149 154 150 145 83 135 142 155
74 153 199 185 32 149 154 79 62 67 74
67 174 199 185 32 149 154 79 62 67
77 529 199 185 32 149 154 144 164 179 2 58 108 180 28 125 197 77
11 1053 199 185 32 149 154 150 44 52 192 11
12 3488 199 185 32 149 154 144 164 179 2 58 108 180 14 12
37 162 199 185 32 149 154 144 164 179 2 58 126 49 106 37
30 1028 199 185 32 149 154 144 164 179 2 58 126 49 106 37 30
152 1846 199 185 32 149 154 144 164 179 2 58 108 180 28 121 157 152
114 1151 199 185 32 114
17 598 199 185 32 149 154 79 62 67 17
97 614 199 185 32 149 154 150 44 97
138 1411 199 185 32 149 154 150 85 33 61 138
198 1117 199 185 32 149 154 144 164 179 2 58 126 49 106 82 15 198
70 810 199 185 32 149 154 144 164 179 2 58 126 49 106 37 105 70
46 522 199 185 32 149 154 79 62 69 46
2 363 199 185 32 149 154 144 164 179 2
15 673 199 185 32 149 154 144 164 179 2 58 126 49 106 82 15
68 1654 199 185 32 149 154 79 62 69 68
195 1394 199 185 32 149 154 79 62 67 17 195
72 344 199 185 32 149 154 144 164 179 2 58 188 72
106 237 199 185 32 149 154 144 164 179 2 58 126 49 106
1 1107 199 185 32 149 154 144 164 179 2 58 126 49 106 37 105 70 43 1
55 924 199 185 32 149 154 79 62 136 128 50 55
166 1404 199 185 32 149 154 144 164 166
163 1988 199 185 32 149 154 144 164 179 2 58 126 49 106 82 15 198 163
175 497 199 185 32 149 154 144 164 179 2 58 126 49 106 175
87 1937 199 185 32 149 154 79 62 136 128 50 55 51 165 87
33 849 199 185 32 149 154 150 85 33
105 878 199 185 32 149 154 144 164 179 2 58 126 49 106 37 105
13 914 199 185 32 149 154 144 164 179 2 58 188 23 100 13
8 1460 199 185 32 149 154 150 44 181 47 8
65 1361 199 185 32 149 154 144 164 179 2 58 108 180 14 16 65
102 1449 199 185 32 149 154 79 62 102
164 427 199 185 32 149 154 144 164
48 1479 199 185 32 149 154 144 164 179 2 58 108 180 28 125 48
84 1294 199 185 32 114 64 84
118 1061 199 185 32 149 154 144 164 179 2 58 126 49 106 37 105 70 43 146 118
197 248 199 185 32 149 154 144 164 179 2 58 108 180 28 125 197
78 750 199 185 32 149 154 150 44 97 78
44 185 199 185 32 149 154 150 44
125 158 199 185 32 149 154 144 164 179 2 58 108 180 28 125
179 248 199 185 32 149 154 144 164 179
