198 0 198
181 1432 198 116 133 43 181
184 3586 198 116 133 43 14 61 102 87 99 90 89 123 142 136 184
60 3739 198 116 133 43 14 61 102 87 99 90 89 123 142 49 60
46 1142 198 116 133 43 14 61 102 87 99 90 18 144 46
70 535 198 116 133 43 14 61 102 87 99 120 152 70
104 1863 198 116 133 43 14 61 102 87 99 90 89 123 110 104
153 2472 198 116 79 128 194 153
111 1295 198 116 81 111
126 1395 198 116 133 43 14 61 102 87 99 90 18 178 126
42 1332 198 116 133 12 42
130 2968 198 116 133 43 14 61 95 164 65 97 28 20 130
54 1202 198 116 133 43 14 61 95 54
148 1680 198 116 133 43 14 61 95 54 179 119 67 148
19 1083 198 116 68 93 19
159 1879 198 116 68 3 159
14 543 198 116 133 43 14
23 2144 198 116 133 43 14 61 102 87 99 90 18 78 100 23
48 1887 198 116 133 43 14 61 102 87 99 90 18 144 46 62 48
116 11 198 116
34 3097 198 116 68 93 108 131 91 34
160 2802 198 116 133 43 14 61 95 54 82 146 160
112 2484 198 116 133 43 118 127 162 112
177 2170 198 116 133 12 117 177
32 2690 198 116 133 43 14 61 95 54 154 6 190 32
192 1010 198 116 133 43 14 61 95 164 65 192
79 229 198 116 79
109 4326 198 116 133 43 14 61 102 87 99 90 109
121 2018 198 116 68 93 108 131 69 105 147 11 86 121
1 1552 198 116 133 43 181 1
146 2375 198 116 133 43 14 61 95 54 82 146
164 887 198 116 133 43 14 61 95 164
67 1821 198 116 133 43 14 61 95 54 179 119 67
196 2177 198 116 133 43 14 61 102 87 99 22 196
55 3169 198 116 133 43 14 61 102 87 99 90 89 123 142 176 55
65 761 198 116 133 43 14 61 95 164 65
147 1747 198 116 68 93 108 131 69 105 147
41 2797 198 116 133 43 118 127 41
113 3605 198 116 68 93 108 131 113
2 2066 198 116 68 93 108 131 69 105 2
188 1602 198 116 68 93 108 131 69 105 147 188
163 1876 198 116 133 43 14 61 102 87 99 90 89 123 142 163
25 2740 198 116 68 93 108 131 25
186 2051 198 116 115 186
76 3332 198 116 133 43 181 76
150 2301 198 116 68 150
4 1273 198 116 133 12 42 51 4
22 1478 198 116 133 43 14 61 102 87 99 22
62 2041 198 116 133 43 14 61 102 87 99 90 18 144 46 62
21 2595 198 116 133 43 14 61 95 54 179 119 67 21
105 1786 198 116 68 93 108 131 69 105
71 1266 198 116 133 43 14 61 71
135 2250 198 116 133 43 14 61 71 193 135
123 1244 198 116 133 43 14 61 102 87 99 90 89 123
182 1724 198 116 133 43 14 61 102 87 99 90 89 182
31 2912 198 116 133 43 14 15 31
167 3227 198 116 68 93 108 131 167
11 1548 198 116 68 93 108 131 69 105 147 11
57 3129 198 116 133 43 14 61 95 54 179 119 67 21 57
39 2533 198 116 133 43 14 61 95 164 39
158 1753 198 116 133 43 14 61 102 87 99 90 89 123 142 176 158
91 1779 198 116 68 93 108 131 91
81 424 198 116 81
171 1483 198 116 133 43 14 61 95 164 65 97 171
3 2003 198 116 68 3
149 3342 198 116 133 43 14 61 102 87 99 90 66 149
75 2527 198 116 133 43 14 61 102 87 99 90 66 75
139 3537 198 116 133 43 181 139
108 1973 198 116 68 93 108
68 535 198 116 68
69 1914 198 116 68 93 108 131 69
8 2485 198 116 133 43 14 61 102 87 99 90 89 123 142 176 158 8
118 1758 198 116 133 43 118
59 1228 198 116 133 43 14 61 102 87 99 120 59
0 1579 198 116 133 43 14 61 102 87 99 90 40 36 0
131 1912 198 116 68 93 108 131
56 1922 198 116 133 43 174 56
94 3886 198 116 133 43 14 61 102 87 99 90 40 94
87 777 198 116 133 43 14 61 102 87
85 2761 198 116 68 93 108 131 69 105 147 188 85
5 2096 198 116 133 43 174 5
38 2252 198 116 68 93 108 131 38
187 1863 198 116 133 43 14 61 102 87 99 50 187
169 1673 198 116 81 111 169
15 2219 198 116 133 43 14 15
78 1312 198 116 133 43 14 61 102 87 99 90 18 78
45 2930 198 116 79 128 45
172 2930 198 116 133 43 14 61 102 87 99 90 172
77 1864 198 116 133 43 14 61 102 87 99 90 89 123 110 104 77
17 2320 198 116 133 43 14 61 95 164 65 97 17
7 2850 198 116 133 43 14 61 102 87 99 90 18 144 83 7
106 2716 198 116 68 3 106
173 3680 198 116 133 43 14 61 95 164 65 97 28 20 130 173
58 1869 198 116 133 12 42 58
161 1852 198 116 133 43 14 61 102 87 99 22 161
127 2127 198 116 133 43 118 127
156 2008 198 116 133 43 118 127 156
132 2730 198 116 133 43 14 61 102 87 99 90 89 182 132
155 3182 198 116 133 43 118 127 156 88 155
165 2081 198 116 133 43 14 61 95 164 65 192 165
52 1970 198 116 133 43 14 61 102 87 99 90 18 178 126 52
183 3589 198 116 79 128 45 183
90 970 198 116 133 43 14 61 102 87 99 90
98 1282 198 116 68 98
197 1777 198 116 133 43 14 61 102 87 99 63 197
83 905 198 116 133 43 14 61 102 87 99 90 18 144 83
144 1034 198 116 133 43 14 61 102 87 99 90 18 144
24 2738 198 116 133 43 174 47 157 33 24
96 3310 198 116 133 43 14 61 102 87 99 90 18 144 46 62 48 96
120 741 198 116 133 43 14 61 102 87 99 120
88 2864 198 116 133 43 118 127 156 88
175 1192 198 116 133 43 14 61 95 164 65 97 175
190 2067 198 116 133 43 14 61 95 54 154 6 190
178 1049 198 116 133 43 14 61 102 87 99 90 18 178
72 3003 198 116 68 93 108 131 69 105 147 188 85 72
193 2100 198 116 133 43 14 61 71 193
195 3185 198 116 133 43 14 61 102 87 99 120 152 195
189 2892 198 116 133 43 174 5 189
103 3840 198 116 68 93 108 131 38 143 103
82 2157 198 116 133 43 14 61 95 54 82
84 2517 198 116 133 43 14 61 102 87 99 90 89 123 142 49 84
18 1224 198 116 133 43 14 61 102 87 99 90 18
36 1298 198 116 133 43 14 61 102 87 99 90 40 36
117 1230 198 116 133 12 117
28 1854 198 116 133 43 14 61 95 164 65 97 28
9 2579 198 116 68 93 9
122 1864 198 116 133 43 14 61 102 87 99 90 18 144 83 122
119 1977 198 116 133 43 14 61 95 54 179 119
37 3589 198 116 68 93 108 131 91 34 37
129 2187 198 116 133 43 14 61 102 87 99 90 18 144 129
10 1428 198 116 133 12 42 51 4 10
141 2139 198 116 133 43 14 61 102 87 99 90 18 178 141
6 2015 198 116 133 43 14 61 95 54 154 6
136 3075 198 116 133 43 14 61 102 87 99 90 89 123 142 136
13 2184 198 116 133 43 14 61 102 87 99 90 89 13
191 3400 198 116 133 43 14 61 102 87 99 90 89 123 142 136 184 191
66 1043 198 116 133 43 14 61 102 87 99 90 66
86 1625 198 116 68 93 108 131 69 105 147 11 86
29 2354 198 116 133 12 42 51 4 10 29
93 859 198 116 68 93
110 1525 198 116 133 43 14 61 102 87 99 90 89 123 110
35 3136 198 116 133 43 14 61 95 54 154 6 190 35
114 2587 198 116 133 43 14 61 95 164 65 97 171 114
166 3975 198 116 133 43 14 61 102 87 99 90 89 123 142 176 158 166
33 2482 198 116 133 43 174 47 157 33
74 2301 198 116 133 43 14 61 95 164 65 97 28 20 74
61 508 198 116 133 43 14 61
128 1215 198 116 79 128
152 693 198 116 133 43 14 61 102 87 99 120 152
95 964 198 116 133 43 14 61 95
102 829 198 116 133 43 14 61 102
151 1765 198 116 133 43 14 61 102 87 99 120 151
168 915 198 116 133 43 14 61 95 164 168
176 1518 198 116 133 43 14 61 102 87 99 90 89 123 142 176
107 4098 198 116 133 43 14 61 102 87 99 90 18 178 107
100 1119 198 116 133 43 14 61 102 87 99 90 18 78 100
174 1855 198 116 133 43 174
185 2564 198 116 133 43 14 61 95 185
145 2805 198 116 133 43 14 61 95 54 154 6 73 145
125 2583 198 116 133 43 14 61 102 87 99 90 18 78 92 125
194 1171 198 116 79 128 194
157 2660 198 116 133 43 174 47 157
50 1120 198 116 133 43 14 61 102 87 99 50
51 1339 198 116 133 12 42 51
20 2299 198 116 133 43 14 61 95 164 65 97 28 20
30 2989 198 116 133 43 14 61 102 87 99 90 53 30
138 1664 198 116 133 43 14 61 102 87 99 90 40 138
101 1322 198 116 133 43 101
180 1811 198 116 68 3 180
44 2878 198 116 133 43 14 61 102 87 99 90 89 123 142 44
40 1032 198 116 133 43 14 61 102 87 99 90 40
137 2535 198 116 133 43 118 127 137
97 1356 198 116 133 43 14 61 95 164 65 97
199 2631 198 116 133 43 14 61 102 87 99 90 89 123 142 49 84 199
26 3020 198 116 133 43 14 61 102 87 99 90 89 123 110 104 26
179 1875 198 116 133 43 14 61 95 54 179
115 2149 198 116 115
47 2063 198 116 133 43 174 47
63 1065 198 116 133 43 14 61 102 87 99 63
133 338 198 116 133
53 2808 198 116 133 43 14 61 102 87 99 90 53
73 1862 198 116 133 43 14 61 95 54 154 6 73
140 1614 198 116 68 93 108 131 69 105 140
27 2733 198 116 133 12 42 27
154 1954 198 116 133 43 14 61 95 54 154
143 2844 198 116 68 93 108 131 38 143
16 1692 198 116 68 93 108 131 69 105 147 188 16
170 1662 198 116 133 43 14 61 102 87 99 50 170
43 181 198 116 133 43
134 2036 198 116 68 93 108 131 69 105 147 188 134
49 2005 198 116 133 43 14 61 102 87 99 90 89 123 142 49
64 2636 198 116 68 3 64
92 2102 198 116 133 43 14 61 102 87 99 90 18 78 92
99 711 198 116 133 43 14 61 102 87 99
162 2065 198 116 133 43 118 127 162
142 1397 198 116 133 43 14 61 102 87 99 90 89 123 142
80 3427 198 116 133 43 14 61 95 164 80
124 2303 198 116 133 43 14 61 102 87 99 120 152 70 124
12 552 198 116 133 12
89 1310 198 116 133 43 14 61 102 87 99 90 89
