67 0 67
0 3747 67 183 27 151 179 0
1 3117 67 194 76 128 1
2 2529 67 68 5 63 2
3 2134 67 68 5 150 3
4 3722 67 183 27 151 140 62 4
5 1206 67 68 5
6 4735 67 68 5 63 167 15 6
7 4691 67 183 27 162 115 95 7
8 4011 67 183 27 151 179 196 8
9 3768 67 89 195 9
10 3188 67 25 10
11 2552 67 25 122 11
12 3054 67 25 116 192 154 12
13 5720 67 25 146 103 13
14 4191 67 68 18 14
15 3865 67 68 5 63 167 15
16 2216 67 16
17 4087 67 183 27 19 40 17
18 2113 67 68 18
19 1972 67 183 27 19
20 2886 67 194 76 128 32 113 20
21 5827 67 68 5 150 3 21
22 5854 67 68 5 63 167 30 186 22
23 4040 67 194 189 23
24 2693 67 194 76 128 24
25 590 67 25
26 3986 67 194 76 26
27 955 67 183 27
28 2345 67 16 46 28
29 2602 67 25 122 29
30 2509 67 68 5 63 167 30
31 3754 67 183 27 19 94 31
32 1534 67 194 76 128 32
33 4831 67 183 27 162 115 173 166 91 55 33
34 2569 67 25 116 34
35 1763 67 183 35
36 2363 67 68 36
37 3209 67 25 116 192 178 37
38 1862 67 194 76 128 38
39 3574 67 183 27 162 115 139 39
40 3602 67 183 27 19 40
41 3715 67 194 76 128 32 141 64 56 41
42 3983 67 68 5 42
43 3701 67 68 5 169 43
44 3977 67 194 76 143 44
45 1962 67 194 76 128 32 45
46 2255 67 16 46
47 1053 67 183 47
48 3948 67 68 5 63 167 30 127 80 114 48
49 3734 67 183 47 82 49
50 2567 67 183 47 50
51 3448 67 183 47 82 81 120 51
52 4624 67 183 47 96 52
53 2380 67 68 53
54 3990 67 68 5 150 148 77 54
55 3909 67 183 27 162 115 173 166 91 55
56 3297 67 194 76 128 32 141 64 56
57 4133 67 183 27 151 179 196 57
58 4746 67 183 47 190 124 58
59 3752 67 194 59
60 3012 67 89 195 60
61 4926 67 183 27 162 115 73 132 61
62 3437 67 183 27 151 140 62
63 2131 67 68 5 63
64 2675 67 194 76 128 32 141 64
65 3231 67 68 5 63 167 65
66 4780 67 183 27 162 66
68 490 67 68
69 3899 67 194 76 128 32 69
70 4045 67 194 76 128 32 141 86 70
71 4861 67 68 5 74 121 71
72 4222 67 89 195 72
73 2170 67 183 27 162 115 73
74 2437 67 68 5 74
75 3315 67 183 47 75
76 1095 67 194 76
77 3626 67 68 5 150 148 77
78 4174 67 183 35 170 137 164 78
79 2881 67 183 35 79
80 2931 67 68 5 63 167 30 127 80
81 2664 67 183 47 82 81
82 1638 67 183 47 82
83 2382 67 194 76 143 83
84 2886 67 183 35 84
85 3401 67 183 35 85
86 2106 67 194 76 128 32 141 86
87 5100 67 194 165 87
88 3784 67 183 27 162 115 139 88
89 2272 67 89
90 4513 67 183 47 50 126 90
91 2971 67 183 27 162 115 173 166 91
92 3979 67 183 27 19 94 92
93 2821 67 93
94 3524 67 183 27 19 94
95 4240 67 183 27 162 115 95
96 2908 67 183 47 96
97 3056 67 68 5 63 97
98 4305 67 194 76 128 32 141 64 98
99 3869 67 99
100 3336 67 68 5 74 100
101 2856 67 183 187 101
102 6908 67 194 165 87 102
103 3546 67 25 146 103
104 3003 67 194 76 128 104
105 4243 67 89 195 105
106 4324 67 183 35 106
107 4083 67 68 5 63 167 30 107
108 2133 67 68 5 108
109 3687 67 194 165 109
110 3235 67 183 187 101 110
111 4742 67 68 125 147 197 111
112 2854 67 183 27 162 115 139 112
113 2005 67 194 76 128 32 113
114 3391 67 68 5 63 167 30 127 80 114
115 1737 67 183 27 162 115
116 695 67 25 116
117 3896 67 183 27 151 179 142 117
118 4414 67 194 76 128 32 45 118
119 4264 67 183 27 151 140 119
120 2990 67 183 47 82 81 120
121 3753 67 68 5 74 121
122 2418 67 25 122
123 3213 67 68 125 123
124 3906 67 183 47 190 124
125 2245 67 68 125
126 3356 67 183 47 50 126
127 2785 67 68 5 63 167 30 127
128 1274 67 194 76 128
129 3969 67 194 76 128 38 129
130 4441 67 183 27 19 94 31 130
131 4717 67 183 27 162 115 173 166 91 131
132 2638 67 183 27 162 115 73 132
133 2819 67 183 27 162 115 133
134 3560 67 68 5 63 2 161 134
135 1816 67 135
136 3560 67 89 136
137 2039 67 183 35 170 137
138 3050 67 16 46 28 138
139 2285 67 183 27 162 115 139
140 2320 67 183 27 151 140
141 2091 67 194 76 128 32 141
142 3827 67 183 27 151 179 142
143 1763 67 194 76 143
144 4073 67 183 27 162 115 173 144
145 3505 67 68 125 123 145
146 3375 67 25 146
147 3323 67 68 125 147
148 3458 67 68 5 150 148
149 3056 67 25 122 149
150 2037 67 68 5 150
151 1450 67 183 27 151
152 4535 67 183 27 151 179 196 8 152
153 4950 67 183 47 82 81 120 153
154 3000 67 25 116 192 154
155 3927 67 89 195 155
156 2613 67 16 46 156
157 2398 67 183 27 162 115 139 157
158 3167 67 68 5 63 167 30 186 158
159 3300 67 194 159
160 3519 67 68 5 63 167 30 186 160
161 3106 67 68 5 63 2 161
162 1190 67 183 27 162
163 5423 67 183 27 19 94 92 163
164 2960 67 183 35 170 137 164
165 3044 67 194 165
166 2858 67 183 27 162 115 173 166
167 2330 67 68 5 63 167
168 4004 67 183 35 85 168
169 3502 67 68 5 169
170 1931 67 183 35 170
171 4114 67 183 27 162 115 73 171
172 4347 67 194 189 23 172
173 2809 67 183 27 162 115 173
174 3569 67 183 47 75 174
175 3601 67 25 122 149 175
176 4775 67 194 76 128 32 141 64 56 176
177 3026 67 194 76 128 24 177
178 3156 67 25 116 192 178
179 1933 67 183 27 151 179
180 4124 67 89 195 155 180
181 4535 67 68 5 63 167 30 186 158 181
182 4521 67 194 76 128 32 141 182
183 910 67 183
184 4454 67 194 76 128 184
185 4319 67 194 76 128 185
186 3064 67 68 5 63 167 30 186
187 2764 67 183 187
188 4005 67 183 188
189 3951 67 194 189
190 2603 67 183 47 190
191 4188 67 25 116 34 191
192 1813 67 25 116 192
193 3288 67 183 47 82 193
194 849 67 194
195 2581 67 89 195
196 2955 67 183 27 151 179 196
197 3675 67 68 125 147 197
198 3286 67 183 27 162 115 173 166 198
199 2915 67 183 27 162 199
