24 0 24
153 4823 24 167 90 156 153
45 2774 24 45
21 4467 24 167 71 119 184 21
117 5477 24 163 117
91 5747 24 164 106 177 91
124 5591 24 164 183 54 116 78 124
99 3373 24 99
155 4504 24 164 183 54 172 155
195 5318 24 45 113 11 6 195
126 6329 24 164 114 126
131 5005 24 167 71 119 184 97 131
7 5233 24 167 63 7
101 4304 24 167 90 161 160 198 101
36 6001 24 164 183 54 172 151 36
37 4702 24 167 90 161 52 37
137 5608 24 99 74 137
98 4432 24 167 90 4 98
151 4784 24 164 183 54 172 151
152 4652 24 164 19 12 152
42 6292 24 167 90 156 171 157 42
60 5147 24 22 60
180 4259 24 167 71 180
57 5129 24 167 90 161 57
127 5317 24 45 113 11 135 127
79 4483 24 167 68 154 79
59 4816 24 167 71 59
9 5373 24 45 105 9
118 5412 24 167 90 156 153 118
44 4945 24 158 27 85 44
107 5277 24 45 105 107
2 4263 24 164 183 54 120 2
185 4085 24 158 185
12 4502 24 164 19 12
84 5397 24 167 72 115 84
71 1855 24 167 71
47 6653 24 167 23 47
68 4045 24 167 68
49 4612 24 22 49
139 4949 24 167 72 66 139
128 4820 24 164 183 54 128
32 4835 24 167 68 32
74 4291 24 99 74
13 5085 24 167 68 32 138 13
76 4540 24 45 113 11 76
148 5686 24 164 183 54 128 148
135 4596 24 45 113 11 135
20 4464 24 22 179 20
90 2714 24 167 90
171 5003 24 167 90 156 171
41 5714 24 41
161 3769 24 167 90 161
145 5609 24 167 90 4 145
48 6770 24 164 183 54 172 187 17 178 48
89 5490 24 167 71 94 182 149 89
165 4825 24 165
6 4584 24 45 113 11 6
173 4949 24 167 71 59 34 173
167 1738 24 167
73 4499 24 167 90 161 52 73
125 4579 24 164 19 14 125
158 3641 24 158
111 5495 24 167 71 94 55 80 111
129 5915 24 164 183 54 116 129
189 4504 24 22 179 189
34 4926 24 167 71 59 34
30 5842 24 158 27 30
179 4224 24 22 179
149 4256 24 167 71 94 182 149
0 4042 24 164 183 54 0
174 6239 24 167 90 161 160 174
58 5564 24 167 71 94 182 149 89 58
159 4747 24 164 183 159
121 5437 24 164 19 12 121
17 4851 24 164 183 54 172 187 17
100 5742 24 167 72 88 169 194 100
3 4925 24 167 72 88 3
38 5387 24 22 38
138 4847 24 167 68 32 138
14 4363 24 164 19 14
186 5655 24 45 113 11 135 134 166 186
8 4545 24 164 19 12 8
53 5243 24 167 90 4 104 53
191 5381 24 45 191
188 3794 24 167 71 188
140 4273 24 164 183 54 120 140
162 7046 24 165 162
22 3232 24 22
163 3111 24 163
97 4782 24 167 71 119 184 97
87 5490 24 167 72 66 51 87
55 4359 24 167 71 94 55
70 6503 24 22 179 70
190 6895 24 167 71 119 184 97 131 190
164 2466 24 164
77 6154 24 167 71 59 34 77
142 4683 24 167 71 94 142
29 4408 24 167 72 66 29
184 4264 24 167 71 119 184
136 5535 24 167 90 161 160 136
144 4715 24 167 68 144
182 3786 24 167 71 94 182
122 5446 24 22 38 122
83 5681 24 167 90 161 52 83
146 5154 24 167 71 59 34 173 146
105 3797 24 45 105
78 4379 24 164 183 54 116 78
67 3840 24 164 183 54 67
187 4682 24 164 183 54 172 187
95 5216 24 167 68 154 79 95
35 5851 24 167 35
15 6880 24 167 68 32 138 13 15
80 4875 24 167 71 94 55 80
196 5015 24 164 183 54 120 196
116 4152 24 164 183 54 116
156 4227 24 167 90 156
10 5319 24 164 183 54 128 10
19 2963 24 164 19
66 3267 24 167 72 66
69 6738 24 167 90 161 160 198 101 69
170 5603 24 99 74 1 170
86 3832 24 164 19 86
192 5196 24 167 71 119 184 97 192
108 5432 24 164 19 86 108
160 3873 24 167 90 161 160
147 5414 24 158 27 85 147
176 4972 24 99 74 1 176
25 7145 24 164 106 132 25
134 5216 24 45 113 11 135 134
23 4442 24 167 23
119 3632 24 167 71 119
193 6004 24 164 19 12 152 193
115 4566 24 167 72 115
65 5882 24 45 113 11 6 65
112 5487 24 167 71 188 112
16 5213 24 167 71 59 34 93 16
169 5308 24 167 72 88 169
63 4611 24 167 63
33 7929 24 167 90 156 171 157 123 33
61 4338 24 164 183 54 120 61
72 2029 24 167 72
114 2521 24 164 114
106 4274 24 164 106
102 5329 24 167 71 119 184 21 102
39 5523 24 167 68 39
198 4210 24 167 90 161 160 198
150 4899 24 167 90 161 52 37 150
143 5715 24 164 183 54 172 155 143
177 5501 24 164 106 177
103 5372 24 22 60 103
85 4658 24 158 27 85
154 4445 24 167 68 154
132 5148 24 164 106 132
94 3680 24 167 71 94
197 5000 24 167 71 94 142 197
133 5314 24 45 105 133
50 6354 24 167 90 156 153 50
113 3437 24 45 113
28 6548 24 164 19 12 152 28
168 5630 24 22 179 168
1 4403 24 99 74 1
175 5713 24 158 27 85 147 175
43 5667 24 167 68 32 43
93 5082 24 167 71 59 34 93
178 5707 24 164 183 54 172 187 17 178
109 5337 24 22 179 189 109
51 5089 24 167 72 66 51
183 3208 24 164 183
157 5182 24 167 90 156 171 157
52 4459 24 167 90 161 52
141 5456 24 167 71 59 34 173 141
31 5221 24 167 90 161 52 37 82 31
56 6070 24 167 90 156 56
123 5334 24 167 90 156 171 157 123
110 5337 24 167 72 110
172 3933 24 164 183 54 172
64 5761 24 167 72 64
104 4144 24 167 90 4 104
46 5444 24 45 105 9 46
166 5459 24 45 113 11 135 134 166
81 4465 24 45 113 11 81
54 3739 24 164 183 54
181 5225 24 164 183 54 67 181
26 4392 24 167 90 161 160 198 101 26
62 5691 24 167 71 119 184 97 62
88 4326 24 167 72 88
4 3535 24 167 90 4
18 5809 24 167 71 94 182 149 89 18
82 4767 24 167 90 161 52 37 82
130 7445 24 167 72 66 130
96 5189 24 167 71 59 34 96
27 3660 24 158 27
40 6164 24 45 113 11 6 195 40
75 5409 24 167 68 144 75
120 4087 24 164 183 54 120
11 3958 24 45 113 11
92 4507 24 167 68 92
194 5455 24 167 72 88 169 194
5 5008 24 22 179 189 5
199 6520 24 167 72 66 29 199
