25 0 25
16 20 25 27 6 14 9 16
8 2 25 8
20 41 25 27 6 20
3 397 25 27 6 14 9 16 3
24 16 25 27 6 14 17 24
14 46 25 27 6 14
5 45 25 27 6 14 5
9 28 25 27 6 14 9
17 20 25 27 6 14 17
29 179 25 29
12 248 25 27 6 14 17 15 12
11 104 25 27 6 14 17 15 11
28 179 25 2 28
27 -14 25 27
15 67 25 27 6 14 17 15
22 85 25 27 6 14 17 24 22
7 200 25 29 19 7
13 101 25 27 6 14 17 15 13
10 117 25 8 10
21 26 25 27 21
19 180 25 29 19
2 61 25 2
26 60 25 27 6 14 17 24 18 26
0 -17 25 27 0
4 81 25 27 6 14 17 24 18 26 4
18 31 25 27 6 14 17 24 18
23 261 25 27 6 14 17 23
6 43 25 27 6
1 337 25 27 6 14 17 15 12 1
