29 0 29
4 167 29 4
22 367 29 22
16 398 29 8 21 6 7 16
8 -28 29 8
13 370 29 4 13
28 342 29 22 28
25 278 29 4 25
17 618 29 8 21 10 15 17
24 414 29 4 24
18 247 29 4 18
27 741 29 8 21 6 7 16 19 27
3 847 29 8 21 6 3
11 643 29 22 11
6 370 29 8 21 6
1 393 29 4 13 1
10 359 29 8 21 10
21 178 29 8 21
19 385 29 8 21 6 7 16 19
12 336 29 8 12
9 448 29 4 24 9
20 514 29 8 21 6 7 16 19 20
14 459 29 8 21 6 7 14
5 521 29 22 28 5
0 634 29 8 12 0
26 651 29 4 18 26
2 615 29 8 21 6 7 16 19 2
15 407 29 8 21 10 15
7 405 29 8 21 6 7
23 740 29 8 12 23
