0 0 0
7 443 0 18 16 3 7
14 413 0 14
27 571 0 10 13 17 27
5 525 0 14 5
21 37 0 21
6 504 0 21 25 26 19 9 1 6
16 373 0 18 16
1 304 0 21 25 26 19 9 1
4 417 0 4
25 73 0 21 25
15 289 0 15
24 507 0 21 25 26 19 9 1 6 24
3 379 0 18 16 3
10 209 0 10
9 289 0 21 25 26 19 9
18 400 0 18
2 275 0 10 13 2
19 267 0 21 25 26 19
23 340 0 10 23
12 486 0 21 25 26 20 12
26 246 0 21 25 26
20 400 0 21 25 26 20
29 414 0 18 8 29
13 263 0 10 13
28 358 0 18 8 28
22 570 0 21 25 26 20 12 22
8 383 0 18 8
17 297 0 10 13 17
11 290 0 21 11
