25 0 25
6 399 25 22 6
1 456 25 28 29 1
28 222 25 28
20 307 25 20
16 162 25 15 0 16
15 84 25 15
3 212 25 15 0 3
26 312 25 15 0 3 27 26
22 352 25 22
0 135 25 15 0
12 217 25 15 0 12
10 275 25 15 10
24 315 25 15 0 9 2 24
19 341 25 28 29 19
18 366 25 15 0 18
17 283 25 15 0 17
9 234 25 15 0 9
14 329 25 15 0 17 14
7 415 25 22 7
23 373 25 15 0 3 23
2 277 25 15 0 9 2
13 537 25 15 0 9 2 13
8 494 25 28 29 19 8
27 228 25 15 0 3 27
11 399 25 20 11
5 435 25 20 11 5
29 292 25 28 29
21 304 25 28 21
4 399 25 20 4
