24 0 24
8 239 24 15 25 8
18 354 24 15 18
6 206 24 6
20 55 24 20
15 95 24 15
26 362 24 26
2 529 24 6 27 2
17 382 24 15 25 17
0 419 24 15 19 9 0
5 265 24 15 25 8 28 5
7 471 24 6 7
16 427 24 15 19 9 0 16
21 414 24 15 19 23 13 21
13 255 24 15 19 23 13
23 158 24 15 19 23
28 262 24 15 25 8 28
22 261 24 15 25 22
11 533 24 20 11
3 306 24 15 19 3
25 112 24 15 25
29 435 24 26 29
27 345 24 6 27
10 382 24 15 25 8 10
4 399 24 15 25 22 4
19 146 24 15 19
14 274 24 15 14
12 344 24 15 19 23 12
9 320 24 15 19 9
1 350 24 15 19 23 13 1
