18 0 18
0 371 18 21 17 7 0
1 423 18 21 23 24 1
2 377 18 21 23 24 20 2
3 268 18 21 23 24 8 3
4 53 18 21 23 4
5 156 18 21 5
6 482 18 21 23 24 20 9 6
7 221 18 21 17 7
8 260 18 21 23 24 8
9 355 18 21 23 24 20 9
10 355 18 21 23 10
11 311 18 21 23 24 11
12 233 18 21 23 4 25 12
13 219 18 21 23 4 25 12 13
14 348 18 21 28 14
15 210 18 21 28 15
16 253 18 21 28 15 16
17 250 18 21 17
19 337 18 21 23 4 19
20 359 18 21 23 24 20
21 95 18 21
22 264 18 21 5 22
23 67 18 21 23
24 189 18 21 23 24
25 216 18 21 23 4 25
26 375 18 21 23 24 20 26
27 208 18 21 5 27
28 186 18 21 28
29 269 18 21 23 24 8 29
