33 0 33
0 -44 33 21 16 49 47 18 0
1 216 33 21 16 49 1
2 289 33 21 16 41 26 10 2
3 82 33 21 16 49 47 18 3
4 336 33 21 16 49 47 37 4
5 538 33 21 16 41 31 5
6 422 33 21 16 49 1 6
7 47 33 21 16 49 47 18 3 40 23 25 43 7
8 397 33 21 16 49 47 20 8
9 568 33 21 16 49 47 37 9
10 -75 33 21 16 41 26 10
11 372 33 21 16 41 26 42 11
12 261 33 21 16 41 26 10 12
13 41 33 21 16 49 47 18 0 13
14 367 33 21 16 41 31 14
15 83 33 28 15
16 16 33 21 16
17 220 33 21 17
18 -28 33 21 16 49 47 18
19 64 33 28 15 19
20 248 33 21 16 49 47 20
21 43 33 21
22 -9 33 22
23 42 33 21 16 49 47 18 3 40 23
24 160 33 21 16 41 26 24
25 44 33 21 16 49 47 18 3 40 23 25
26 -27 33 21 16 41 26
27 584 33 21 16 49 47 37 27
28 -28 33 28
29 197 33 21 16 29
30 635 33 21 16 49 47 37 27 30
31 370 33 21 16 41 31
32 -29 33 21 16 49 47 18 0 32
34 -10 33 21 16 49 47 34
35 503 33 21 16 49 1 6 35
36 516 33 21 16 29 36
37 271 33 21 16 49 47 37
38 125 33 21 38
39 8 33 21 16 49 47 18 39
40 62 33 21 16 49 47 18 3 40
41 -26 33 21 16 41
42 412 33 21 16 41 26 42
43 34 33 21 16 49 47 18 3 40 23 25 43
44 545 33 21 16 49 47 37 44
45 -12 33 21 16 49 45
46 244 33 21 16 49 47 18 3 46
47 -18 33 21 16 49 47
48 721 33 21 38 48
49 27 33 21 16 49
