20 0 20
15 498 20 19 44 12 15
47 1106 20 27 43 45 11 29 1 47
43 349 20 27 43
2 860 20 19 44 12 15 21 25 33 2
11 627 20 27 43 45 11
38 1159 20 19 44 12 15 21 25 33 2 35 38
12 275 20 19 44 12
6 285 20 6
8 416 20 27 18 39 8
0 714 20 19 44 0
1 770 20 27 43 45 11 29 1
32 178 20 32
25 523 20 19 44 12 15 21 25
42 600 20 32 42
49 865 20 19 44 12 49
5 888 20 32 42 5
27 186 20 27
18 343 20 27 18
17 778 20 27 43 45 11 29 1 17
26 525 20 19 44 12 7 26
16 784 20 32 10 16
22 932 20 27 43 45 41 22
36 444 20 27 18 39 3 36
34 445 20 32 34
19 7 20 19
29 693 20 27 43 45 11 29
7 465 20 19 44 12 7
44 235 20 19 44
13 306 20 27 48 13
46 885 20 19 44 12 15 21 46
39 396 20 27 18 39
21 505 20 19 44 12 15 21
28 938 20 32 28
10 696 20 32 10
23 631 20 27 18 39 3 23
33 581 20 19 44 12 15 21 25 33
37 713 20 19 37
24 788 20 27 14 24
9 875 20 6 9
48 250 20 27 48
4 847 20 27 14 24 4
41 739 20 27 43 45 41
30 829 20 27 14 24 30
35 946 20 19 44 12 15 21 25 33 2 35
45 440 20 27 43 45
14 255 20 27 14
40 614 20 27 48 40
31 649 20 27 43 31
3 402 20 27 18 39 3
