29 0 29
11 236 29 11
21 594 29 19 3 45 46 37 36 21
1 203 29 19 1
22 210 29 19 3 22
16 468 29 11 43 0 16
34 454 29 11 43 34
38 548 29 19 3 13 38
43 460 29 11 43
36 355 29 19 3 45 46 37 36
27 298 29 19 3 45 46 37 36 48 27
40 574 29 11 26 18 40
31 569 29 19 3 13 41 31
19 -17 29 19
24 572 29 19 3 13 41 10 24
7 122 29 49 5 7
4 384 29 19 3 45 4
41 450 29 19 3 13 41
30 363 29 30
39 477 29 49 5 39
13 96 29 19 3 13
28 428 29 19 3 45 46 37 36 48 27 28
35 585 29 19 3 45 46 37 36 48 27 23 35
49 118 29 49
20 395 29 49 5 7 20
23 582 29 19 3 45 46 37 36 48 27 23
46 442 29 19 3 45 46
48 322 29 19 3 45 46 37 36 48
37 392 29 19 3 45 46 37
14 313 29 11 14
26 345 29 11 26
33 286 29 19 3 45 46 37 36 48 27 47 33
2 810 29 19 3 13 41 2
3 91 29 19 3
12 171 29 12
6 722 29 19 3 45 46 37 36 6
8 620 29 19 3 45 8
9 647 29 11 43 34 9
44 751 29 11 26 18 44
47 268 29 19 3 45 46 37 36 48 27 47
5 168 29 49 5
17 1210 29 19 3 13 41 17
42 440 29 19 3 22 42
15 647 29 19 3 45 46 37 36 48 27 47 15
0 495 29 11 43 0
45 194 29 19 3 45
10 454 29 19 3 13 41 10
25 599 29 19 3 45 4 25
32 590 29 12 32
18 344 29 11 26 18
