3 0 3
13 282 3 23 13
38 592 3 19 22 36 0 44 29 48 38
45 696 3 23 13 35 10 45
32 577 3 23 13 35 32
36 426 3 19 22 36
5 363 3 23 47 4 14 5
24 462 3 24
25 557 3 23 13 35 25
46 508 3 23 13 35 25 46
19 210 3 19
42 799 3 19 42
20 548 3 19 22 41 15 20
2 657 3 19 22 6 2
23 103 3 23
49 442 3 23 47 49
43 590 3 19 22 43
15 482 3 19 22 41 15
34 610 3 23 47 4 9 34
37 567 3 19 22 26 37
11 599 3 23 13 35 11
33 440 3 19 22 36 0 44 33
4 323 3 23 47 4
39 382 3 23 47 4 39
26 571 3 19 22 26
31 841 3 23 13 35 31
8 366 3 19 8
1 717 3 23 47 4 39 1
22 370 3 19 22
28 431 3 19 30 28
35 521 3 23 13 35
29 460 3 19 22 36 0 44 29
27 785 3 23 13 27
10 566 3 23 13 35 10
12 787 3 23 13 35 11 12
47 358 3 23 47
0 472 3 19 22 36 0
17 884 3 19 22 41 15 17
30 449 3 19 30
21 937 3 23 40 21
48 544 3 19 22 36 0 44 29 48
41 515 3 19 22 41
9 414 3 23 47 4 9
6 627 3 19 22 6
18 747 3 23 47 4 14 7 18
40 490 3 23 40
14 398 3 23 47 4 14
7 573 3 23 47 4 14 7
44 432 3 19 22 36 0 44
16 583 3 19 22 36 0 16
