25 0 25
32 898 25 49 32
41 273 25 37 13 41
42 472 25 42
45 664 25 44 45
19 1003 25 37 47 38 19
36 505 25 37 47 36
38 198 25 37 47 38
22 253 25 30 22
33 340 25 33
44 436 25 44
30 161 25 30
15 981 25 30 22 15
26 782 25 26
29 577 25 37 13 12 29
3 450 25 37 47 3
28 431 25 37 40 28
31 965 25 42 27 31
8 861 25 37 40 16 8
7 1123 25 37 13 12 23 18 7
49 641 25 49
11 321 25 11
21 391 25 11 17 21
24 515 25 24
20 503 25 20
12 401 25 37 13 12
40 224 25 37 40
43 873 25 11 17 21 34 43
27 692 25 42 27
37 111 25 37
1 442 25 11 17 1
47 173 25 37 47
35 816 25 44 45 35
16 428 25 37 40 16
14 682 25 37 13 4 14
0 1026 25 44 0
9 904 25 11 48 9
13 113 25 37 13
17 383 25 11 17
23 627 25 37 13 12 23
4 380 25 37 13 4
10 820 25 37 40 16 10
48 519 25 11 48
5 473 25 37 47 5
34 502 25 11 17 21 34
46 580 25 11 17 1 46
39 531 25 30 39
18 777 25 37 13 12 23 18
6 1403 25 37 13 41 6
2 809 25 33 2
