28 0 28
0 632 28 48 0
1 676 28 39 41 22 1
2 628 28 45 29 26 2
3 1223 28 39 24 49 33 25 5 3
4 986 28 39 24 49 33 4
5 1063 28 39 24 49 33 25 5
6 443 28 19 18 6
7 860 28 45 7
8 885 28 45 29 26 8
9 1303 28 19 9
10 953 28 45 29 12 10
11 369 28 11
12 782 28 45 29 12
13 425 28 39 40 13
14 476 28 48 14
15 590 28 39 41 15
16 647 28 39 24 16
17 866 28 45 7 17
18 245 28 19 18
19 50 28 19
20 665 28 39 24 49 33 25 20
21 778 28 39 41 22 21
22 636 28 39 41 22
23 566 28 37 23
24 439 28 39 24
25 569 28 39 24 49 33 25
26 509 28 45 29 26
27 702 28 19 18 6 27
29 478 28 45 29
30 722 28 48 0 30
31 1308 28 19 18 6 27 31
32 824 28 37 32
33 565 28 39 24 49 33
34 604 28 39 24 49 33 34
35 639 28 37 35
36 656 28 45 29 26 36
37 490 28 37
38 597 28 45 38
39 408 28 39
40 421 28 39 40
41 444 28 39 41
42 968 28 45 29 26 42
43 736 28 39 24 16 43
44 452 28 39 44
45 450 28 45
46 695 28 48 46
47 724 28 47
48 470 28 48
49 546 28 39 24 49
