30 0 30
18 812 30 43 13 49 34 18
17 785 30 6 39 4 48 22 16 17
43 51 30 43
15 931 30 15
2 673 30 2
27 958 30 6 39 4 27
6 64 30 6
38 618 30 43 0 38
13 139 30 43 13
32 268 30 43 32
33 613 30 43 13 49 34 12 44 33
0 554 30 43 0
37 881 30 6 39 4 48 22 3 37
39 250 30 6 39
40 517 30 6 39 4 40
12 552 30 43 13 49 34 12
3 722 30 6 39 4 48 22 3
46 216 30 6 46
20 932 30 43 13 20
44 558 30 43 13 49 34 12 44
48 542 30 6 39 4 48
29 708 30 6 39 29
49 321 30 43 13 49
19 1201 30 6 39 4 48 22 7 45 19
8 766 30 6 39 4 48 22 3 8
35 473 30 6 39 35
41 1074 30 6 39 4 48 22 3 8 41
45 1146 30 6 39 4 48 22 7 45
23 850 30 43 13 49 34 12 23
34 487 30 43 13 49 34
10 819 30 43 13 49 10
16 763 30 6 39 4 48 22 16
4 504 30 6 39 4
28 952 30 43 32 28
26 671 30 43 0 26
5 771 30 43 32 5
31 1292 30 43 0 26 31
47 861 30 43 32 47
14 1309 30 43 13 49 34 18 14
11 1267 30 6 39 4 27 11
24 1479 30 43 13 49 24
21 969 30 43 13 49 10 21
36 812 30 43 0 36
1 1238 30 6 39 4 48 22 7 45 19 1
42 712 30 6 39 4 40 42
9 950 30 6 39 29 9
22 602 30 6 39 4 48 22
25 1233 30 43 13 49 34 12 44 33 25
7 825 30 6 39 4 48 22 7
