0 0 0
43 192 0 21 43
42 148 0 21 4 42
14 509 0 14
9 333 0 24 7 48 13 38 9
28 524 0 28
27 220 0 21 4 42 41 1 27
31 234 0 31
11 607 0 21 43 26 33 11
45 479 0 28 45
32 384 0 24 7 48 13 38 32
18 289 0 24 7 48 36 18
30 321 0 30
24 241 0 24
21 142 0 21
40 442 0 40
12 1045 0 24 7 48 13 38 9 12
48 228 0 24 7 48
7 199 0 24 7
23 369 0 21 43 23
2 475 0 21 4 42 41 25 2
26 174 0 21 43 26
49 1191 0 24 7 48 36 18 10 49
4 156 0 21 4
34 1133 0 21 4 42 41 1 27 34
41 102 0 21 4 42 41
3 499 0 24 7 48 13 38 9 3
1 268 0 21 4 42 41 1
44 629 0 24 7 48 19 44
10 354 0 24 7 48 36 18 10
13 355 0 24 7 48 13
15 337 0 24 7 48 36 18 10 15
6 511 0 40 6
25 446 0 21 4 42 41 25
47 528 0 24 7 48 13 47
35 455 0 24 7 48 13 38 32 35
20 395 0 21 43 23 20
16 375 0 21 43 26 16
36 227 0 24 7 48 36
38 364 0 24 7 48 13 38
17 335 0 21 4 42 41 1 27 17
5 1030 0 21 4 42 41 1 27 17 5
29 380 0 21 43 26 29
37 727 0 24 37
39 880 0 21 4 39
19 442 0 24 7 48 19
22 844 0 21 43 26 29 22
8 511 0 21 4 42 41 25 8
33 397 0 21 43 26 33
46 841 0 21 4 42 41 1 46
