49 0 49
13 1426 49 13
34 461 49 4 35 63 56 34
65 607 49 65
26 998 49 4 30 26
15 241 49 4 68 32 15
16 574 49 65 54 16
33 936 49 4 29 27 41 1 33
14 971 49 4 30 10 61 14
10 522 49 4 30 10
24 970 49 65 54 43 24
67 582 49 4 68 32 15 67
53 1310 49 4 53
44 1107 49 44
22 777 49 4 68 22
69 772 49 4 69
27 392 49 4 29 27
43 736 49 65 54 43
9 1178 49 4 29 27 41 19 48 9
64 892 49 31 64
20 859 49 65 54 6 20
23 759 49 4 30 40 3 39 23
56 521 49 4 35 63 56
18 985 49 4 29 27 41 19 18
68 327 49 4 68
54 580 49 65 54
62 629 49 4 29 27 62
4 -12 49 4
29 459 49 4 29
11 783 49 4 68 32 15 67 2 46 60 11
6 816 49 65 54 6
5 691 49 4 68 32 15 67 2 50 5
31 695 49 31
61 611 49 4 30 10 61
59 575 49 4 30 10 59
60 834 49 4 68 32 15 67 2 46 60
28 652 49 25 28
66 1109 49 31 52 66
8 882 49 4 68 32 15 67 2 50 37 7 8
57 789 49 4 35 63 56 34 42 57
3 532 49 4 30 40 3
0 909 49 4 68 32 15 67 2 50 0
51 463 49 4 68 51
2 640 49 4 68 32 15 67 2
25 607 49 25
45 1061 49 4 29 27 62 45
17 1089 49 4 68 32 15 67 2 50 5 17
30 -20 49 4 30
48 547 49 4 29 27 41 19 48
52 1069 49 31 52
46 716 49 4 68 32 15 67 2 46
47 969 49 4 68 22 12 47
12 751 49 4 68 22 12
50 737 49 4 68 32 15 67 2 50
35 212 49 4 35
38 563 49 4 29 27 62 38
55 1115 49 4 35 55
58 1167 49 4 68 32 15 67 2 46 58
41 441 49 4 29 27 41
63 503 49 4 35 63
40 558 49 4 30 40
1 908 49 4 29 27 41 1
39 748 49 4 30 40 3 39
21 614 49 4 68 32 15 21
42 827 49 4 35 63 56 34 42
7 814 49 4 68 32 15 67 2 50 37 7
19 435 49 4 29 27 41 19
37 849 49 4 68 32 15 67 2 50 37
36 790 49 4 68 32 15 67 2 50 5 36
32 275 49 4 68 32
