36 0 36
64 948 36 15 9 14 42 69 59 64
51 752 36 61 1 57 51
57 685 36 61 1 57
37 1144 36 15 9 14 21 28 7 37
43 1217 36 15 9 14 42 69 43
31 740 36 15 9 14 42 31
34 1226 36 61 1 57 63 34
40 558 36 15 9 14 42 40
56 1006 36 15 9 14 21 48 29 56
54 846 36 15 9 14 42 40 54
28 676 36 15 9 14 21 28
25 885 36 15 9 14 21 28 7 25
65 964 36 61 1 24 68 65
46 953 36 6 22 46
39 1308 36 61 26 39
15 299 36 15
55 650 36 61 55
0 726 36 15 9 14 21 28 0
68 962 36 61 1 24 68
41 1414 36 61 55 52 41
4 951 36 15 9 14 42 69 59 64 4
9 478 36 15 9
23 1137 36 6 22 46 23
66 1498 36 15 9 14 21 48 29 3 66
63 768 36 61 1 57 63
44 436 36 61 44
32 736 36 15 9 14 21 32
17 1114 36 61 17
33 877 36 61 18 33
61 249 36 61
3 1137 36 15 9 14 21 48 29 3
60 1139 36 61 26 60
12 1165 36 15 9 14 21 48 29 56 12
50 980 36 61 1 50
26 448 36 61 26
24 805 36 61 1 24
67 1416 36 61 26 8 67
22 619 36 6 22
27 1578 36 15 9 30 27
16 957 36 61 26 8 16
19 1294 36 15 9 14 21 28 7 25 19
62 678 36 61 55 62
35 701 36 61 55 35
20 1200 36 15 9 14 21 48 29 3 20
38 877 36 15 9 14 21 32 38
45 823 36 15 9 14 42 31 45
10 861 36 15 9 14 21 10
14 536 36 15 9 14
29 671 36 15 9 14 21 48 29
6 512 36 6
18 319 36 61 18
47 851 36 6 22 47
21 537 36 15 9 14 21
30 694 36 15 9 30
7 874 36 15 9 14 21 28 7
48 654 36 15 9 14 21 48
52 1263 36 61 55 52
42 540 36 15 9 14 42
2 864 36 15 9 14 42 40 2
1 676 36 61 1
11 958 36 61 26 11
8 873 36 61 26 8
58 1262 36 61 1 24 58
53 1298 36 61 1 53
49 1047 36 61 55 35 49
5 759 36 61 44 5
13 968 36 61 55 35 13
59 928 36 15 9 14 42 69 59
69 788 36 15 9 14 42 69
