64 0 64
28 288 64 50 28
65 735 64 50 28 46 65
11 749 64 50 28 46 65 11
19 583 64 50 28 6 29 61 58 32 16 34 19
26 430 64 50 28 46 26
63 884 64 50 28 46 2 63
24 1572 64 50 28 17 24
42 789 64 18 55 42
55 530 64 18 55
32 647 64 50 28 6 29 61 58 32
18 415 64 18
37 727 64 50 28 56 37
48 1283 64 50 28 56 47 48
21 1046 64 50 28 6 29 61 58 32 16 21
60 870 64 50 28 6 29 61 60
2 809 64 50 28 46 2
50 318 64 50
31 611 64 50 28 56 37 20 31
36 868 64 50 28 6 29 61 58 32 36
1 742 64 50 28 46 26 10 12 1
66 1025 64 50 28 6 29 61 58 32 16 23 66
53 739 64 18 30 53
40 817 64 50 28 6 29 61 58 40
47 936 64 50 28 56 47
10 602 64 50 28 46 26 10
44 804 64 50 28 6 29 61 58 49 52 44
38 1121 64 50 28 46 65 11 0 15 38
0 828 64 50 28 46 65 11 0
27 664 64 50 28 56 37 20 31 27
56 675 64 50 28 56
29 525 64 50 28 6 29
39 828 64 18 39
7 1708 64 50 28 6 29 61 58 32 36 7
34 597 64 50 28 6 29 61 58 32 16 34
23 954 64 50 28 6 29 61 58 32 16 23
6 354 64 50 28 6
68 1110 64 50 28 56 37 20 31 27 68
13 988 64 50 28 6 29 61 60 13
17 331 64 50 28 17
9 571 64 50 28 46 26 9
8 722 64 50 28 6 8
25 798 64 50 28 46 65 11 25
15 863 64 50 28 46 65 11 0 15
4 1135 64 50 28 6 29 61 58 49 52 44 4
41 1058 64 50 28 6 29 61 58 32 16 34 19 41
46 449 64 50 28 46
49 690 64 50 28 6 29 61 58 49
35 947 64 18 30 35
43 812 64 50 28 6 29 61 58 32 16 43
20 658 64 50 28 56 37 20
51 930 64 50 28 46 26 10 12 51
12 716 64 50 28 46 26 10 12
45 822 64 50 28 17 45
16 600 64 50 28 6 29 61 58 32 16
3 757 64 50 28 56 37 20 31 27 3
58 562 64 50 28 6 29 61 58
30 695 64 18 30
52 624 64 50 28 6 29 61 58 49 52
22 819 64 50 28 56 37 20 22
5 1148 64 50 28 46 2 63 5
33 1172 64 50 28 6 29 61 58 32 16 34 19 33
57 1101 64 50 28 6 29 61 58 32 16 34 19 41 57
67 987 64 50 28 46 26 10 12 51 67
14 1213 64 50 28 6 8 14
69 1552 64 50 28 17 45 69
62 1243 64 50 28 6 29 61 58 49 52 44 4 62
59 854 64 50 28 46 26 10 12 1 59
54 975 64 50 28 6 29 61 58 32 16 43 54
61 460 64 50 28 6 29 61
