65 0 65
20 844 65 67 29 28 20
67 39 65 67
33 495 65 67 29 11 3 33
52 876 65 67 54 19 49 36 52
4 1113 65 67 29 21 4
53 871 65 67 29 17 53
35 1055 65 67 54 1 27 10 14 25 35
30 1296 65 67 29 21 30
28 367 65 67 29 28
56 1091 65 67 8 56
3 460 65 67 29 11 3
68 610 65 67 29 17 68
60 953 65 60
34 989 65 67 8 34
47 472 65 67 29 12 26 47
24 564 65 67 54 19 49 36 24
21 98 65 67 29 21
39 898 65 67 29 11 3 33 39
9 418 65 67 29 9
16 915 65 67 29 17 16
64 592 65 67 29 28 43 64
59 615 65 59
43 587 65 67 29 28 43
46 746 65 67 8 46
11 299 65 67 29 11
25 895 65 67 54 1 27 10 14 25
36 538 65 67 54 19 49 36
38 937 65 67 29 15 38
44 834 65 67 8 5 44
31 633 65 67 29 9 31
54 179 65 67 54
57 1414 65 67 8 5 57
12 445 65 67 29 12
42 634 65 67 54 19 49 42
23 920 65 67 54 1 58 23
49 335 65 67 54 19 49
27 487 65 67 54 1 27
51 614 65 67 29 11 51
55 1405 65 67 29 9 31 55
29 91 65 67 29
69 656 65 67 29 9 69
37 1258 65 67 29 17 68 37
63 1232 65 67 29 17 16 63
22 1217 65 67 29 11 3 22
7 502 65 67 54 19 49 7
17 398 65 67 29 17
0 938 65 67 29 12 26 0
48 855 65 67 54 48
61 717 65 67 29 21 61
8 213 65 67 8
41 1630 65 67 29 21 4 41
19 305 65 67 54 19
58 548 65 67 54 1 58
6 818 65 67 54 1 6
62 711 65 67 54 62
10 524 65 67 54 1 27 10
5 754 65 67 8 5
18 1048 65 67 29 17 40 18
40 843 65 67 29 17 40
45 1102 65 60 45
50 626 65 67 54 19 49 36 24 50
2 876 65 67 54 19 49 7 2
1 233 65 67 54 1
32 945 65 67 54 1 27 32
15 529 65 67 29 15
14 791 65 67 54 1 27 10 14
13 1003 65 67 29 11 3 33 39 13
66 768 65 59 66
26 447 65 67 29 12 26
