45 0 45
0 1044 45 6 10 0
1 963 45 64 21 15 1
2 541 45 2
3 1340 45 64 9 3
4 1189 45 2 40 69 4
5 1238 45 2 44 50 12 5
6 703 45 6
7 1874 45 64 9 3 7
8 1280 45 2 40 69 8
9 1202 45 64 9
10 902 45 6 10
11 1167 45 2 43 41 11
12 1111 45 2 44 50 12
13 1156 45 2 44 50 13
14 1057 45 2 40 69 35 14
15 883 45 64 21 15
16 975 45 2 40 69 35 16
17 954 45 2 43 62 23 17
18 1262 45 2 18
19 1084 45 2 40 42 60 67 19
20 1308 45 64 21 15 20
21 593 45 64 21
22 1173 45 2 22
23 639 45 2 43 62 23
24 1232 45 2 40 24
25 834 45 2 43 62 23 25
26 1254 45 2 44 50 12 26
27 799 45 2 27
28 1495 45 2 43 62 23 53 65 28
29 1151 45 2 27 29
30 1409 45 2 43 62 23 30
31 1075 45 2 40 69 35 31
32 1165 45 2 40 42 32
33 1057 45 6 10 0 33
34 983 45 34
35 930 45 2 40 69 35
36 1418 45 2 40 69 4 36
37 1660 45 2 43 41 11 37
38 1058 45 2 43 41 38
39 1565 45 2 40 42 60 67 19 39
40 609 45 2 40
41 899 45 2 43 41
42 928 45 2 40 42
43 609 45 2 43
44 824 45 2 44
46 1119 45 2 43 46
47 1476 45 2 40 69 35 47
48 1069 45 2 44 48
49 1253 45 2 43 62 23 25 49
50 847 45 2 44 50
51 1126 45 2 40 51
52 728 45 2 43 62 23 52
53 864 45 2 43 62 23 53
54 1357 45 2 43 62 23 17 54
55 910 45 55
56 1314 45 6 56
57 1003 45 64 57
58 1392 45 6 56 58
59 1498 45 2 43 62 23 25 49 59
60 1046 45 2 40 42 60
61 967 45 2 43 61
62 621 45 2 43 62
63 1074 45 2 43 41 38 63
64 322 45 64
65 960 45 2 43 62 23 53 65
66 1325 45 2 43 62 66
67 1065 45 2 40 42 60 67
68 1263 45 2 43 62 23 25 49 68
69 745 45 2 40 69
