20 0 20
0 799 20 62 65 10 0
1 515 20 3 12 13 1
2 618 20 62 59 2
3 366 20 3
4 1200 20 62 6 30 68 33 15 66 34 4
5 622 20 3 51 5
6 29 20 62 6
7 407 20 62 18 58 52 7
8 401 20 62 18 17 19 8
9 581 20 62 6 30 60 45 9
10 154 20 62 65 10
11 490 20 62 6 30 60 45 11
12 403 20 3 12
13 396 20 3 12 13
14 580 20 62 6 30 60 45 9 32 14
15 441 20 62 6 30 68 33 15
16 565 20 16
17 68 20 62 18 17
18 14 20 62 18
19 169 20 62 18 17 19
21 640 20 3 51 5 21
22 502 20 62 50 22
23 478 20 62 6 30 60 45 23
24 461 20 62 18 17 19 8 24
25 498 20 3 12 13 31 25
26 677 20 3 12 13 31 29 26
27 344 20 62 65 27
28 465 20 3 12 13 31 29 28
29 312 20 3 12 13 31 29
30 138 20 62 6 30
31 331 20 3 12 13 31
32 612 20 62 6 30 60 45 9 32
33 252 20 62 6 30 68 33
34 1194 20 62 6 30 68 33 15 66 34
35 363 20 62 35
36 496 20 62 6 30 60 45 11 36
37 710 20 62 6 30 68 33 15 37
38 81 20 38
39 667 20 62 18 17 19 8 39
40 827 20 3 51 5 40
41 551 20 38 67 41
42 567 20 38 67 42
43 684 20 62 18 58 52 43
44 189 20 62 18 17 44
45 489 20 62 6 30 60 45
46 395 20 3 12 46
47 585 20 62 6 30 60 45 9 32 47
48 612 20 62 18 48
49 998 20 3 12 13 31 25 49
50 375 20 62 50
51 421 20 3 51
52 203 20 62 18 58 52
53 852 20 62 6 56 53
54 582 20 3 51 5 54
55 532 20 62 6 30 60 45 11 36 55
56 558 20 62 6 56
57 1156 20 38 61 57
58 238 20 62 18 58
59 375 20 62 59
60 491 20 62 6 30 60
61 302 20 38 61
62 49 20 62
63 348 20 62 6 30 68 33 63
64 504 20 62 35 64
65 207 20 62 65
66 497 20 62 6 30 68 33 15 66
67 621 20 38 67
68 163 20 62 6 30 68
69 845 20 62 18 58 52 43 69
