33 0 33
32 657 33 32
66 214 33 34 66
58 930 33 34 45 12 58
3 360 33 63 9 68 3
63 163 33 63
28 1504 33 34 66 2 47 67 28
41 536 33 63 9 68 27 41
4 477 33 4
18 552 33 18
38 917 33 63 9 21 14 38
34 105 33 34
20 835 33 63 9 68 27 41 48 20
22 656 33 34 22
35 808 33 35
36 1119 33 63 9 21 36
42 651 33 42
16 3 33 16
54 764 33 63 9 10 54
61 841 33 63 9 10 7 61
48 665 33 63 9 68 27 41 48
11 1114 33 34 29 11
57 949 33 16 57
52 903 33 63 9 52
53 472 33 16 53
5 809 33 4 5
21 303 33 63 9 21
8 388 33 16 8
43 694 33 16 43
6 830 33 63 9 68 27 41 48 6
59 968 33 16 43 59
17 796 33 63 9 21 14 17
30 922 33 63 9 68 27 41 48 20 30
45 586 33 34 45
68 328 33 63 9 68
44 607 33 34 66 44
10 358 33 63 9 10
23 1325 33 63 9 15 23
29 661 33 34 29
27 383 33 63 9 68 27
9 213 33 63 9
1 399 33 63 9 10 1
46 1016 33 34 45 12 46
64 583 33 63 9 68 27 41 64
37 1483 33 34 22 37
2 588 33 34 66 2
60 662 33 4 60
50 840 33 34 66 19 25 50
47 593 33 34 66 2 47
62 885 33 34 45 62
24 862 33 42 39 24
67 655 33 34 66 2 47 67
65 1220 33 16 43 59 65
49 905 33 18 49
13 1041 33 34 66 19 25 13
55 1198 33 16 43 55
14 665 33 63 9 21 14
15 890 33 63 9 15
0 1118 33 32 0
56 1534 33 63 9 10 7 61 56
7 627 33 63 9 10 7
19 668 33 34 66 19
39 813 33 42 39
31 846 33 16 43 31
25 781 33 34 66 19 25
69 1331 33 63 9 21 14 17 69
40 978 33 16 57 40
26 722 33 63 9 68 27 41 64 26
51 720 33 16 43 51
12 827 33 34 45 12
