2 0 2
68 490 2 63 22 44 60 24 68
17 482 2 63 22 44 60 24 61 17
57 203 2 63 22 50 35 57
10 625 2 63 22 50 11 16 10
25 157 2 63 22 30 25
32 371 2 63 22 44 32
45 639 2 63 22 50 23 40 5 45
23 220 2 63 22 50 23
9 372 2 63 22 50 23 21 27 37 59 43 14 9
37 318 2 63 22 50 23 21 27 37
61 286 2 63 22 44 60 24 61
63 223 2 63
14 438 2 63 22 50 23 21 27 37 59 43 14
51 127 2 63 22 44 60 39 38 36 51
34 458 2 63 22 50 23 21 27 37 59 43 14 9 34
35 262 2 63 22 50 35
62 320 2 63 22 50 23 21 27 37 54 31 62
8 420 2 63 22 50 23 21 27 8
54 373 2 63 22 50 23 21 27 37 54
69 536 2 63 22 44 60 18 69
49 836 2 63 22 50 66 4 1 49
43 246 2 63 22 50 23 21 27 37 59 43
1 732 2 63 22 50 66 4 1
50 269 2 63 22 50
24 217 2 63 22 44 60 24
5 347 2 63 22 50 23 40 5
38 117 2 63 22 44 60 39 38
30 200 2 63 22 30
53 390 2 63 22 44 60 39 38 36 53
4 567 2 63 22 50 66 4
67 468 2 63 22 44 60 39 38 36 53 7 67
7 349 2 63 22 44 60 39 38 36 53 7
44 171 2 63 22 44
59 306 2 63 22 50 23 21 27 37 59
15 398 2 63 22 44 60 39 38 36 51 15
55 523 2 63 22 30 25 55
42 529 2 63 22 50 23 21 27 37 59 43 14 42
41 423 2 63 22 50 23 21 27 8 41
0 338 2 63 22 44 60 39 38 0
33 201 2 63 22 30 25 33
21 354 2 63 22 50 23 21
65 504 2 63 22 50 23 21 27 37 59 43 14 9 34 65
12 565 2 63 22 50 23 21 27 8 41 12
11 256 2 63 22 50 11
56 577 2 63 22 44 60 56
58 633 2 63 22 50 23 21 27 37 59 43 14 20 58
18 493 2 63 22 44 60 18
16 615 2 63 22 50 11 16
13 493 2 63 22 50 23 21 27 37 54 31 13
26 631 2 63 22 50 23 21 27 37 54 31 13 26
36 196 2 63 22 44 60 39 38 36
19 328 2 63 22 50 23 21 19
60 187 2 63 22 44 60
48 1115 2 63 22 50 23 21 27 37 54 31 62 48
20 496 2 63 22 50 23 21 27 37 59 43 14 20
46 287 2 63 22 50 23 21 27 37 59 46
40 398 2 63 22 50 23 40
22 214 2 63 22
3 654 2 63 22 50 35 3
6 616 2 63 22 6
29 475 2 63 22 50 23 29
39 176 2 63 22 44 60 39
28 447 2 63 22 44 60 39 38 28
52 586 2 63 22 44 60 39 38 0 52
64 685 2 63 22 50 23 21 27 37 54 31 13 26 64
66 412 2 63 22 50 66
31 350 2 63 22 50 23 21 27 37 54 31
27 375 2 63 22 50 23 21 27
47 629 2 63 22 50 23 21 27 8 47
