0 144 82
0 61 90
1 76 32
1 85 147
1 89 402
2 24 331
3 110 353
3 134 486
4 146 1414
5 16 279
6 61 111
6 30 337
7 146 129
7 121 369
8 56 119
8 66 163
8 136 258
9 114 121
9 28 304
9 84 334
9 127 445
9 102 525
9 105 573
10 131 565
11 86 187
11 33 234
11 90 327
11 46 404
12 74 392
12 137 479
13 18 55
13 134 387
14 111 132
15 82 44
16 21 245
17 132 11
17 92 53
17 58 91
17 124 311
19 88 392
20 117 550
21 143 117
21 69 243
22 28 91
22 72 167
23 147 5
23 141 157
23 47 194
24 50 23
25 81 369
26 135 11
27 58 251
28 138 688
29 37 344
31 114 133
32 57 310
32 145 508
33 123 9
33 134 256
34 99 189
35 139 200
36 77 324
37 114 53
38 108 634
39 137 299
40 117 152
40 149 181
41 141 130
41 57 161
42 60 90
43 125 82
43 53 251
43 106 400
44 123 355
45 97 221
46 89 306
46 83 467
47 84 162
48 126 123
48 58 160
49 119 40
49 55 195
49 117 269
50 94 75
51 93 20
51 146 25
52 122 403
54 98 234
54 143 269
54 133 849
55 122 267
57 101 44
58 118 38
58 148 78
59 62 119
60 141 126
60 74 355
60 78 666
62 148 251
63 109 209
64 126 89
65 105 508
66 144 82
66 72 117
67 75 135
68 115 328
70 113 45
70 143 90
71 134 85
72 113 75
73 120 51
73 140 404
75 114 59
75 80 353
77 81 91
79 80 346
81 103 426
81 96 659
82 116 27
83 94 96
84 115 190
84 112 474
86 121 52
86 97 259
86 142 332
86 108 867
87 138 229
88 124 264
91 137 276
95 138 468
99 135 80
99 119 272
100 110 667
103 116 372
103 135 398
104 130 208
104 114 267
107 138 459
109 135 131
111 113 344
113 142 33
119 139 512
120 127 258
122 131 246
123 126 342
125 128 353
128 147 108
129 147 245
130 135 182
