0 32 25
0 31 186
1 17 65
1 32 229
2 52 84
2 40 97
2 20 143
3 19 63
4 47 289
5 28 125
6 28 101
7 14 72
7 15 75
7 54 333
8 31 19
9 53 80
10 23 23
10 39 68
10 34 153
10 18 157
11 40 4
11 64 66
11 45 87
11 43 370
12 37 178
12 31 238
13 66 132
13 19 192
14 49 36
14 58 86
15 52 58
15 59 182
15 62 294
16 30 271
19 21 214
19 24 318
19 67 375
20 63 304
21 50 209
21 38 280
22 69 65
23 46 14
25 60 812
26 68 13
27 66 155
28 65 37
29 48 78
29 53 224
30 56 139
31 69 43
32 35 104
33 60 193
36 45 172
39 57 85
40 57 32
41 60 210
41 44 258
42 53 33
42 47 90
42 44 185
45 50 152
49 69 84
49 68 127
51 69 166
53 55 90
53 58 103
56 61 175
58 65 12
61 65 61
