0 60 17
0 9 138
1 46 39
1 26 132
1 42 161
2 21 238
3 45 61
3 37 114
4 9 199
5 41 162
6 8 9
6 41 50
7 9 134
8 23 146
9 36 29
9 42 117
10 22 115
10 66 146
11 48 21
11 19 178
11 55 191
12 23 177
13 50 166
14 44 316
15 59 153
16 69 142
16 64 156
17 23 8
17 57 32
17 40 46
17 61 73
17 31 133
18 51 142
20 66 104
20 59 118
21 27 71
21 23 166
22 69 170
22 53 172
24 35 10
24 52 35
24 36 79
24 62 142
25 65 380
27 65 18
27 48 31
28 67 145
28 63 182
29 68 159
30 62 281
32 36 183
33 43 171
34 37 121
37 61 99
38 54 5
38 58 68
39 43 41
41 44 246
42 43 40
43 53 55
43 68 84
45 51 5
47 54 330
49 65 122
50 66 377
51 54 28
53 67 13
54 56 37
58 62 85
