0 6 38
0 44 51
0 13 113
0 36 125
0 39 185
1 60 5
1 59 41
1 64 110
2 79 19
2 81 26
3 31 57
3 29 279
4 35 70
4 83 140
5 15 91
5 25 219
5 29 247
6 97 134
6 63 140
7 16 35
7 83 35
7 68 217
8 10 102
9 31 256
10 72 50
10 20 74
10 32 165
11 54 255
12 39 121
14 74 177
14 26 242
14 50 279
15 51 156
15 22 178
16 93 54
16 45 498
17 47 7
17 96 26
18 27 316
19 63 9
20 96 166
20 33 239
21 56 281
22 37 69
23 74 170
24 60 4
24 50 69
25 71 474
26 41 108
27 69 204
27 57 230
27 92 391
28 66 40
29 96 52
29 30 155
32 54 63
33 78 224
34 99 81
34 72 124
35 59 33
35 70 208
36 65 6
37 62 19
37 87 591
38 48 369
40 62 327
42 66 199
43 66 40
46 58 2
46 98 11
46 94 236
46 48 337
49 57 168
49 83 198
51 84 534
52 56 106
53 88 345
55 58 221
56 99 61
58 66 266
59 75 39
59 72 67
61 75 8
65 83 27
65 80 43
66 81 27
66 85 74
67 74 65
68 77 9
68 95 63
72 76 298
73 89 59
76 86 307
79 82 87
83 89 20
85 96 170
88 96 241
90 92 71
91 98 251
