0 164 9
0 162 343
0 12 390
1 30 115
2 111 18
2 75 242
2 181 270
3 169 23
3 69 71
4 124 81
4 47 87
4 73 160
4 198 235
4 161 470
5 25 354
5 142 446
5 14 831
6 49 480
7 15 49
8 171 136
9 95 253
9 51 315
9 92 381
10 72 275
10 180 554
11 123 191
13 120 247
15 163 181
15 49 309
15 143 388
15 23 617
16 119 624
17 168 132
18 134 481
18 148 932
19 181 241
19 32 569
20 38 229
20 196 291
21 137 282
22 134 325
22 81 350
24 82 127
24 37 1015
24 156 3064
25 47 396
25 53 525
26 30 155
26 141 229
26 175 320
27 160 94
27 188 245
27 172 452
28 51 22
28 151 118
28 41 535
29 64 147
29 103 189
29 131 293
30 129 243
31 191 54
31 47 220
32 185 301
33 190 397
34 124 332
35 96 577
36 108 278
36 132 333
36 117 385
37 130 912
38 92 480
39 158 353
40 122 87
40 92 143
42 60 934
43 93 22
43 100 50
44 168 126
44 183 496
45 106 52
45 79 137
45 47 266
46 83 247
46 67 326
46 100 341
48 179 201
49 52 122
50 58 417
50 89 511
50 104 605
51 145 6
51 176 180
51 73 257
51 107 278
51 133 347
52 98 198
54 76 404
54 199 891
55 136 171
55 102 209
55 83 338
56 161 141
57 124 654
58 140 175
59 68 354
59 179 399
60 141 374
61 152 149
62 129 70
63 105 36
63 119 89
63 90 510
65 109 339
66 115 379
66 73 448
68 128 39
68 187 362
70 121 467
70 170 687
71 109 5
71 135 138
74 175 363
75 131 292
76 92 105
76 96 289
77 152 431
78 124 15
78 190 305
80 116 520
82 185 92
83 121 101
83 111 230
83 112 481
84 86 226
84 115 401
85 134 126
85 168 313
87 147 96
87 166 288
88 176 233
89 90 175
91 150 215
91 160 670
92 165 63
94 189 48
97 175 857
99 134 87
99 125 307
101 106 101
103 174 251
104 195 530
105 188 19
106 139 340
107 169 12
107 141 74
110 143 75
111 151 286
112 138 381
113 179 171
114 120 244
115 192 512
116 153 389
116 155 401
116 123 555
118 180 128
118 119 163
120 168 418
120 162 444
121 146 348
125 143 327
126 173 55
127 128 325
127 171 850
132 160 670
134 155 522
135 144 73
137 152 170
137 157 180
139 152 223
144 165 246
144 189 635
147 186 240
147 154 565
149 178 1007
151 160 238
154 160 271
155 184 425
158 175 375
159 197 525
160 179 381
161 193 129
162 167 188
163 190 183
165 194 622
169 197 140
173 181 69
177 190 459
178 193 490
182 192 336
