0 5 4
0 81 51
0 4 80
1 2 8
1 53 122
1 91 134
1 21 166
2 56 103
3 32 44
3 16 208
4 40 55
4 72 103
4 64 148
4 63 232
4 26 360
5 15 44
6 44 66
6 21 69
6 43 479
7 36 82
7 90 127
8 40 281
9 36 155
10 68 4
10 19 238
11 86 99
11 34 225
12 66 130
12 62 214
13 57 97
13 41 189
14 81 220
15 47 110
15 24 187
15 54 196
16 99 408
17 50 23
17 39 150
18 62 144
19 56 28
19 30 254
20 73 119
20 38 160
22 35 47
22 85 225
23 60 291
24 29 585
25 89 33
27 93 244
28 74 296
30 94 60
31 38 107
31 45 388
31 79 414
33 82 205
34 38 16
35 74 3
37 73 75
37 52 1319
38 65 26
39 72 114
42 57 141
44 87 452
46 83 161
47 67 31
48 82 97
48 78 214
49 72 278
50 75 217
51 68 181
55 83 60
55 88 340
57 64 38
58 84 106
59 73 161
60 90 308
61 73 106
61 84 201
62 90 176
64 83 161
65 72 30
65 96 63
65 98 161
65 77 490
66 68 51
66 70 171
67 70 86
68 82 22
69 92 4
69 94 149
69 93 258
71 92 607
76 84 47
76 80 263
82 89 216
83 99 269
85 91 70
88 95 267
92 97 492
