0 33 18
0 44 48
1 34 361
2 64 32
2 48 81
3 60 20
3 69 49
4 46 3
4 48 43
4 14 201
5 37 42
5 39 54
5 48 73
5 65 74
5 10 342
6 58 176
7 47 79
7 44 139
8 32 22
9 43 156
11 57 2
11 31 19
11 65 136
12 46 87
12 15 144
13 69 24
13 57 27
13 52 149
15 40 92
16 35 14
16 66 73
16 26 208
17 63 64
17 54 222
18 43 131
19 30 24
20 59 23
20 35 50
21 25 35
21 48 49
22 63 25
22 23 162
24 61 19
26 38 12
27 33 64
27 59 72
28 64 117
29 60 53
30 63 42
31 56 25
32 65 42
32 61 156
32 42 251
34 62 61
34 56 123
36 63 14
36 64 63
36 67 433
36 45 444
39 50 420
41 65 155
43 68 141
46 51 37
49 55 12
53 68 67
55 58 31
55 60 63
59 69 12
68 69 59
