0 131 52
1 149 73
1 24 359
2 107 47
3 80 126
3 144 176
3 123 182
4 51 81
4 27 274
4 94 359
5 77 72
6 97 77
6 135 413
7 17 215
7 147 341
7 112 397
8 45 308
9 58 21
9 136 94
10 24 638
11 24 46
11 115 154
11 122 167
11 108 183
12 57 83
12 95 266
13 78 102
13 126 144
13 102 206
14 108 721
15 87 36
16 68 185
16 95 452
18 78 197
19 107 13
20 62 643
21 123 207
21 35 219
22 69 241
23 35 377
24 83 4
24 139 32
24 143 854
25 38 87
25 36 252
25 74 287
25 125 506
26 60 155
26 74 442
28 50 126
28 39 211
29 33 90
29 32 224
30 55 163
30 96 168
31 128 165
31 104 298
32 103 10
32 52 82
33 82 361
34 140 54
34 113 871
35 84 233
35 71 235
36 89 215
37 128 412
39 139 176
40 126 185
41 46 8
41 49 428
42 117 20
42 133 366
43 145 51
43 84 249
44 106 14
45 100 96
45 127 177
45 73 436
46 55 42
47 108 7
48 91 11
48 132 47
51 119 146
52 102 79
53 61 746
54 65 16
54 72 60
54 127 119
55 65 4
55 91 18
55 92 48
55 112 120
56 76 232
56 70 347
57 78 115
57 121 148
58 121 56
58 116 592
59 77 326
59 146 429
60 140 246
61 91 184
62 83 161
63 85 223
64 132 223
65 102 173
65 120 202
66 107 354
67 120 299
69 121 33
69 138 276
70 110 343
72 99 109
74 142 904
75 87 204
77 123 173
79 108 164
79 128 440
81 107 523
84 114 53
85 101 70
85 148 81
86 96 135
87 132 350
88 121 95
89 93 335
90 111 351
92 118 147
97 121 498
98 132 275
101 106 224
103 144 174
103 119 203
103 124 804
105 133 253
107 134 219
108 132 346
109 115 226
110 130 380
111 149 97
115 129 457
118 133 281
122 140 206
127 148 195
128 141 697
130 133 227
131 132 246
133 134 278
137 148 134
