0 48 126
0 1 155
2 25 230
3 11 522
4 56 99
4 63 201
4 35 369
5 61 10
5 38 113
5 81 236
6 34 244
7 69 115
7 62 249
8 98 28
8 93 111
9 66 151
10 18 100
10 89 403
11 45 177
11 90 349
12 52 64
13 33 194
14 49 57
14 66 101
15 47 287
16 48 169
16 38 183
16 80 196
17 28 8
19 72 47
19 34 73
20 75 137
20 58 278
21 36 260
22 55 176
23 77 141
23 70 256
24 48 587
25 49 14
25 38 36
26 30 71
26 82 254
26 60 355
27 54 310
28 50 109
28 76 256
29 66 342
30 48 129
30 97 235
31 78 541
32 72 126
33 79 18
34 75 57
36 75 272
37 71 5
37 39 31
37 45 152
38 52 267
39 86 67
39 88 191
40 60 319
41 71 18
41 68 238
42 53 228
43 74 141
44 70 194
46 63 25
46 77 94
46 78 131
47 93 3
47 73 278
49 93 73
49 84 127
49 92 306
50 93 142
51 89 71
53 56 143
54 58 398
55 84 341
56 57 191
57 67 382
57 94 984
59 89 17
61 89 118
63 72 113
64 76 51
65 99 22
68 95 138
69 79 1
71 74 43
73 96 229
77 89 59
77 79 149
83 95 81
85 87 107
85 99 112
85 91 308
86 89 46
91 97 62
