0 185 249
0 172 291
1 54 136
1 20 518
1 45 1381
2 89 310
2 147 341
3 63 161
3 160 193
4 17 225
4 13 556
5 137 262
5 109 551
6 178 1325
7 133 324
8 70 184
9 113 2730
10 47 557
10 193 875
11 191 6
11 70 429
11 163 1313
12 95 211
14 50 349
14 78 423
15 17 244
16 171 289
17 196 102
17 19 480
18 55 349
18 141 423
18 172 542
20 173 61
20 117 459
20 44 481
21 86 398
22 39 133
22 40 663
23 82 456
23 88 523
23 91 630
24 135 67
24 130 214
24 148 248
25 103 259
25 67 910
26 134 181
27 46 179
27 140 319
27 125 750
28 159 143
28 32 404
29 54 237
30 35 33
30 130 118
31 187 78
31 115 203
31 189 216
32 160 390
33 86 171
33 194 216
33 127 232
34 198 107
34 121 423
34 105 580
35 133 165
35 90 230
35 58 978
36 74 149
37 46 87
37 149 124
38 51 260
38 72 378
38 57 593
40 167 168
40 49 521
41 139 488
41 104 557
42 96 29
42 152 108
42 47 225
42 98 591
43 75 80
43 127 136
44 108 174
44 52 229
44 68 240
44 84 1045
46 91 43
46 152 80
48 122 16
48 97 22
48 118 807
48 162 821
49 120 597
50 66 212
51 69 42
51 101 129
51 176 619
51 154 654
52 136 117
52 59 136
53 69 78
53 99 116
53 142 181
56 138 285
57 157 637
59 164 38
60 86 248
60 145 308
60 139 461
61 114 203
61 116 570
62 86 24
64 150 474
64 76 605
65 199 605
66 190 118
66 115 193
66 83 442
69 81 34
70 107 383
71 132 419
73 150 690
74 130 307
74 181 460
74 184 544
75 197 385
76 191 246
77 179 560
79 167 72
79 133 285
80 181 682
85 156 60
85 134 293
85 171 439
87 112 90
87 121 311
88 129 952
89 191 196
89 146 243
90 170 49
92 101 328
93 195 208
94 162 8
94 119 1001
95 112 128
96 101 61
96 166 237
97 138 177
97 113 355
100 111 965
102 175 155
103 135 247
103 132 373
103 164 398
103 196 475
106 125 706
107 151 238
107 182 719
108 111 136
109 165 306
110 135 251
110 134 366
111 122 305
112 137 540
115 124 297
115 159 348
115 168 712
116 174 88
116 128 149
117 199 398
117 153 474
123 155 207
126 158 531
129 178 891
130 180 136
131 195 94
132 198 306
134 194 149
138 151 492
140 195 821
142 188 34
143 182 310
144 177 140
144 161 205
144 189 246
145 169 361
152 194 212
155 159 273
158 166 110
159 192 875
160 169 122
160 172 266
162 175 549
170 183 510
174 187 211
176 186 201
179 198 357
