0 76 273
1 18 45
1 34 251
2 89 350
3 113 13
3 43 74
3 81 88
4 101 36
4 15 379
5 139 100
5 123 167
5 57 353
6 65 53
6 9 603
7 147 45
7 99 287
7 34 388
8 92 83
8 27 272
10 69 66
11 67 123
11 66 267
12 78 481
13 137 209
14 51 403
15 39 23
16 132 3
16 24 278
16 121 316
16 19 619
17 52 45
17 119 104
18 116 1153
20 129 216
21 71 365
21 60 649
22 65 257
23 33 89
23 42 190
25 135 360
26 101 772
27 71 156
27 77 213
28 56 346
28 71 427
29 70 233
29 98 288
29 30 614
31 68 153
31 90 307
32 93 195
33 132 342
34 131 390
35 92 322
36 147 127
36 134 311
36 49 318
36 125 896
37 107 1
37 38 343
39 105 185
39 82 264
40 81 81
40 106 110
41 54 223
41 119 238
43 87 177
44 119 204
44 53 233
45 70 60
46 139 403
46 97 613
47 140 78
48 124 119
48 109 153
49 108 121
49 84 131
49 110 370
50 131 194
51 77 13
53 57 291
53 75 479
53 73 543
54 118 304
55 58 212
55 91 354
56 65 340
58 95 112
58 87 335
59 91 394
61 93 451
62 88 76
62 148 668
63 114 335
63 86 435
64 126 256
65 122 339
67 121 180
68 95 208
68 103 352
69 127 147
70 132 93
72 111 97
72 145 708
74 140 371
76 132 212
78 82 53
79 120 32
79 134 495
80 144 262
81 133 7
81 124 86
81 100 100
81 119 181
81 137 387
82 95 39
83 129 127
84 107 429
85 92 239
88 138 324
88 143 331
88 102 675
89 130 127
93 141 263
93 126 426
94 128 368
95 142 140
95 117 312
95 114 649
96 120 917
104 129 352
105 111 29
108 135 160
109 122 12
110 136 45
112 142 521
113 121 169
115 128 252
115 139 300
122 126 390
122 149 425
127 128 232
129 136 398
130 140 324
133 143 135
135 139 246
135 140 341
139 146 659
141 144 170
