0 111 305
0 2 453
1 142 804
3 8 177
3 148 390
4 105 213
4 112 239
5 141 69
5 116 165
6 91 598
7 57 60
8 34 364
9 86 357
10 111 9
10 106 49
10 83 454
10 80 473
11 61 263
11 105 312
12 24 140
12 107 487
12 102 517
13 140 160
13 45 302
14 116 249
14 101 372
14 110 649
15 142 163
16 92 189
16 84 264
17 51 665
18 89 262
18 114 331
19 144 578
20 87 16
20 46 57
20 21 115
21 139 80
21 99 489
22 122 248
23 139 242
24 77 98
24 28 301
25 100 29
25 74 204
25 111 309
26 147 755
27 112 404
28 140 27
29 94 174
29 112 208
29 55 213
29 91 428
30 39 617
31 70 203
31 120 216
31 47 221
31 34 268
32 57 25
32 40 31
32 39 238
33 118 197
33 82 200
33 119 235
35 56 397
36 79 293
37 126 268
38 71 339
40 145 286
41 120 222
42 79 272
42 128 298
43 123 1
43 93 130
43 145 231
43 104 647
44 60 456
45 85 227
45 130 287
46 81 75
47 140 66
47 82 69
47 63 198
47 121 233
48 135 109
49 53 271
50 84 422
51 106 140
51 132 140
51 58 220
51 112 240
51 136 359
52 115 659
53 118 252
54 56 242
56 112 32
56 134 190
57 122 213
59 69 31
59 113 62
60 113 337
60 126 347
62 66 51
62 139 263
63 142 345
63 64 419
65 79 55
65 96 479
66 138 88
66 111 91
66 137 276
66 109 810
67 120 197
67 88 1049
68 120 169
68 146 192
69 81 284
70 97 225
71 121 27
72 101 129
72 115 429
73 99 431
74 117 776
75 89 18
76 98 6
78 96 1195
81 128 222
86 137 425
89 98 153
90 111 34
92 141 214
95 105 14
95 131 330
101 143 526
103 147 52
103 114 129
105 124 287
108 146 1465
113 135 71
114 133 434
116 145 32
116 146 350
118 125 202
118 129 260
119 147 174
121 144 36
122 139 153
127 141 334
131 149 633
