0 16 5
1 34 413
2 17 240
3 17 35
3 62 102
3 90 133
4 94 14
4 47 216
5 37 11
5 46 23
5 60 248
6 83 295
7 95 772
8 81 77
8 53 156
9 34 43
10 11 583
11 49 88
11 17 250
12 57 16
12 56 22
12 63 181
13 37 140
14 69 235
15 24 52
15 44 143
16 38 285
17 75 148
17 46 188
17 48 213
18 82 120
18 35 216
18 99 221
19 27 143
20 38 1
20 34 39
21 89 163
22 33 180
23 53 489
25 81 116
26 32 363
27 75 110
27 51 118
27 31 132
28 80 122
28 32 274
28 30 463
29 97 25
29 44 137
29 43 242
31 52 150
31 93 291
31 83 316
32 43 193
33 86 209
33 39 249
35 63 108
35 58 147
36 84 122
37 44 79
38 42 59
40 84 151
40 96 410
41 45 97
41 78 171
41 53 177
42 61 186
44 61 117
44 56 118
45 89 130
46 95 12
48 73 219
49 55 38
50 82 365
53 68 176
54 76 98
54 65 112
55 72 99
55 87 216
56 71 201
57 77 146
59 95 120
64 69 133
65 84 33
66 95 128
66 69 284
67 76 227
67 70 287
68 94 24
74 98 115
74 79 1008
75 88 201
76 91 407
77 92 55
77 98 165
82 85 15
84 89 146
86 89 43
88 89 14
