0 5 111
0 13 113
1 55 19
1 25 127
1 57 205
2 53 42
3 54 82
4 44 132
5 43 33
5 27 61
6 33 34
6 50 235
7 54 40
7 61 253
8 62 258
8 36 277
9 25 26
9 30 118
9 53 143
10 53 213
11 14 6
11 42 46
11 36 51
12 13 29
12 24 169
14 66 1
14 68 314
15 69 41
15 61 211
16 69 148
17 48 38
18 47 38
18 63 143
19 51 75
20 67 125
21 27 52
22 47 11
22 51 43
23 64 330
24 32 473
26 27 17
26 36 40
27 48 8
28 31 135
29 36 219
29 34 255
31 35 31
33 45 61
35 58 41
35 44 92
36 69 144
37 63 144
38 65 31
38 46 188
39 43 30
39 59 80
40 47 24
41 64 134
43 58 66
44 47 91
47 60 283
49 68 377
50 52 42
51 67 108
52 58 218
53 64 50
55 59 90
56 58 45
59 65 37
