0 6 301
1 17 112
1 59 167
1 103 175
2 111 38
2 110 199
3 150 111
3 69 267
3 81 1063
4 17 229
4 145 553
5 53 539
6 9 198
6 104 512
7 103 69
8 96 323
9 147 52
9 10 224
9 127 260
10 114 269
10 89 316
10 45 470
10 47 566
11 197 397
12 178 423
12 110 455
12 74 503
13 122 158
13 176 221
13 197 478
14 182 450
14 142 757
15 138 46
16 49 425
16 35 541
17 172 146
17 21 159
18 66 563
19 141 245
20 118 383
20 60 784
21 146 185
21 191 350
22 128 110
22 134 159
23 80 71
23 64 372
24 25 349
24 93 402
25 149 121
26 170 222
26 164 498
27 156 109
28 99 919
29 191 970
29 160 1073
30 181 79
30 159 210
31 170 379
32 141 272
32 62 316
33 157 178
33 107 222
33 148 227
33 52 587
34 120 19
34 85 238
34 156 347
35 108 194
36 96 376
37 45 487
38 137 399
39 120 61
39 123 104
39 90 114
39 196 249
40 191 938
41 145 602
42 136 77
42 186 315
42 43 396
43 139 423
44 170 337
46 139 1
46 122 329
48 68 328
49 134 408
50 156 128
51 177 246
51 184 288
52 185 406
53 111 47
53 158 354
54 173 487
55 65 500
56 152 11
56 187 303
57 111 587
58 180 18
60 87 387
61 146 336
61 126 386
61 83 910
62 65 22
63 187 827
64 153 509
64 192 775
65 90 290
66 198 41
67 128 491
67 109 1078
68 138 110
68 198 427
68 183 482
69 132 185
70 185 427
71 166 481
71 92 525
72 184 49
72 180 250
72 163 357
72 79 500
73 173 1153
75 181 618
76 163 1022
77 166 915
78 152 48
80 110 42
82 187 388
84 117 65
85 151 1075
86 128 1035
87 173 75
87 122 240
88 96 805
89 162 69
91 182 15
91 180 202
91 94 755
92 105 102
92 119 213
93 143 120
95 127 821
96 140 339
97 181 61
97 173 263
98 127 81
98 115 194
99 199 82
99 159 358
100 180 332
101 136 235
102 120 625
105 149 62
105 165 320
105 121 1513
106 164 17
106 193 218
107 165 367
108 175 106
108 131 360
110 130 54
110 184 62
110 113 149
111 176 138
112 122 380
112 133 410
113 162 99
114 126 73
114 116 528
115 179 169
117 157 577
123 135 1241
124 195 620
125 128 625
126 187 231
127 138 245
129 167 645
132 165 57
134 187 126
136 190 233
137 174 139
137 199 303
139 161 362
140 165 511
141 167 228
144 154 1081
154 187 1042
155 170 448
157 186 146
157 168 321
158 189 388
163 167 165
163 170 251
166 188 680
169 180 216
171 198 908
190 195 145
194 198 983
