0 43 338
1 193 523
2 28 82
2 100 313
2 42 397
2 15 582
3 70 118
4 47 30
4 31 404
4 91 404
5 33 50
5 48 129
5 83 304
6 20 236
6 70 374
7 161 80
7 124 249
8 191 876
9 74 218
10 182 113
10 47 272
10 62 395
11 65 64
11 190 273
11 146 277
11 68 458
12 51 19
12 24 52
12 162 1091
13 104 19
14 115 23
14 123 339
15 22 298
16 101 443
16 96 1058
17 51 975
18 27 465
19 91 271
20 27 396
21 189 230
22 79 534
23 65 248
23 99 346
24 178 263
24 42 426
25 60 452
25 111 577
26 46 590
28 45 840
29 196 34
30 73 88
32 163 85
33 132 20
33 131 147
34 143 412
34 127 418
35 87 161
35 46 280
35 144 385
36 38 376
37 50 35
37 52 505
37 67 810
38 186 103
38 110 174
38 114 203
38 53 379
38 89 388
39 110 47
39 85 79
39 142 96
40 159 25
40 115 175
41 87 256
41 93 564
42 192 441
43 44 30
43 106 118
46 158 364
46 173 472
48 52 137
49 190 1047
52 88 410
54 114 1193
55 174 317
56 100 225
57 155 347
58 164 504
58 81 1243
59 193 176
60 188 305
61 180 1197
63 97 114
63 177 279
63 152 921
64 109 333
64 80 515
66 80 613
69 128 192
70 144 200
71 179 718
72 136 129
72 187 150
73 95 1
73 130 64
74 155 252
74 147 270
75 118 158
75 137 206
75 170 548
75 171 582
76 166 207
76 84 231
77 131 663
78 85 215
79 133 642
80 121 94
80 156 278
80 188 384
82 130 194
82 169 350
83 189 181
83 138 245
83 139 283
84 184 172
84 124 417
86 159 297
86 149 480
87 100 294
87 119 414
90 184 581
91 197 190
92 131 36
92 112 1020
94 172 22
94 131 265
98 182 162
101 119 31
101 125 314
102 160 75
102 193 549
103 143 88
103 134 968
104 181 354
104 106 369
105 121 534
106 108 107
107 190 36
107 149 251
107 140 444
113 122 23
113 165 33
113 116 316
116 175 126
117 125 106
117 126 144
117 121 287
117 179 430
118 182 87
119 199 53
119 160 767
120 139 1042
121 151 219
122 195 283
125 189 251
127 174 260
127 153 572
128 145 46
128 190 159
129 149 17
130 142 106
135 168 325
135 141 452
136 188 290
136 161 750
137 181 126
138 180 768
142 191 43
142 168 73
142 181 319
143 198 2479
146 185 1495
147 183 344
147 153 354
148 173 22
149 191 75
150 165 62
150 154 375
156 181 105
157 195 469
163 181 330
164 188 119
165 168 48
167 190 827
172 196 189
172 194 522
174 192 312
176 195 957
177 190 318
